TimeStamp,FrameNumber,LHEAD.PosX,LHEAD.PosY,LHEAD.PosZ,THEAD.PosX,THEAD.PosY,THEAD.PosZ,RHEAD.PosX,RHEAD.PosY,RHEAD.PosZ,FHEAD.PosX,FHEAD.PosY,FHEAD.PosZ,C7.PosX,C7.PosY,C7.PosZ,T10.PosX,T10.PosY,T10.PosZ,SACR.PosX,SACR.PosY,SACR.PosZ,NAVE.PosX,NAVE.PosY,NAVE.PosZ,XYPH.PosX,XYPH.PosY,XYPH.PosZ,STRN.PosX,STRN.PosY,STRN.PosZ,BBAC.PosX,BBAC.PosY,BBAC.PosZ,LSHO.PosX,LSHO.PosY,LSHO.PosZ,LDELT.PosX,LDELT.PosY,LDELT.PosZ,LLEE.PosX,LLEE.PosY,LLEE.PosZ,LMEE.PosX,LMEE.PosY,LMEE.PosZ,LFRM.PosX,LFRM.PosY,LFRM.PosZ,LMW.PosX,LMW.PosY,LMW.PosZ,LLW.PosX,LLW.PosY,LLW.PosZ,LFIN.PosX,LFIN.PosY,LFIN.PosZ,RSHO.PosX,RSHO.PosY,RSHO.PosZ,RDELT.PosX,RDELT.PosY,RDELT.PosZ,RLEE.PosX,RLEE.PosY,RLEE.PosZ,RMEE.PosX,RMEE.PosY,RMEE.PosZ,RFRM.PosX,RFRM.PosY,RFRM.PosZ,RMW.PosX,RMW.PosY,RMW.PosZ,RLW.PosX,RLW.PosY,RLW.PosZ,RFIN.PosX,RFIN.PosY,RFIN.PosZ,LASIS.PosX,LASIS.PosY,LASIS.PosZ,RASIS.PosX,RASIS.PosY,RASIS.PosZ,LPSIS.PosX,LPSIS.PosY,LPSIS.PosZ,RPSIS.PosX,RPSIS.PosY,RPSIS.PosZ,LGTRO.PosX,LGTRO.PosY,LGTRO.PosZ,FLTHI.PosX,FLTHI.PosY,FLTHI.PosZ,LLEK.PosX,LLEK.PosY,LLEK.PosZ,LATI.PosX,LATI.PosY,LATI.PosZ,LLM.PosX,LLM.PosY,LLM.PosZ,LHEE.PosX,LHEE.PosY,LHEE.PosZ,LTOE.PosX,LTOE.PosY,LTOE.PosZ,LMT5.PosX,LMT5.PosY,LMT5.PosZ,RGTRO.PosX,RGTRO.PosY,RGTRO.PosZ,FRTHI.PosX,FRTHI.PosY,FRTHI.PosZ,RLEK.PosX,RLEK.PosY,RLEK.PosZ,RATI.PosX,RATI.PosY,RATI.PosZ,RLM.PosX,RLM.PosY,RLM.PosZ,RHEE.PosX,RHEE.PosY,RHEE.PosZ,RTOE.PosX,RTOE.PosY,RTOE.PosZ,RMT5.PosX,RMT5.PosY,RMT5.PosZ,FP1.CopX,FP1.CopY,FP1.CopZ,FP1.ForX,FP1.ForY,FP1.ForZ,FP1.MomX,FP1.MomY,FP1.MomZ,FP2.CopX,FP2.CopY,FP2.CopZ,FP2.ForX,FP2.ForY,FP2.ForZ,FP2.MomX,FP2.MomY,FP2.MomZ
0.00000,    1,-2.23269,1.79800,0.34134,-2.18679,1.88309,0.44227,-2.27631,1.79296,0.51599,-2.13226,1.81078,0.42335,-2.33246,1.63793,0.40939,-2.38496,1.28887,0.39015,-2.39604,1.09501,0.40363,-2.14172,1.13657,0.44779,-2.20019,1.38169,0.44185,-2.20582,1.54707,0.43033,-2.41698,1.52382,0.50043,-2.25390,1.61163,0.25116,-2.24525,1.53154,0.13109,-2.19040,1.38790,-0.01462,-2.18684,1.33214,0.03248,-2.09222,1.30728,-0.17047,-2.05143,1.26632,-0.23887,-2.00038,1.25451,-0.19095,-1.99557,1.23048,-0.28025,-2.32496,1.61910,0.56836,-2.36669,1.55352,0.68128,-2.39900,1.40926,0.83407,-2.36806,1.35384,0.78868,-2.38844,1.37323,0.93257,-2.37464,1.27745,1.08155,-2.30401,1.26598,1.05922,-2.33040,1.23682,1.14165,-2.16561,1.07827,0.31698,-2.21535,1.07731,0.56585,-2.38274,1.11194,0.35625,-2.39405,1.11813,0.45435,-2.24162,0.99893,0.24117,-2.24213,0.78387,0.24796,-2.26031,0.59019,0.27620,-2.32640,0.29360,0.24640,-2.35003,0.10812,0.26889,-2.42366,0.06417,0.31795,-2.14305,0.05811,0.36370,-2.22165,0.03413,0.25882,-2.31904,0.97680,0.61491,-2.31457,0.68202,0.60766,-2.32602,0.57333,0.59251,-2.41000,0.41940,0.61626,-2.42032,0.11301,0.58075,-2.46160,0.06345,0.51096,-2.18997,0.05913,0.58711,-2.29982,0.03285,0.65456,0.00000,0.00000,0.00000,0.00000,0.00000,0.00000,0.00000,0.00000,0.00000,0.00000,0.00000,0.00000,0.00000,0.00000,0.00000,0.00000,0.00000,0.00000
0.01000,    2,-2.23267,1.79802,0.34141,-2.18679,1.88309,0.44232,-2.27627,1.79295,0.51609,-2.13225,1.81077,0.42343,-2.33247,1.63797,0.40938,-2.38496,1.28887,0.39015,-2.39593,1.09499,0.40370,-2.14162,1.13656,0.44785,-2.20020,1.38171,0.44187,-2.20585,1.54710,0.43036,-2.41697,1.52381,0.50049,-2.25386,1.61164,0.25119,-2.24523,1.53156,0.13110,-2.19039,1.38791,-0.01455,-2.18682,1.33214,0.03254,-2.09222,1.30729,-0.17046,-2.05144,1.26632,-0.23885,-2.00038,1.25452,-0.19093,-1.99558,1.23049,-0.28023,-2.32493,1.61912,0.56837,-2.36670,1.55352,0.68132,-2.39905,1.40927,0.83401,-2.36807,1.35385,0.78873,-2.38849,1.37327,0.93254,-2.37463,1.27752,1.08163,-2.30403,1.26605,1.05926,-2.33044,1.23695,1.14171,-2.16558,1.07827,0.31697,-2.21533,1.07731,0.56583,-2.38274,1.11195,0.35630,-2.39400,1.11815,0.45434,-2.24162,0.99893,0.24117,-2.24213,0.78388,0.24798,-2.26031,0.59020,0.27622,-2.32644,0.29358,0.24642,-2.35003,0.10813,0.26892,-2.42366,0.06416,0.31796,-2.14307,0.05810,0.36369,-2.22164,0.03414,0.25883,-2.31903,0.97679,0.61492,-2.31454,0.68197,0.60761,-2.32602,0.57334,0.59252,-2.40999,0.41940,0.61627,-2.42031,0.11304,0.58075,-2.46157,0.06347,0.51097,-2.18997,0.05916,0.58711,-2.29982,0.03285,0.65457,0.00000,0.00000,0.00000,0.00000,0.00000,0.00000,0.00000,0.00000,0.00000,0.00000,0.00000,0.00000,0.00000,0.00000,0.00000,0.00000,0.00000,0.00000
0.02000,    3,-2.23268,1.79804,0.34149,-2.18678,1.88307,0.44241,-2.27624,1.79295,0.51613,-2.13220,1.81076,0.42353,-2.33245,1.63794,0.40943,-2.38494,1.28881,0.39019,-2.39600,1.09498,0.40378,-2.14153,1.13654,0.44792,-2.20019,1.38170,0.44190,-2.20584,1.54711,0.43040,-2.41697,1.52381,0.50049,-2.25384,1.61164,0.25122,-2.24523,1.53154,0.13116,-2.19039,1.38789,-0.01455,-2.18682,1.33217,0.03253,-2.09220,1.30728,-0.17044,-2.05146,1.26632,-0.23884,-2.00040,1.25452,-0.19091,-1.99559,1.23050,-0.28021,-2.32491,1.61912,0.56843,-2.36669,1.55353,0.68132,-2.39908,1.40929,0.83406,-2.36809,1.35387,0.78883,-2.38847,1.37333,0.93267,-2.37468,1.27758,1.08165,-2.30404,1.26611,1.05933,-2.33049,1.23707,1.14182,-2.16558,1.07828,0.31702,-2.21528,1.07731,0.56585,-2.38274,1.11192,0.35631,-2.39396,1.11815,0.45441,-2.24161,0.99891,0.24120,-2.24209,0.78389,0.24796,-2.26030,0.59018,0.27623,-2.32645,0.29356,0.24645,-2.35002,0.10814,0.26892,-2.42367,0.06413,0.31803,-2.14308,0.05809,0.36368,-2.22164,0.03413,0.25882,-2.31901,0.97676,0.61495,-2.31448,0.68199,0.60759,-2.32599,0.57332,0.59254,-2.40992,0.41943,0.61633,-2.42035,0.11301,0.58073,-2.46157,0.06345,0.51095,-2.18997,0.05915,0.58712,-2.29985,0.03284,0.65458,0.00000,0.00000,0.00000,0.00000,0.00000,0.00000,0.00000,0.00000,0.00000,0.00000,0.00000,0.00000,0.00000,0.00000,0.00000,0.00000,0.00000,0.00000
0.03000,    4,-2.23262,1.79803,0.34155,-2.18673,1.88305,0.44248,-2.27621,1.79292,0.51620,-2.13219,1.81076,0.42359,-2.33245,1.63794,0.40946,-2.38494,1.28882,0.39020,-2.39592,1.09498,0.40378,-2.14147,1.13650,0.44800,-2.20017,1.38171,0.44198,-2.20580,1.54710,0.43043,-2.41693,1.52377,0.50051,-2.25384,1.61161,0.25127,-2.24521,1.53155,0.13120,-2.19039,1.38789,-0.01455,-2.18676,1.33216,0.03258,-2.09221,1.30727,-0.17039,-2.05147,1.26628,-0.23879,-2.00037,1.25449,-0.19090,-1.99559,1.23047,-0.28020,-2.32495,1.61911,0.56842,-2.36667,1.55352,0.68138,-2.39905,1.40937,0.83412,-2.36809,1.35387,0.78889,-2.38852,1.37335,0.93263,-2.37470,1.27766,1.08173,-2.30406,1.26617,1.05939,-2.33055,1.23721,1.14190,-2.16557,1.07827,0.31703,-2.21526,1.07728,0.56589,-2.38273,1.11191,0.35636,-2.39395,1.11807,0.45450,-2.24160,0.99890,0.24122,-2.24213,0.78384,0.24798,-2.26028,0.59017,0.27627,-2.32642,0.29357,0.24646,-2.35000,0.10814,0.26890,-2.42364,0.06414,0.31800,-2.14306,0.05811,0.36374,-2.22165,0.03412,0.25883,-2.31897,0.97676,0.61498,-2.31440,0.68201,0.60765,-2.32600,0.57330,0.59256,-2.40992,0.41941,0.61634,-2.42031,0.11302,0.58074,-2.46157,0.06345,0.51097,-2.18998,0.05912,0.58713,-2.29984,0.03282,0.65459,0.00000,0.00000,0.00000,0.00000,0.00000,0.00000,0.00000,0.00000,0.00000,0.00000,0.00000,0.00000,0.00000,0.00000,0.00000,0.00000,0.00000,0.00000
0.04000,    5,-2.23254,1.79803,0.34158,-2.18673,1.88304,0.44255,-2.27624,1.79290,0.51625,-2.13218,1.81075,0.42371,-2.33244,1.63792,0.40949,-2.38494,1.28886,0.39020,-2.39590,1.09492,0.40378,-2.14138,1.13646,0.44805,-2.20015,1.38173,0.44201,-2.20579,1.54713,0.43046,-2.41693,1.52379,0.50058,-2.25381,1.61161,0.25127,-2.24517,1.53155,0.13120,-2.19035,1.38786,-0.01444,-2.18675,1.33213,0.03260,-2.09221,1.30726,-0.17038,-2.05147,1.26627,-0.23879,-2.00038,1.25448,-0.19091,-1.99559,1.23045,-0.28018,-2.32494,1.61912,0.56844,-2.36668,1.55354,0.68141,-2.39908,1.40932,0.83412,-2.36802,1.35389,0.78887,-2.38852,1.37338,0.93268,-2.37475,1.27771,1.08174,-2.30404,1.26625,1.05946,-2.33058,1.23727,1.14196,-2.16559,1.07829,0.31704,-2.21523,1.07727,0.56586,-2.38273,1.11188,0.35644,-2.39390,1.11809,0.45459,-2.24161,0.99891,0.24124,-2.24214,0.78388,0.24801,-2.26030,0.59017,0.27630,-2.32645,0.29356,0.24645,-2.35004,0.10813,0.26896,-2.42365,0.06416,0.31797,-2.14308,0.05811,0.36369,-2.22165,0.03414,0.25883,-2.31896,0.97672,0.61495,-2.31429,0.68203,0.60764,-2.32592,0.57330,0.59256,-2.40996,0.41939,0.61628,-2.42033,0.11300,0.58075,-2.46157,0.06345,0.51098,-2.18997,0.05915,0.58712,-2.29985,0.03287,0.65458,0.00000,0.00000,0.00000,0.00000,0.00000,0.00000,0.00000,0.00000,0.00000,0.00000,0.00000,0.00000,0.00000,0.00000,0.00000,0.00000,0.00000,0.00000
0.05000,    6,-2.23251,1.79805,0.34160,-2.18670,1.88303,0.44259,-2.27628,1.79288,0.51621,-2.13216,1.81073,0.42377,-2.33243,1.63794,0.40950,-2.38494,1.28881,0.39020,-2.39597,1.09492,0.40381,-2.14131,1.13641,0.44807,-2.20013,1.38175,0.44202,-2.20577,1.54717,0.43047,-2.41693,1.52378,0.50057,-2.25376,1.61162,0.25129,-2.24516,1.53155,0.13123,-2.19035,1.38786,-0.01444,-2.18670,1.33214,0.03266,-2.09220,1.30724,-0.17040,-2.05146,1.26627,-0.23878,-2.00040,1.25443,-0.19090,-1.99563,1.23039,-0.28015,-2.32493,1.61912,0.56845,-2.36667,1.55355,0.68142,-2.39908,1.40931,0.83414,-2.36801,1.35391,0.78892,-2.38851,1.37340,0.93270,-2.37481,1.27776,1.08178,-2.30406,1.26632,1.05950,-2.33060,1.23733,1.14198,-2.16552,1.07831,0.31705,-2.21520,1.07725,0.56588,-2.38272,1.11188,0.35646,-2.39390,1.11809,0.45459,-2.24161,0.99891,0.24126,-2.24213,0.78388,0.24799,-2.26025,0.59018,0.27627,-2.32640,0.29358,0.24643,-2.35003,0.10813,0.26892,-2.42365,0.06416,0.31799,-2.14308,0.05810,0.36368,-2.22165,0.03415,0.25882,-2.31892,0.97671,0.61498,-2.31427,0.68206,0.60762,-2.32596,0.57329,0.59256,-2.40990,0.41941,0.61631,-2.42035,0.11303,0.58071,-2.46159,0.06346,0.51097,-2.18996,0.05915,0.58712,-2.29982,0.03285,0.65457,0.00000,0.00000,0.00000,0.00000,0.00000,0.00000,0.00000,0.00000,0.00000,0.00000,0.00000,0.00000,0.00000,0.00000,0.00000,0.00000,0.00000,0.00000
0.06000,    7,-2.23246,1.79805,0.34164,-2.18668,1.88303,0.44263,-2.27627,1.79289,0.51623,-2.13216,1.81072,0.42385,-2.33241,1.63795,0.40954,-2.38492,1.28880,0.39027,-2.39587,1.09495,0.40396,-2.14121,1.13638,0.44811,-2.20009,1.38175,0.44205,-2.20576,1.54717,0.43048,-2.41693,1.52380,0.50063,-2.25374,1.61161,0.25132,-2.24513,1.53154,0.13123,-2.19033,1.38784,-0.01440,-2.18673,1.33213,0.03267,-2.09221,1.30721,-0.17035,-2.05147,1.26621,-0.23879,-2.00039,1.25438,-0.19087,-1.99563,1.23032,-0.28015,-2.32495,1.61913,0.56846,-2.36666,1.55358,0.68146,-2.39907,1.40938,0.83420,-2.36798,1.35392,0.78896,-2.38855,1.37340,0.93271,-2.37476,1.27782,1.08184,-2.30403,1.26634,1.05953,-2.33065,1.23734,1.14202,-2.16553,1.07828,0.31705,-2.21515,1.07725,0.56591,-2.38271,1.11187,0.35650,-2.39390,1.11808,0.45460,-2.24165,0.99890,0.24128,-2.24214,0.78388,0.24801,-2.26024,0.59017,0.27628,-2.32641,0.29357,0.24644,-2.35000,0.10814,0.26891,-2.42367,0.06413,0.31793,-2.14308,0.05809,0.36369,-2.22165,0.03413,0.25882,-2.31895,0.97668,0.61495,-2.31420,0.68208,0.60769,-2.32593,0.57329,0.59255,-2.40994,0.41937,0.61627,-2.42038,0.11298,0.58070,-2.46159,0.06344,0.51095,-2.18997,0.05914,0.58711,-2.29985,0.03284,0.65456,0.00000,0.00000,0.00000,0.00000,0.00000,0.00000,0.00000,0.00000,0.00000,0.00000,0.00000,0.00000,0.00000,0.00000,0.00000,0.00000,0.00000,0.00000
0.07000,    8,-2.23238,1.79805,0.34167,-2.18666,1.88301,0.44271,-2.27629,1.79285,0.51623,-2.13212,1.81070,0.42391,-2.33238,1.63793,0.40951,-2.38492,1.28880,0.39028,-2.39585,1.09494,0.40398,-2.14111,1.13634,0.44818,-2.20010,1.38176,0.44210,-2.20575,1.54718,0.43051,-2.41692,1.52380,0.50063,-2.25369,1.61162,0.25133,-2.24508,1.53155,0.13127,-2.19033,1.38784,-0.01441,-2.18667,1.33209,0.03266,-2.09219,1.30717,-0.17033,-2.05145,1.26617,-0.23875,-2.00038,1.25435,-0.19086,-1.99566,1.23025,-0.28010,-2.32493,1.61914,0.56846,-2.36670,1.55358,0.68143,-2.39907,1.40938,0.83422,-2.36794,1.35392,0.78901,-2.38851,1.37346,0.93276,-2.37475,1.27780,1.08185,-2.30401,1.26636,1.05954,-2.33060,1.23734,1.14205,-2.16551,1.07826,0.31707,-2.21514,1.07724,0.56591,-2.38270,1.11187,0.35651,-2.39389,1.11811,0.45476,-2.24165,0.99890,0.24133,-2.24215,0.78389,0.24804,-2.26024,0.59017,0.27630,-2.32639,0.29359,0.24641,-2.34998,0.10815,0.26890,-2.42363,0.06414,0.31797,-2.14307,0.05812,0.36368,-2.22164,0.03413,0.25880,-2.31898,0.97664,0.61493,-2.31419,0.68209,0.60770,-2.32597,0.57326,0.59254,-2.40995,0.41937,0.61627,-2.42033,0.11301,0.58072,-2.46160,0.06343,0.51096,-2.18997,0.05915,0.58709,-2.29985,0.03284,0.65454,0.00000,0.00000,0.00000,0.00000,0.00000,0.00000,0.00000,0.00000,0.00000,0.00000,0.00000,0.00000,0.00000,0.00000,0.00000,0.00000,0.00000,0.00000
0.08000,    9,-2.23236,1.79806,0.34170,-2.18662,1.88301,0.44271,-2.27626,1.79287,0.51625,-2.13207,1.81067,0.42395,-2.33239,1.63794,0.40949,-2.38490,1.28879,0.39033,-2.39586,1.09496,0.40397,-2.14102,1.13630,0.44818,-2.20007,1.38177,0.44212,-2.20573,1.54720,0.43056,-2.41693,1.52381,0.50062,-2.25366,1.61163,0.25133,-2.24504,1.53156,0.13128,-2.19029,1.38780,-0.01431,-2.18663,1.33210,0.03275,-2.09221,1.30712,-0.17029,-2.05145,1.26612,-0.23875,-2.00037,1.25433,-0.19084,-1.99567,1.23018,-0.28007,-2.32492,1.61914,0.56846,-2.36671,1.55359,0.68146,-2.39904,1.40943,0.83423,-2.36794,1.35397,0.78901,-2.38849,1.37348,0.93278,-2.37477,1.27779,1.08183,-2.30400,1.26637,1.05955,-2.33055,1.23736,1.14205,-2.16551,1.07826,0.31711,-2.21512,1.07724,0.56591,-2.38256,1.11186,0.35658,-2.39384,1.11807,0.45484,-2.24157,0.99893,0.24131,-2.24211,0.78389,0.24805,-2.26022,0.59017,0.27629,-2.32637,0.29360,0.24642,-2.35000,0.10816,0.26884,-2.42364,0.06415,0.31799,-2.14307,0.05810,0.36369,-2.22164,0.03414,0.25881,-2.31897,0.97664,0.61494,-2.31421,0.68207,0.60767,-2.32594,0.57326,0.59255,-2.40999,0.41937,0.61625,-2.42034,0.11298,0.58072,-2.46159,0.06344,0.51094,-2.18997,0.05915,0.58709,-2.29984,0.03284,0.65455,0.00000,0.00000,0.00000,0.00000,0.00000,0.00000,0.00000,0.00000,0.00000,0.00000,0.00000,0.00000,0.00000,0.00000,0.00000,0.00000,0.00000,0.00000
0.09000,   10,-2.23231,1.79807,0.34171,-2.18658,1.88300,0.44277,-2.27629,1.79285,0.51624,-2.13208,1.81065,0.42397,-2.33240,1.63794,0.40952,-2.38491,1.28884,0.39034,-2.39586,1.09495,0.40397,-2.14095,1.13631,0.44819,-2.20005,1.38179,0.44214,-2.20573,1.54722,0.43057,-2.41684,1.52383,0.50064,-2.25363,1.61164,0.25134,-2.24503,1.53155,0.13130,-2.19030,1.38779,-0.01430,-2.18657,1.33207,0.03277,-2.09221,1.30709,-0.17025,-2.05147,1.26608,-0.23872,-2.00036,1.25430,-0.19084,-1.99565,1.23013,-0.28005,-2.32494,1.61914,0.56844,-2.36667,1.55362,0.68149,-2.39903,1.40944,0.83426,-2.36796,1.35400,0.78904,-2.38850,1.37346,0.93277,-2.37475,1.27784,1.08185,-2.30399,1.26637,1.05954,-2.33058,1.23731,1.14201,-2.16546,1.07825,0.31711,-2.21509,1.07726,0.56595,-2.38255,1.11181,0.35663,-2.39385,1.11809,0.45475,-2.24156,0.99894,0.24136,-2.24211,0.78388,0.24804,-2.26020,0.59018,0.27630,-2.32638,0.29358,0.24644,-2.34996,0.10816,0.26886,-2.42366,0.06413,0.31799,-2.14306,0.05811,0.36367,-2.22162,0.03413,0.25879,-2.31898,0.97662,0.61495,-2.31420,0.68206,0.60769,-2.32595,0.57325,0.59256,-2.40999,0.41937,0.61625,-2.42039,0.11297,0.58067,-2.46157,0.06343,0.51095,-2.18996,0.05916,0.58707,-2.29986,0.03283,0.65454,0.00000,0.00000,0.00000,0.00000,0.00000,0.00000,0.00000,0.00000,0.00000,0.00000,0.00000,0.00000,0.00000,0.00000,0.00000,0.00000,0.00000,0.00000
0.10000,   11,-2.23230,1.79806,0.34176,-2.18651,1.88298,0.44279,-2.27629,1.79285,0.51624,-2.13202,1.81064,0.42405,-2.33238,1.63794,0.40961,-2.38489,1.28878,0.39040,-2.39576,1.09496,0.40405,-2.14087,1.13627,0.44824,-2.20000,1.38182,0.44218,-2.20569,1.54724,0.43063,-2.41687,1.52383,0.50067,-2.25360,1.61165,0.25140,-2.24499,1.53154,0.13132,-2.19028,1.38779,-0.01426,-2.18652,1.33204,0.03283,-2.09219,1.30703,-0.17019,-2.05144,1.26604,-0.23867,-2.00036,1.25424,-0.19078,-1.99569,1.23007,-0.28003,-2.32489,1.61916,0.56851,-2.36659,1.55366,0.68152,-2.39905,1.40946,0.83429,-2.36794,1.35398,0.78909,-2.38847,1.37349,0.93281,-2.37469,1.27784,1.08188,-2.30396,1.26636,1.05955,-2.33051,1.23732,1.14203,-2.16545,1.07825,0.31713,-2.21507,1.07724,0.56600,-2.38253,1.11180,0.35669,-2.39380,1.11809,0.45480,-2.24156,0.99890,0.24141,-2.24210,0.78388,0.24810,-2.26021,0.59017,0.27633,-2.32638,0.29358,0.24644,-2.34996,0.10817,0.26888,-2.42369,0.06414,0.31795,-2.14307,0.05810,0.36369,-2.22162,0.03414,0.25878,-2.31897,0.97664,0.61503,-2.31419,0.68208,0.60772,-2.32596,0.57324,0.59260,-2.40997,0.41934,0.61630,-2.42033,0.11301,0.58072,-2.46160,0.06345,0.51095,-2.18996,0.05915,0.58708,-2.29985,0.03287,0.65456,0.00000,0.00000,0.00000,0.00000,0.00000,0.00000,0.00000,0.00000,0.00000,0.00000,0.00000,0.00000,0.00000,0.00000,0.00000,0.00000,0.00000,0.00000
0.11000,   12,-2.23225,1.79805,0.34179,-2.18648,1.88297,0.44282,-2.27626,1.79286,0.51629,-2.13201,1.81062,0.42402,-2.33237,1.63795,0.40958,-2.38488,1.28878,0.39039,-2.39573,1.09492,0.40412,-2.14081,1.13629,0.44826,-2.19997,1.38184,0.44222,-2.20569,1.54726,0.43063,-2.41684,1.52383,0.50064,-2.25359,1.61163,0.25142,-2.24499,1.53153,0.13135,-2.19027,1.38777,-0.01426,-2.18652,1.33203,0.03283,-2.09218,1.30704,-0.17017,-2.05144,1.26601,-0.23864,-2.00034,1.25421,-0.19077,-1.99567,1.23000,-0.27997,-2.32489,1.61916,0.56851,-2.36660,1.55366,0.68152,-2.39904,1.40949,0.83431,-2.36795,1.35404,0.78916,-2.38846,1.37348,0.93280,-2.37464,1.27785,1.08194,-2.30394,1.26637,1.05956,-2.33046,1.23732,1.14205,-2.16542,1.07826,0.31720,-2.21503,1.07726,0.56600,-2.38252,1.11187,0.35671,-2.39380,1.11808,0.45482,-2.24153,0.99894,0.24141,-2.24203,0.78392,0.24810,-2.26018,0.59018,0.27637,-2.32636,0.29358,0.24646,-2.34998,0.10817,0.26890,-2.42371,0.06413,0.31794,-2.14305,0.05812,0.36367,-2.22164,0.03414,0.25880,-2.31895,0.97668,0.61504,-2.31418,0.68209,0.60774,-2.32596,0.57325,0.59262,-2.40996,0.41937,0.61631,-2.42037,0.11301,0.58071,-2.46159,0.06346,0.51096,-2.18997,0.05916,0.58708,-2.29985,0.03284,0.65454,0.00000,0.00000,0.00000,0.00000,0.00000,0.00000,0.00000,0.00000,0.00000,0.00000,0.00000,0.00000,0.00000,0.00000,0.00000,0.00000,0.00000,0.00000
0.12000,   13,-2.23223,1.79804,0.34181,-2.18642,1.88297,0.44283,-2.27620,1.79287,0.51634,-2.13197,1.81062,0.42406,-2.33236,1.63796,0.40959,-2.38488,1.28880,0.39038,-2.39573,1.09492,0.40412,-2.14075,1.13629,0.44830,-2.19992,1.38188,0.44227,-2.20566,1.54730,0.43065,-2.41684,1.52381,0.50071,-2.25359,1.61165,0.25144,-2.24495,1.53154,0.13137,-2.19020,1.38778,-0.01424,-2.18648,1.33202,0.03282,-2.09215,1.30701,-0.17012,-2.05143,1.26598,-0.23859,-2.00032,1.25418,-0.19072,-1.99565,1.22999,-0.27994,-2.32491,1.61917,0.56852,-2.36659,1.55365,0.68155,-2.39904,1.40943,0.83426,-2.36795,1.35401,0.78915,-2.38842,1.37347,0.93283,-2.37458,1.27784,1.08193,-2.30388,1.26637,1.05955,-2.33043,1.23732,1.14203,-2.16545,1.07827,0.31724,-2.21503,1.07727,0.56609,-2.38252,1.11186,0.35676,-2.39376,1.11807,0.45476,-2.24148,0.99893,0.24145,-2.24201,0.78390,0.24813,-2.26019,0.59016,0.27640,-2.32636,0.29360,0.24648,-2.34996,0.10819,0.26889,-2.42365,0.06414,0.31801,-2.14309,0.05811,0.36366,-2.22165,0.03414,0.25882,-2.31894,0.97666,0.61509,-2.31424,0.68208,0.60778,-2.32595,0.57327,0.59265,-2.40993,0.41939,0.61636,-2.42034,0.11299,0.58070,-2.46159,0.06346,0.51097,-2.18997,0.05914,0.58711,-2.29984,0.03285,0.65457,0.00000,0.00000,0.00000,0.00000,0.00000,0.00000,0.00000,0.00000,0.00000,0.00000,0.00000,0.00000,0.00000,0.00000,0.00000,0.00000,0.00000,0.00000
0.13000,   14,-2.23224,1.79804,0.34184,-2.18637,1.88296,0.44284,-2.27616,1.79287,0.51639,-2.13195,1.81060,0.42408,-2.33233,1.63795,0.40963,-2.38486,1.28885,0.39050,-2.39570,1.09489,0.40432,-2.14066,1.13630,0.44835,-2.19987,1.38190,0.44231,-2.20563,1.54734,0.43069,-2.41683,1.52382,0.50075,-2.25359,1.61165,0.25147,-2.24498,1.53152,0.13138,-2.19020,1.38776,-0.01424,-2.18644,1.33199,0.03289,-2.09211,1.30699,-0.17006,-2.05140,1.26596,-0.23854,-2.00031,1.25413,-0.19066,-1.99567,1.22993,-0.27990,-2.32487,1.61917,0.56854,-2.36654,1.55368,0.68157,-2.39903,1.40942,0.83428,-2.36793,1.35401,0.78911,-2.38843,1.37347,0.93281,-2.37458,1.27781,1.08192,-2.30389,1.26636,1.05956,-2.33038,1.23731,1.14204,-2.16544,1.07825,0.31732,-2.21501,1.07728,0.56612,-2.38248,1.11190,0.35677,-2.39380,1.11808,0.45482,-2.24146,0.99892,0.24151,-2.24198,0.78388,0.24820,-2.26016,0.59019,0.27645,-2.32637,0.29359,0.24650,-2.35000,0.10817,0.26893,-2.42364,0.06415,0.31803,-2.14308,0.05809,0.36370,-2.22165,0.03413,0.25883,-2.31896,0.97666,0.61512,-2.31430,0.68203,0.60785,-2.32594,0.57328,0.59270,-2.40991,0.41940,0.61639,-2.42037,0.11299,0.58071,-2.46160,0.06346,0.51097,-2.18998,0.05915,0.58711,-2.29983,0.03284,0.65457,0.00000,0.00000,0.00000,0.00000,0.00000,0.00000,0.00000,0.00000,0.00000,0.00000,0.00000,0.00000,0.00000,0.00000,0.00000,0.00000,0.00000,0.00000
0.14000,   15,-2.23223,1.79803,0.34184,-2.18632,1.88295,0.44286,-2.27611,1.79290,0.51644,-2.13191,1.81059,0.42407,-2.33232,1.63793,0.40966,-2.38485,1.28885,0.39052,-2.39573,1.09499,0.40414,-2.14059,1.13631,0.44843,-2.19980,1.38196,0.44236,-2.20558,1.54737,0.43073,-2.41679,1.52385,0.50079,-2.25359,1.61165,0.25149,-2.24495,1.53152,0.13142,-2.19019,1.38775,-0.01416,-2.18640,1.33200,0.03299,-2.09209,1.30695,-0.17003,-2.05135,1.26592,-0.23849,-2.00025,1.25411,-0.19061,-1.99562,1.22991,-0.27983,-2.32481,1.61920,0.56854,-2.36648,1.55370,0.68160,-2.39906,1.40941,0.83420,-2.36794,1.35400,0.78912,-2.38844,1.37347,0.93281,-2.37453,1.27781,1.08195,-2.30386,1.26636,1.05958,-2.33034,1.23732,1.14206,-2.16539,1.07827,0.31736,-2.21501,1.07732,0.56617,-2.38247,1.11190,0.35677,-2.39372,1.11808,0.45483,-2.24142,0.99892,0.24156,-2.24195,0.78390,0.24821,-2.26015,0.59019,0.27648,-2.32635,0.29360,0.24653,-2.35002,0.10814,0.26896,-2.42366,0.06415,0.31789,-2.14307,0.05809,0.36370,-2.22165,0.03413,0.25882,-2.31892,0.97669,0.61516,-2.31439,0.68205,0.60791,-2.32595,0.57328,0.59277,-2.40990,0.41941,0.61640,-2.42037,0.11298,0.58073,-2.46157,0.06346,0.51095,-2.18996,0.05915,0.58712,-2.29981,0.03285,0.65460,0.00000,0.00000,0.00000,0.00000,0.00000,0.00000,0.00000,0.00000,0.00000,0.00000,0.00000,0.00000,0.00000,0.00000,0.00000,0.00000,0.00000,0.00000
0.15000,   16,-2.23221,1.79803,0.34188,-2.18630,1.88293,0.44283,-2.27610,1.79292,0.51643,-2.13188,1.81058,0.42404,-2.33229,1.63796,0.40961,-2.38476,1.28876,0.39053,-2.39561,1.09488,0.40435,-2.14054,1.13633,0.44849,-2.19977,1.38199,0.44238,-2.20557,1.54739,0.43071,-2.41679,1.52389,0.50080,-2.25355,1.61165,0.25151,-2.24494,1.53152,0.13143,-2.19016,1.38774,-0.01415,-2.18636,1.33198,0.03298,-2.09209,1.30695,-0.16998,-2.05132,1.26590,-0.23844,-2.00022,1.25410,-0.19056,-1.99555,1.22990,-0.27979,-2.32481,1.61920,0.56855,-2.36647,1.55370,0.68160,-2.39903,1.40942,0.83425,-2.36796,1.35399,0.78914,-2.38837,1.37346,0.93283,-2.37446,1.27784,1.08196,-2.30382,1.26636,1.05955,-2.33032,1.23730,1.14203,-2.16538,1.07827,0.31745,-2.21500,1.07734,0.56623,-2.38246,1.11187,0.35678,-2.39370,1.11808,0.45500,-2.24138,0.99891,0.24159,-2.24186,0.78393,0.24824,-2.26015,0.59018,0.27650,-2.32636,0.29359,0.24656,-2.35003,0.10816,0.26895,-2.42364,0.06418,0.31799,-2.14309,0.05810,0.36369,-2.22163,0.03414,0.25882,-2.31894,0.97669,0.61519,-2.31444,0.68205,0.60797,-2.32593,0.57330,0.59278,-2.40991,0.41942,0.61646,-2.42039,0.11298,0.58071,-2.46158,0.06348,0.51095,-2.18996,0.05915,0.58712,-2.29985,0.03282,0.65459,0.00000,0.00000,0.00000,0.00000,0.00000,0.00000,0.00000,0.00000,0.00000,0.00000,0.00000,0.00000,0.00000,0.00000,0.00000,0.00000,0.00000,0.00000
0.16000,   17,-2.23221,1.79803,0.34189,-2.18624,1.88293,0.44285,-2.27603,1.79292,0.51651,-2.13185,1.81057,0.42400,-2.33228,1.63798,0.40966,-2.38483,1.28884,0.39057,-2.39571,1.09499,0.40421,-2.14043,1.13634,0.44855,-2.19972,1.38200,0.44242,-2.20552,1.54743,0.43074,-2.41678,1.52386,0.50078,-2.25355,1.61165,0.25153,-2.24492,1.53153,0.13144,-2.19017,1.38773,-0.01415,-2.18633,1.33196,0.03296,-2.09204,1.30693,-0.16996,-2.05127,1.26588,-0.23842,-2.00013,1.25411,-0.19052,-1.99549,1.22990,-0.27973,-2.32478,1.61922,0.56857,-2.36643,1.55370,0.68165,-2.39896,1.40940,0.83434,-2.36792,1.35399,0.78913,-2.38838,1.37345,0.93280,-2.37441,1.27779,1.08197,-2.30377,1.26632,1.05956,-2.33023,1.23731,1.14205,-2.16537,1.07828,0.31750,-2.21502,1.07735,0.56626,-2.38245,1.11189,0.35677,-2.39374,1.11808,0.45507,-2.24134,0.99893,0.24166,-2.24185,0.78394,0.24830,-2.26012,0.59016,0.27657,-2.32633,0.29363,0.24656,-2.35002,0.10815,0.26896,-2.42368,0.06415,0.31801,-2.14304,0.05811,0.36369,-2.22165,0.03414,0.25883,-2.31892,0.97671,0.61528,-2.31451,0.68198,0.60807,-2.32599,0.57329,0.59282,-2.40989,0.41941,0.61645,-2.42038,0.11297,0.58072,-2.46161,0.06345,0.51100,-2.18997,0.05915,0.58712,-2.29984,0.03282,0.65458,0.00000,0.00000,0.00000,0.00000,0.00000,0.00000,0.00000,0.00000,0.00000,0.00000,0.00000,0.00000,0.00000,0.00000,0.00000,0.00000,0.00000,0.00000
0.17000,   18,-2.23218,1.79803,0.34186,-2.18622,1.88293,0.44282,-2.27597,1.79291,0.51651,-2.13183,1.81057,0.42397,-2.33225,1.63797,0.40966,-2.38475,1.28884,0.39058,-2.39573,1.09500,0.40417,-2.14040,1.13635,0.44862,-2.19968,1.38203,0.44244,-2.20551,1.54744,0.43075,-2.41675,1.52388,0.50077,-2.25353,1.61166,0.25152,-2.24492,1.53150,0.13145,-2.19012,1.38772,-0.01416,-2.18628,1.33196,0.03300,-2.09200,1.30691,-0.16994,-2.05122,1.26587,-0.23838,-2.00008,1.25412,-0.19052,-1.99543,1.22990,-0.27970,-2.32474,1.61922,0.56858,-2.36643,1.55371,0.68164,-2.39895,1.40943,0.83430,-2.36792,1.35401,0.78915,-2.38831,1.37345,0.93283,-2.37437,1.27776,1.08198,-2.30375,1.26630,1.05954,-2.33018,1.23726,1.14203,-2.16537,1.07826,0.31755,-2.21501,1.07735,0.56632,-2.38245,1.11186,0.35687,-2.39370,1.11805,0.45499,-2.24133,0.99891,0.24175,-2.24183,0.78395,0.24829,-2.26011,0.59019,0.27660,-2.32630,0.29362,0.24655,-2.35002,0.10813,0.26895,-2.42371,0.06412,0.31796,-2.14303,0.05811,0.36370,-2.22165,0.03413,0.25883,-2.31892,0.97672,0.61532,-2.31450,0.68199,0.60809,-2.32595,0.57329,0.59284,-2.40991,0.41941,0.61649,-2.42038,0.11297,0.58072,-2.46161,0.06344,0.51100,-2.18998,0.05915,0.58712,-2.29983,0.03283,0.65459,0.00000,0.00000,0.00000,0.00000,0.00000,0.00000,0.00000,0.00000,0.00000,0.00000,0.00000,0.00000,0.00000,0.00000,0.00000,0.00000,0.00000,0.00000
0.18000,   19,-2.23220,1.79803,0.34185,-2.18617,1.88293,0.44281,-2.27599,1.79291,0.51649,-2.13180,1.81056,0.42394,-2.33222,1.63799,0.40972,-2.38473,1.28883,0.39065,-2.39571,1.09499,0.40423,-2.14033,1.13633,0.44869,-2.19964,1.38206,0.44242,-2.20547,1.54746,0.43072,-2.41670,1.52391,0.50084,-2.25352,1.61166,0.25151,-2.24493,1.53149,0.13145,-2.19011,1.38770,-0.01416,-2.18629,1.33196,0.03300,-2.09196,1.30691,-0.16992,-2.05118,1.26586,-0.23836,-2.00002,1.25417,-0.19045,-1.99535,1.22993,-0.27966,-2.32470,1.61926,0.56859,-2.36638,1.55371,0.68165,-2.39895,1.40944,0.83430,-2.36787,1.35401,0.78916,-2.38830,1.37346,0.93285,-2.37432,1.27777,1.08197,-2.30372,1.26631,1.05954,-2.33015,1.23721,1.14202,-2.16536,1.07827,0.31760,-2.21505,1.07733,0.56634,-2.38243,1.11192,0.35685,-2.39370,1.11812,0.45500,-2.24133,0.99889,0.24179,-2.24177,0.78395,0.24835,-2.26005,0.59018,0.27662,-2.32629,0.29361,0.24657,-2.35002,0.10813,0.26896,-2.42362,0.06416,0.31801,-2.14305,0.05810,0.36370,-2.22165,0.03415,0.25883,-2.31894,0.97674,0.61535,-2.31446,0.68206,0.60818,-2.32598,0.57327,0.59285,-2.40993,0.41939,0.61646,-2.42033,0.11300,0.58074,-2.46156,0.06346,0.51097,-2.18997,0.05914,0.58713,-2.29982,0.03285,0.65458,0.00000,0.00000,0.00000,0.00000,0.00000,0.00000,0.00000,0.00000,0.00000,0.00000,0.00000,0.00000,0.00000,0.00000,0.00000,0.00000,0.00000,0.00000
0.19000,   20,-2.23213,1.79802,0.34182,-2.18615,1.88291,0.44279,-2.27594,1.79291,0.51645,-2.13177,1.81054,0.42390,-2.33221,1.63800,0.40970,-2.38474,1.28884,0.39059,-2.39573,1.09501,0.40418,-2.14028,1.13630,0.44872,-2.19959,1.38207,0.44244,-2.20545,1.54748,0.43073,-2.41669,1.52391,0.50085,-2.25348,1.61165,0.25153,-2.24487,1.53151,0.13144,-2.19007,1.38769,-0.01410,-2.18624,1.33194,0.03301,-2.09191,1.30692,-0.16989,-2.05109,1.26589,-0.23835,-1.99996,1.25418,-0.19043,-1.99526,1.22994,-0.27965,-2.32470,1.61926,0.56859,-2.36637,1.55373,0.68165,-2.39887,1.40946,0.83440,-2.36794,1.35404,0.78921,-2.38825,1.37347,0.93283,-2.37426,1.27776,1.08194,-2.30369,1.26628,1.05952,-2.33010,1.23718,1.14197,-2.16538,1.07827,0.31766,-2.21506,1.07733,0.56638,-2.38245,1.11193,0.35690,-2.39370,1.11812,0.45500,-2.24128,0.99887,0.24181,-2.24179,0.78394,0.24841,-2.26004,0.59016,0.27665,-2.32629,0.29362,0.24658,-2.35000,0.10817,0.26895,-2.42371,0.06415,0.31799,-2.14305,0.05810,0.36370,-2.22165,0.03414,0.25882,-2.31892,0.97673,0.61540,-2.31444,0.68206,0.60826,-2.32595,0.57327,0.59285,-2.40995,0.41935,0.61647,-2.42037,0.11299,0.58074,-2.46159,0.06345,0.51097,-2.18997,0.05914,0.58711,-2.29985,0.03284,0.65457,0.00000,0.00000,0.00000,0.00000,0.00000,0.00000,0.00000,0.00000,0.00000,0.00000,0.00000,0.00000,0.00000,0.00000,0.00000,0.00000,0.00000,0.00000
0.20000,   21,-2.23214,1.79801,0.34180,-2.18611,1.88290,0.44277,-2.27598,1.79292,0.51642,-2.13171,1.81053,0.42388,-2.33220,1.63797,0.40971,-2.38473,1.28883,0.39064,-2.39570,1.09500,0.40429,-2.14020,1.13629,0.44878,-2.19956,1.38207,0.44243,-2.20542,1.54749,0.43070,-2.41669,1.52392,0.50090,-2.25343,1.61167,0.25152,-2.24489,1.53150,0.13144,-2.19004,1.38773,-0.01417,-2.18618,1.33195,0.03302,-2.09184,1.30694,-0.16988,-2.05104,1.26591,-0.23833,-1.99986,1.25418,-0.19042,-1.99517,1.22997,-0.27961,-2.32466,1.61929,0.56856,-2.36628,1.55375,0.68165,-2.39885,1.40948,0.83441,-2.36783,1.35401,0.78914,-2.38822,1.37349,0.93288,-2.37420,1.27777,1.08199,-2.30367,1.26625,1.05949,-2.33003,1.23715,1.14199,-2.16537,1.07826,0.31770,-2.21504,1.07735,0.56645,-2.38244,1.11191,0.35692,-2.39374,1.11810,0.45513,-2.24128,0.99886,0.24189,-2.24179,0.78393,0.24849,-2.26001,0.59019,0.27668,-2.32628,0.29362,0.24659,-2.34999,0.10818,0.26892,-2.42365,0.06416,0.31798,-2.14304,0.05811,0.36370,-2.22163,0.03413,0.25881,-2.31896,0.97675,0.61542,-2.31447,0.68202,0.60820,-2.32598,0.57327,0.59287,-2.40996,0.41933,0.61646,-2.42037,0.11299,0.58073,-2.46159,0.06346,0.51098,-2.18997,0.05914,0.58710,-2.29986,0.03283,0.65455,0.00000,0.00000,0.00000,0.00000,0.00000,0.00000,0.00000,0.00000,0.00000,0.00000,0.00000,0.00000,0.00000,0.00000,0.00000,0.00000,0.00000,0.00000
0.21000,   22,-2.23212,1.79799,0.34178,-2.18606,1.88288,0.44275,-2.27595,1.79293,0.51637,-2.13170,1.81050,0.42382,-2.33216,1.63799,0.40971,-2.38471,1.28884,0.39070,-2.39569,1.09499,0.40431,-2.14015,1.13626,0.44885,-2.19953,1.38209,0.44243,-2.20538,1.54749,0.43070,-2.41660,1.52391,0.50095,-2.25343,1.61167,0.25152,-2.24482,1.53153,0.13143,-2.18999,1.38773,-0.01413,-2.18613,1.33198,0.03304,-2.09175,1.30695,-0.16985,-2.05096,1.26596,-0.23831,-1.99978,1.25422,-0.19039,-1.99510,1.23000,-0.27960,-2.32461,1.61930,0.56856,-2.36624,1.55378,0.68168,-2.39880,1.40948,0.83440,-2.36784,1.35410,0.78919,-2.38815,1.37351,0.93285,-2.37420,1.27777,1.08197,-2.30363,1.26622,1.05949,-2.33002,1.23713,1.14197,-2.16533,1.07827,0.31773,-2.21510,1.07735,0.56647,-2.38243,1.11192,0.35691,-2.39374,1.11811,0.45513,-2.24127,0.99887,0.24190,-2.24172,0.78395,0.24849,-2.25999,0.59019,0.27671,-2.32624,0.29363,0.24659,-2.34998,0.10819,0.26892,-2.42365,0.06414,0.31800,-2.14303,0.05811,0.36370,-2.22164,0.03415,0.25881,-2.31898,0.97674,0.61542,-2.31445,0.68205,0.60826,-2.32598,0.57326,0.59288,-2.40997,0.41934,0.61647,-2.42038,0.11298,0.58071,-2.46160,0.06344,0.51095,-2.18997,0.05917,0.58710,-2.29986,0.03283,0.65455,0.00000,0.00000,0.00000,0.00000,0.00000,0.00000,0.00000,0.00000,0.00000,0.00000,0.00000,0.00000,0.00000,0.00000,0.00000,0.00000,0.00000,0.00000
0.22000,   23,-2.23206,1.79800,0.34173,-2.18604,1.88286,0.44272,-2.27587,1.79297,0.51640,-2.13167,1.81046,0.42379,-2.33216,1.63799,0.40973,-2.38471,1.28882,0.39071,-2.39565,1.09490,0.40455,-2.14008,1.13624,0.44887,-2.19952,1.38209,0.44245,-2.20537,1.54749,0.43071,-2.41660,1.52396,0.50103,-2.25339,1.61170,0.25152,-2.24482,1.53152,0.13142,-2.18995,1.38777,-0.01412,-2.18610,1.33198,0.03306,-2.09167,1.30701,-0.16987,-2.05086,1.26600,-0.23833,-1.99968,1.25425,-0.19039,-1.99503,1.23005,-0.27958,-2.32458,1.61929,0.56856,-2.36618,1.55380,0.68167,-2.39875,1.40951,0.83445,-2.36776,1.35412,0.78922,-2.38809,1.37352,0.93290,-2.37415,1.27777,1.08196,-2.30358,1.26623,1.05950,-2.33000,1.23709,1.14194,-2.16532,1.07826,0.31776,-2.21509,1.07737,0.56653,-2.38244,1.11188,0.35694,-2.39374,1.11811,0.45513,-2.24126,0.99887,0.24195,-2.24171,0.78396,0.24852,-2.26000,0.59018,0.27673,-2.32625,0.29362,0.24662,-2.34998,0.10818,0.26892,-2.42364,0.06415,0.31804,-2.14305,0.05810,0.36369,-2.22164,0.03415,0.25880,-2.31895,0.97676,0.61551,-2.31445,0.68205,0.60826,-2.32603,0.57327,0.59290,-2.41002,0.41936,0.61647,-2.42038,0.11298,0.58072,-2.46161,0.06344,0.51099,-2.18997,0.05915,0.58710,-2.29986,0.03286,0.65456,0.00000,0.00000,0.00000,0.00000,0.00000,0.00000,0.00000,0.00000,0.00000,0.00000,0.00000,0.00000,0.00000,0.00000,0.00000,0.00000,0.00000,0.00000
0.23000,   24,-2.23208,1.79798,0.34173,-2.18599,1.88283,0.44270,-2.27589,1.79298,0.51635,-2.13162,1.81045,0.42378,-2.33214,1.63799,0.40972,-2.38472,1.28890,0.39071,-2.39566,1.09502,0.40447,-2.14003,1.13618,0.44893,-2.19950,1.38207,0.44247,-2.20534,1.54750,0.43074,-2.41660,1.52396,0.50102,-2.25336,1.61166,0.25157,-2.24478,1.53153,0.13144,-2.18990,1.38778,-0.01408,-2.18606,1.33199,0.03303,-2.09160,1.30704,-0.16987,-2.05079,1.26604,-0.23830,-1.99960,1.25429,-0.19036,-1.99495,1.23009,-0.27955,-2.32456,1.61931,0.56856,-2.36609,1.55382,0.68172,-2.39869,1.40954,0.83445,-2.36772,1.35413,0.78926,-2.38806,1.37353,0.93292,-2.37410,1.27778,1.08202,-2.30357,1.26621,1.05952,-2.32997,1.23710,1.14198,-2.16532,1.07824,0.31783,-2.21512,1.07737,0.56660,-2.38243,1.11187,0.35695,-2.39374,1.11810,0.45519,-2.24122,0.99885,0.24205,-2.24170,0.78393,0.24855,-2.25997,0.59016,0.27680,-2.32623,0.29363,0.24660,-2.34999,0.10817,0.26892,-2.42364,0.06418,0.31805,-2.14303,0.05811,0.36371,-2.22160,0.03415,0.25879,-2.31901,0.97676,0.61552,-2.31448,0.68207,0.60835,-2.32603,0.57326,0.59293,-2.41004,0.41932,0.61646,-2.42038,0.11298,0.58072,-2.46161,0.06343,0.51098,-2.18995,0.05915,0.58708,-2.29984,0.03284,0.65455,0.00000,0.00000,0.00000,0.00000,0.00000,0.00000,0.00000,0.00000,0.00000,0.00000,0.00000,0.00000,0.00000,0.00000,0.00000,0.00000,0.00000,0.00000
0.24000,   25,-2.23201,1.79797,0.34171,-2.18598,1.88285,0.44270,-2.27579,1.79301,0.51635,-2.13158,1.81041,0.42375,-2.33212,1.63799,0.40977,-2.38472,1.28884,0.39070,-2.39567,1.09503,0.40444,-2.13996,1.13620,0.44897,-2.19945,1.38209,0.44248,-2.20532,1.54750,0.43074,-2.41656,1.52399,0.50105,-2.25333,1.61169,0.25157,-2.24472,1.53155,0.13148,-2.18985,1.38781,-0.01412,-2.18599,1.33202,0.03304,-2.09148,1.30710,-0.16986,-2.05069,1.26610,-0.23830,-1.99953,1.25434,-0.19034,-1.99487,1.23016,-0.27953,-2.32455,1.61933,0.56856,-2.36599,1.55390,0.68181,-2.39863,1.40956,0.83447,-2.36764,1.35413,0.78931,-2.38801,1.37353,0.93285,-2.37404,1.27779,1.08201,-2.30351,1.26622,1.05956,-2.32995,1.23711,1.14200,-2.16531,1.07824,0.31787,-2.21514,1.07738,0.56663,-2.38242,1.11193,0.35696,-2.39374,1.11809,0.45520,-2.24122,0.99885,0.24205,-2.24175,0.78393,0.24863,-2.25998,0.59018,0.27680,-2.32622,0.29363,0.24663,-2.34999,0.10817,0.26892,-2.42365,0.06414,0.31798,-2.14305,0.05811,0.36371,-2.22164,0.03415,0.25881,-2.31897,0.97678,0.61557,-2.31448,0.68207,0.60835,-2.32603,0.57326,0.59296,-2.41000,0.41936,0.61651,-2.42038,0.11298,0.58071,-2.46156,0.06346,0.51095,-2.18996,0.05915,0.58710,-2.29987,0.03284,0.65455,0.00000,0.00000,0.00000,0.00000,0.00000,0.00000,0.00000,0.00000,0.00000,0.00000,0.00000,0.00000,0.00000,0.00000,0.00000,0.00000,0.00000,0.00000
0.25000,   26,-2.23199,1.79794,0.34169,-2.18592,1.88284,0.44266,-2.27571,1.79304,0.51642,-2.13155,1.81040,0.42371,-2.33210,1.63800,0.40978,-2.38471,1.28889,0.39078,-2.39566,1.09497,0.40443,-2.13990,1.13620,0.44903,-2.19944,1.38211,0.44250,-2.20531,1.54752,0.43076,-2.41652,1.52400,0.50097,-2.25333,1.61169,0.25154,-2.24469,1.53158,0.13148,-2.18980,1.38783,-0.01409,-2.18598,1.33203,0.03307,-2.09144,1.30715,-0.16987,-2.05063,1.26616,-0.23827,-1.99944,1.25441,-0.19033,-1.99477,1.23021,-0.27952,-2.32447,1.61935,0.56858,-2.36596,1.55388,0.68177,-2.39854,1.40955,0.83451,-2.36757,1.35415,0.78929,-2.38789,1.37359,0.93300,-2.37400,1.27783,1.08204,-2.30346,1.26626,1.05958,-2.32993,1.23713,1.14201,-2.16534,1.07824,0.31795,-2.21515,1.07737,0.56666,-2.38243,1.11190,0.35704,-2.39373,1.11812,0.45523,-2.24121,0.99884,0.24209,-2.24175,0.78394,0.24863,-2.25999,0.59018,0.27685,-2.32624,0.29364,0.24664,-2.35000,0.10818,0.26895,-2.42364,0.06416,0.31794,-2.14307,0.05811,0.36369,-2.22163,0.03416,0.25881,-2.31899,0.97681,0.61560,-2.31450,0.68204,0.60832,-2.32606,0.57330,0.59299,-2.40999,0.41936,0.61656,-2.42038,0.11298,0.58072,-2.46157,0.06345,0.51098,-2.18998,0.05915,0.58711,-2.29985,0.03285,0.65456,0.00000,0.00000,0.00000,0.00000,0.00000,0.00000,0.00000,0.00000,0.00000,0.00000,0.00000,0.00000,0.00000,0.00000,0.00000,0.00000,0.00000,0.00000
0.26000,   27,-2.23194,1.79793,0.34168,-2.18588,1.88282,0.44264,-2.27567,1.79308,0.51645,-2.13149,1.81038,0.42369,-2.33210,1.63799,0.40975,-2.38470,1.28883,0.39078,-2.39574,1.09504,0.40449,-2.13982,1.13618,0.44907,-2.19941,1.38212,0.44253,-2.20530,1.54753,0.43076,-2.41652,1.52401,0.50103,-2.25329,1.61170,0.25157,-2.24466,1.53159,0.13149,-2.18972,1.38785,-0.01412,-2.18589,1.33205,0.03308,-2.09137,1.30720,-0.16984,-2.05060,1.26618,-0.23823,-1.99936,1.25445,-0.19034,-1.99468,1.23027,-0.27949,-2.32441,1.61936,0.56862,-2.36588,1.55390,0.68184,-2.39855,1.40959,0.83443,-2.36749,1.35417,0.78931,-2.38780,1.37360,0.93304,-2.37396,1.27785,1.08206,-2.30341,1.26629,1.05962,-2.32987,1.23717,1.14207,-2.16534,1.07825,0.31800,-2.21515,1.07740,0.56674,-2.38244,1.11185,0.35708,-2.39373,1.11816,0.45525,-2.24120,0.99886,0.24209,-2.24172,0.78396,0.24866,-2.25999,0.59019,0.27685,-2.32621,0.29364,0.24666,-2.35002,0.10816,0.26897,-2.42362,0.06418,0.31797,-2.14306,0.05810,0.36370,-2.22165,0.03414,0.25882,-2.31902,0.97680,0.61563,-2.31454,0.68206,0.60833,-2.32606,0.57328,0.59306,-2.41005,0.41936,0.61656,-2.42037,0.11300,0.58074,-2.46160,0.06347,0.51098,-2.18997,0.05915,0.58710,-2.29984,0.03285,0.65456,0.00000,0.00000,0.00000,0.00000,0.00000,0.00000,0.00000,0.00000,0.00000,0.00000,0.00000,0.00000,0.00000,0.00000,0.00000,0.00000,0.00000,0.00000
0.27000,   28,-2.23197,1.79791,0.34171,-2.18584,1.88282,0.44261,-2.27564,1.79310,0.51641,-2.13146,1.81036,0.42366,-2.33208,1.63801,0.40980,-2.38470,1.28885,0.39077,-2.39574,1.09505,0.40450,-2.13976,1.13619,0.44914,-2.19939,1.38211,0.44257,-2.20527,1.54753,0.43080,-2.41653,1.52401,0.50099,-2.25327,1.61170,0.25161,-2.24463,1.53159,0.13153,-2.18967,1.38787,-0.01416,-2.18587,1.33207,0.03310,-2.09127,1.30724,-0.16985,-2.05046,1.26626,-0.23821,-1.99927,1.25450,-0.19031,-1.99459,1.23035,-0.27946,-2.32438,1.61935,0.56866,-2.36587,1.55393,0.68186,-2.39848,1.40962,0.83449,-2.36741,1.35419,0.78934,-2.38785,1.37362,0.93294,-2.37388,1.27791,1.08213,-2.30333,1.26634,1.05970,-2.32981,1.23725,1.14214,-2.16537,1.07826,0.31808,-2.21517,1.07739,0.56676,-2.38243,1.11185,0.35709,-2.39373,1.11816,0.45525,-2.24117,0.99884,0.24217,-2.24173,0.78398,0.24869,-2.26002,0.59019,0.27689,-2.32620,0.29366,0.24667,-2.35002,0.10816,0.26897,-2.42369,0.06415,0.31796,-2.14306,0.05810,0.36373,-2.22162,0.03415,0.25881,-2.31896,0.97683,0.61572,-2.31458,0.68208,0.60841,-2.32607,0.57330,0.59310,-2.41005,0.41934,0.61661,-2.42040,0.11298,0.58072,-2.46156,0.06349,0.51097,-2.18996,0.05915,0.58712,-2.29986,0.03284,0.65456,0.00000,0.00000,0.00000,0.00000,0.00000,0.00000,0.00000,0.00000,0.00000,0.00000,0.00000,0.00000,0.00000,0.00000,0.00000,0.00000,0.00000,0.00000
0.28000,   29,-2.23195,1.79789,0.34167,-2.18578,1.88283,0.44256,-2.27560,1.79311,0.51642,-2.13142,1.81035,0.42363,-2.33205,1.63799,0.40978,-2.38471,1.28889,0.39078,-2.39566,1.09504,0.40450,-2.13968,1.13620,0.44918,-2.19935,1.38214,0.44259,-2.20526,1.54755,0.43080,-2.41647,1.52403,0.50106,-2.25326,1.61171,0.25159,-2.24462,1.53159,0.13153,-2.18965,1.38791,-0.01409,-2.18583,1.33211,0.03312,-2.09118,1.30730,-0.16983,-2.05041,1.26630,-0.23818,-1.99919,1.25455,-0.19030,-1.99449,1.23044,-0.27944,-2.32433,1.61937,0.56865,-2.36581,1.55395,0.68189,-2.39843,1.40967,0.83451,-2.36740,1.35424,0.78940,-2.38768,1.37373,0.93311,-2.37376,1.27799,1.08220,-2.30325,1.26638,1.05975,-2.32968,1.23731,1.14222,-2.16538,1.07826,0.31812,-2.21512,1.07742,0.56681,-2.38243,1.11187,0.35714,-2.39369,1.11814,0.45534,-2.24116,0.99884,0.24220,-2.24173,0.78398,0.24869,-2.26001,0.59020,0.27691,-2.32622,0.29365,0.24670,-2.35004,0.10815,0.26900,-2.42366,0.06418,0.31791,-2.14307,0.05810,0.36370,-2.22164,0.03414,0.25883,-2.31896,0.97683,0.61572,-2.31461,0.68211,0.60844,-2.32607,0.57332,0.59315,-2.41001,0.41936,0.61667,-2.42039,0.11299,0.58076,-2.46155,0.06351,0.51098,-2.18996,0.05915,0.58713,-2.29985,0.03282,0.65458,0.00000,0.00000,0.00000,0.00000,0.00000,0.00000,0.00000,0.00000,0.00000,0.00000,0.00000,0.00000,0.00000,0.00000,0.00000,0.00000,0.00000,0.00000
0.29000,   30,-2.23189,1.79790,0.34167,-2.18573,1.88281,0.44254,-2.27552,1.79312,0.51643,-2.13138,1.81033,0.42359,-2.33203,1.63799,0.40983,-2.38469,1.28888,0.39084,-2.39570,1.09503,0.40462,-2.13963,1.13621,0.44920,-2.19933,1.38214,0.44262,-2.20520,1.54755,0.43080,-2.41644,1.52403,0.50110,-2.25322,1.61173,0.25160,-2.24461,1.53160,0.13154,-2.18955,1.38792,-0.01411,-2.18577,1.33213,0.03317,-2.09107,1.30738,-0.16984,-2.05030,1.26638,-0.23821,-1.99908,1.25463,-0.19031,-1.99435,1.23049,-0.27945,-2.32431,1.61939,0.56865,-2.36577,1.55398,0.68191,-2.39832,1.40971,0.83462,-2.36737,1.35425,0.78941,-2.38758,1.37376,0.93317,-2.37366,1.27807,1.08223,-2.30317,1.26643,1.05977,-2.32957,1.23740,1.14226,-2.16539,1.07827,0.31818,-2.21510,1.07741,0.56681,-2.38242,1.11192,0.35717,-2.39368,1.11813,0.45540,-2.24117,0.99885,0.24220,-2.24173,0.78398,0.24869,-2.25999,0.59023,0.27692,-2.32622,0.29367,0.24671,-2.35005,0.10816,0.26900,-2.42361,0.06418,0.31799,-2.14305,0.05810,0.36371,-2.22163,0.03415,0.25884,-2.31892,0.97684,0.61579,-2.31462,0.68209,0.60847,-2.32608,0.57330,0.59318,-2.40999,0.41938,0.61669,-2.42039,0.11299,0.58076,-2.46159,0.06346,0.51098,-2.18997,0.05915,0.58715,-2.29986,0.03287,0.65459,0.00000,0.00000,0.00000,0.00000,0.00000,0.00000,0.00000,0.00000,0.00000,0.00000,0.00000,0.00000,0.00000,0.00000,0.00000,0.00000,0.00000,0.00000
0.30000,   31,-2.23188,1.79789,0.34164,-2.18569,1.88280,0.44251,-2.27549,1.79312,0.51642,-2.13133,1.81030,0.42357,-2.33201,1.63799,0.40988,-2.38469,1.28892,0.39083,-2.39563,1.09508,0.40465,-2.13956,1.13620,0.44921,-2.19929,1.38216,0.44264,-2.20519,1.54756,0.43082,-2.41643,1.52405,0.50110,-2.25318,1.61174,0.25160,-2.24458,1.53160,0.13154,-2.18948,1.38792,-0.01406,-2.18573,1.33215,0.03312,-2.09098,1.30741,-0.16981,-2.05015,1.26647,-0.23821,-1.99899,1.25468,-0.19033,-1.99422,1.23060,-0.27944,-2.32427,1.61941,0.56866,-2.36581,1.55396,0.68191,-2.39832,1.40971,0.83460,-2.36733,1.35426,0.78943,-2.38760,1.37378,0.93308,-2.37352,1.27814,1.08232,-2.30304,1.26648,1.05982,-2.32943,1.23749,1.14229,-2.16544,1.07827,0.31820,-2.21509,1.07742,0.56681,-2.38241,1.11192,0.35717,-2.39368,1.11813,0.45540,-2.24120,0.99887,0.24222,-2.24173,0.78399,0.24874,-2.26000,0.59022,0.27695,-2.32623,0.29366,0.24670,-2.35004,0.10815,0.26899,-2.42361,0.06418,0.31796,-2.14305,0.05810,0.36371,-2.22161,0.03414,0.25882,-2.31892,0.97687,0.61581,-2.31461,0.68209,0.60852,-2.32607,0.57331,0.59318,-2.41003,0.41934,0.61667,-2.42040,0.11298,0.58073,-2.46157,0.06347,0.51096,-2.18996,0.05915,0.58712,-2.29982,0.03283,0.65458,0.00000,0.00000,0.00000,0.00000,0.00000,0.00000,0.00000,0.00000,0.00000,0.00000,0.00000,0.00000,0.00000,0.00000,0.00000,0.00000,0.00000,0.00000
0.31000,   32,-2.23187,1.79789,0.34166,-2.18566,1.88279,0.44247,-2.27545,1.79312,0.51642,-2.13130,1.81029,0.42353,-2.33199,1.63800,0.40983,-2.38469,1.28890,0.39083,-2.39571,1.09508,0.40464,-2.13949,1.13622,0.44925,-2.19928,1.38215,0.44263,-2.20518,1.54756,0.43082,-2.41638,1.52405,0.50116,-2.25315,1.61174,0.25163,-2.24452,1.53161,0.13155,-2.18938,1.38799,-0.01409,-2.18564,1.33221,0.03318,-2.09087,1.30746,-0.16984,-2.05003,1.26651,-0.23821,-1.99890,1.25475,-0.19031,-1.99408,1.23067,-0.27942,-2.32422,1.61945,0.56866,-2.36573,1.55400,0.68190,-2.39822,1.40979,0.83467,-2.36735,1.35429,0.78947,-2.38748,1.37386,0.93318,-2.37341,1.27822,1.08237,-2.30294,1.26653,1.05986,-2.32934,1.23755,1.14233,-2.16547,1.07827,0.31827,-2.21507,1.07743,0.56684,-2.38242,1.11187,0.35720,-2.39368,1.11813,0.45545,-2.24118,0.99888,0.24226,-2.24172,0.78396,0.24878,-2.26000,0.59022,0.27695,-2.32623,0.29366,0.24670,-2.35001,0.10817,0.26897,-2.42365,0.06419,0.31792,-2.14304,0.05810,0.36371,-2.22163,0.03414,0.25881,-2.31891,0.97687,0.61584,-2.31469,0.68205,0.60849,-2.32606,0.57333,0.59318,-2.41003,0.41934,0.61667,-2.42040,0.11297,0.58073,-2.46160,0.06346,0.51095,-2.18996,0.05914,0.58712,-2.29982,0.03285,0.65457,0.00000,0.00000,0.00000,0.00000,0.00000,0.00000,0.00000,0.00000,0.00000,0.00000,0.00000,0.00000,0.00000,0.00000,0.00000,0.00000,0.00000,0.00000
0.32000,   33,-2.23181,1.79790,0.34162,-2.18562,1.88280,0.44249,-2.27537,1.79310,0.51640,-2.13127,1.81028,0.42350,-2.33195,1.63802,0.40985,-2.38466,1.28891,0.39095,-2.39572,1.09508,0.40463,-2.13944,1.13619,0.44920,-2.19926,1.38218,0.44265,-2.20512,1.54758,0.43081,-2.41635,1.52406,0.50116,-2.25310,1.61174,0.25161,-2.24447,1.53164,0.13155,-2.18925,1.38800,-0.01409,-2.18560,1.33222,0.03312,-2.09074,1.30751,-0.16986,-2.04995,1.26656,-0.23820,-1.99880,1.25479,-0.19031,-1.99394,1.23073,-0.27943,-2.32421,1.61943,0.56862,-2.36567,1.55401,0.68193,-2.39813,1.40987,0.83478,-2.36724,1.35434,0.78947,-2.38737,1.37394,0.93325,-2.37328,1.27832,1.08240,-2.30280,1.26658,1.05988,-2.32919,1.23762,1.14238,-2.16544,1.07825,0.31829,-2.21507,1.07742,0.56684,-2.38242,1.11188,0.35721,-2.39367,1.11817,0.45552,-2.24118,0.99887,0.24231,-2.24171,0.78397,0.24878,-2.25998,0.59023,0.27695,-2.32620,0.29368,0.24668,-2.35002,0.10816,0.26897,-2.42364,0.06419,0.31797,-2.14305,0.05810,0.36370,-2.22164,0.03414,0.25883,-2.31891,0.97686,0.61584,-2.31474,0.68203,0.60853,-2.32605,0.57332,0.59319,-2.41004,0.41934,0.61665,-2.42040,0.11297,0.58074,-2.46159,0.06348,0.51096,-2.18997,0.05915,0.58710,-2.29981,0.03284,0.65457,0.00000,0.00000,0.00000,0.00000,0.00000,0.00000,0.00000,0.00000,0.00000,0.00000,0.00000,0.00000,0.00000,0.00000,0.00000,0.00000,0.00000,0.00000
0.33000,   34,-2.23179,1.79788,0.34159,-2.18557,1.88278,0.44246,-2.27534,1.79311,0.51635,-2.13125,1.81025,0.42348,-2.33192,1.63803,0.40988,-2.38465,1.28891,0.39097,-2.39570,1.09509,0.40468,-2.13938,1.13618,0.44923,-2.19920,1.38217,0.44268,-2.20511,1.54758,0.43082,-2.41634,1.52411,0.50120,-2.25304,1.61174,0.25163,-2.24439,1.53167,0.13155,-2.18918,1.38805,-0.01409,-2.18557,1.33226,0.03310,-2.09063,1.30756,-0.16986,-2.04981,1.26661,-0.23819,-1.99870,1.25482,-0.19027,-1.99380,1.23079,-0.27943,-2.32415,1.61945,0.56864,-2.36556,1.55404,0.68194,-2.39800,1.40993,0.83485,-2.36723,1.35434,0.78954,-2.38723,1.37401,0.93335,-2.37314,1.27840,1.08247,-2.30269,1.26664,1.05993,-2.32905,1.23769,1.14243,-2.16550,1.07826,0.31830,-2.21507,1.07742,0.56682,-2.38244,1.11187,0.35727,-2.39368,1.11817,0.45552,-2.24118,0.99888,0.24233,-2.24171,0.78395,0.24883,-2.25999,0.59022,0.27697,-2.32621,0.29368,0.24668,-2.35000,0.10818,0.26894,-2.42362,0.06419,0.31798,-2.14306,0.05809,0.36369,-2.22163,0.03415,0.25882,-2.31891,0.97685,0.61586,-2.31471,0.68199,0.60855,-2.32606,0.57330,0.59320,-2.41005,0.41932,0.61666,-2.42037,0.11296,0.58076,-2.46158,0.06349,0.51095,-2.18994,0.05917,0.58711,-2.29985,0.03283,0.65455,0.00000,0.00000,0.00000,0.00000,0.00000,0.00000,0.00000,0.00000,0.00000,0.00000,0.00000,0.00000,0.00000,0.00000,0.00000,0.00000,0.00000,0.00000
0.34000,   35,-2.23176,1.79788,0.34160,-2.18554,1.88275,0.44244,-2.27528,1.79311,0.51635,-2.13119,1.81024,0.42348,-2.33189,1.63802,0.40989,-2.38474,1.28891,0.39096,-2.39570,1.09507,0.40471,-2.13930,1.13615,0.44925,-2.19919,1.38216,0.44269,-2.20509,1.54758,0.43084,-2.41626,1.52410,0.50121,-2.25298,1.61174,0.25162,-2.24429,1.53170,0.13155,-2.18906,1.38806,-0.01404,-2.18550,1.33225,0.03308,-2.09049,1.30761,-0.16986,-2.04969,1.26665,-0.23814,-1.99860,1.25486,-0.19027,-1.99367,1.23084,-0.27938,-2.32408,1.61948,0.56867,-2.36556,1.55405,0.68194,-2.39787,1.40997,0.83493,-2.36711,1.35441,0.78960,-2.38719,1.37405,0.93326,-2.37306,1.27841,1.08246,-2.30256,1.26670,1.05998,-2.32891,1.23777,1.14249,-2.16548,1.07825,0.31833,-2.21507,1.07742,0.56682,-2.38244,1.11186,0.35733,-2.39367,1.11819,0.45556,-2.24118,0.99888,0.24233,-2.24172,0.78395,0.24886,-2.25995,0.59024,0.27696,-2.32621,0.29369,0.24670,-2.34998,0.10819,0.26894,-2.42361,0.06417,0.31795,-2.14303,0.05810,0.36371,-2.22164,0.03415,0.25881,-2.31893,0.97684,0.61585,-2.31477,0.68197,0.60858,-2.32607,0.57328,0.59317,-2.41003,0.41934,0.61666,-2.42037,0.11299,0.58074,-2.46155,0.06349,0.51094,-2.18998,0.05915,0.58710,-2.29986,0.03282,0.65454,0.00000,0.00000,0.00000,0.00000,0.00000,0.00000,0.00000,0.00000,0.00000,0.00000,0.00000,0.00000,0.00000,0.00000,0.00000,0.00000,0.00000,0.00000
0.35000,   36,-2.23172,1.79785,0.34160,-2.18549,1.88276,0.44246,-2.27526,1.79309,0.51633,-2.13116,1.81024,0.42345,-2.33188,1.63804,0.40988,-2.38474,1.28891,0.39095,-2.39570,1.09513,0.40472,-2.13922,1.13613,0.44926,-2.19915,1.38216,0.44269,-2.20506,1.54757,0.43084,-2.41626,1.52412,0.50126,-2.25289,1.61173,0.25165,-2.24420,1.53172,0.13154,-2.18897,1.38809,-0.01401,-2.18539,1.33229,0.03313,-2.09039,1.30766,-0.16984,-2.04954,1.26673,-0.23812,-1.99847,1.25488,-0.19024,-1.99354,1.23086,-0.27936,-2.32399,1.61948,0.56869,-2.36549,1.55407,0.68198,-2.39776,1.40999,0.83499,-2.36702,1.35443,0.78964,-2.38711,1.37408,0.93334,-2.37297,1.27852,1.08250,-2.30241,1.26677,1.06005,-2.32879,1.23783,1.14252,-2.16555,1.07825,0.31836,-2.21507,1.07742,0.56682,-2.38245,1.11185,0.35735,-2.39367,1.11816,0.45558,-2.24126,0.99886,0.24240,-2.24170,0.78398,0.24887,-2.25995,0.59024,0.27699,-2.32622,0.29369,0.24671,-2.34997,0.10822,0.26891,-2.42363,0.06418,0.31794,-2.14305,0.05810,0.36371,-2.22164,0.03414,0.25881,-2.31887,0.97686,0.61587,-2.31476,0.68198,0.60859,-2.32603,0.57327,0.59320,-2.41004,0.41933,0.61664,-2.42041,0.11299,0.58071,-2.46159,0.06347,0.51095,-2.18997,0.05917,0.58708,-2.29985,0.03284,0.65455,0.00000,0.00000,0.00000,0.00000,0.00000,0.00000,0.00000,0.00000,0.00000,0.00000,0.00000,0.00000,0.00000,0.00000,0.00000,0.00000,0.00000,0.00000
0.36000,   37,-2.23169,1.79785,0.34162,-2.18543,1.88275,0.44246,-2.27518,1.79308,0.51637,-2.13111,1.81020,0.42346,-2.33182,1.63802,0.40991,-2.38473,1.28896,0.39102,-2.39567,1.09505,0.40483,-2.13917,1.13613,0.44929,-2.19909,1.38216,0.44275,-2.20501,1.54757,0.43087,-2.41626,1.52411,0.50127,-2.25288,1.61173,0.25165,-2.24413,1.53172,0.13155,-2.18889,1.38809,-0.01398,-2.18532,1.33233,0.03315,-2.09030,1.30767,-0.16980,-2.04942,1.26675,-0.23810,-1.99838,1.25492,-0.19019,-1.99340,1.23089,-0.27933,-2.32395,1.61947,0.56870,-2.36541,1.55409,0.68202,-2.39766,1.41002,0.83509,-2.36691,1.35445,0.78965,-2.38700,1.37413,0.93341,-2.37287,1.27856,1.08254,-2.30229,1.26683,1.06009,-2.32867,1.23790,1.14256,-2.16557,1.07824,0.31839,-2.21506,1.07743,0.56689,-2.38246,1.11185,0.35741,-2.39371,1.11815,0.45565,-2.24126,0.99887,0.24240,-2.24172,0.78398,0.24886,-2.25994,0.59024,0.27700,-2.32621,0.29370,0.24673,-2.35000,0.10818,0.26894,-2.42368,0.06419,0.31793,-2.14303,0.05811,0.36368,-2.22162,0.03415,0.25879,-2.31888,0.97687,0.61590,-2.31471,0.68197,0.60861,-2.32602,0.57328,0.59322,-2.41005,0.41932,0.61666,-2.42038,0.11297,0.58074,-2.46157,0.06351,0.51094,-2.18997,0.05915,0.58710,-2.29984,0.03284,0.65454,0.00000,0.00000,0.00000,0.00000,0.00000,0.00000,0.00000,0.00000,0.00000,0.00000,0.00000,0.00000,0.00000,0.00000,0.00000,0.00000,0.00000,0.00000
0.37000,   38,-2.23167,1.79783,0.34163,-2.18538,1.88271,0.44246,-2.27517,1.79310,0.51636,-2.13108,1.81018,0.42346,-2.33180,1.63804,0.40993,-2.38473,1.28896,0.39103,-2.39573,1.09502,0.40490,-2.13910,1.13611,0.44931,-2.19907,1.38215,0.44279,-2.20496,1.54756,0.43091,-2.41622,1.52414,0.50130,-2.25284,1.61173,0.25171,-2.24402,1.53173,0.13159,-2.18874,1.38811,-0.01398,-2.18528,1.33232,0.03313,-2.09017,1.30773,-0.16988,-2.04932,1.26677,-0.23806,-1.99826,1.25494,-0.19011,-1.99327,1.23091,-0.27929,-2.32386,1.61947,0.56869,-2.36529,1.55412,0.68206,-2.39750,1.41005,0.83517,-2.36682,1.35451,0.78973,-2.38690,1.37416,0.93345,-2.37273,1.27860,1.08258,-2.30218,1.26688,1.06013,-2.32853,1.23797,1.14263,-2.16561,1.07823,0.31840,-2.21507,1.07742,0.56692,-2.38247,1.11183,0.35743,-2.39371,1.11815,0.45565,-2.24125,0.99887,0.24239,-2.24173,0.78397,0.24889,-2.25995,0.59023,0.27703,-2.32623,0.29370,0.24677,-2.35000,0.10820,0.26896,-2.42366,0.06418,0.31801,-2.14305,0.05810,0.36371,-2.22163,0.03414,0.25881,-2.31889,0.97685,0.61592,-2.31466,0.68196,0.60860,-2.32598,0.57327,0.59328,-2.40999,0.41930,0.61672,-2.42040,0.11298,0.58074,-2.46160,0.06347,0.51096,-2.18997,0.05915,0.58711,-2.29986,0.03283,0.65455,0.00000,0.00000,0.00000,0.00000,0.00000,0.00000,0.00000,0.00000,0.00000,0.00000,0.00000,0.00000,0.00000,0.00000,0.00000,0.00000,0.00000,0.00000
0.38000,   39,-2.23165,1.79781,0.34165,-2.18535,1.88269,0.44247,-2.27505,1.79308,0.51642,-2.13104,1.81016,0.42347,-2.33175,1.63803,0.40989,-2.38471,1.28895,0.39109,-2.39575,1.09503,0.40484,-2.13905,1.13606,0.44932,-2.19906,1.38210,0.44280,-2.20492,1.54755,0.43093,-2.41617,1.52418,0.50149,-2.25278,1.61170,0.25173,-2.24399,1.53172,0.13162,-2.18869,1.38811,-0.01395,-2.18516,1.33232,0.03318,-2.09010,1.30769,-0.16970,-2.04920,1.26680,-0.23801,-1.99814,1.25496,-0.19006,-1.99314,1.23093,-0.27925,-2.32380,1.61946,0.56874,-2.36527,1.55411,0.68207,-2.39738,1.41009,0.83528,-2.36672,1.35453,0.78977,-2.38681,1.37416,0.93350,-2.37266,1.27866,1.08261,-2.30205,1.26694,1.06018,-2.32840,1.23804,1.14268,-2.16567,1.07822,0.31844,-2.21508,1.07739,0.56695,-2.38248,1.11184,0.35741,-2.39370,1.11813,0.45576,-2.24130,0.99886,0.24242,-2.24174,0.78395,0.24889,-2.25994,0.59024,0.27704,-2.32625,0.29367,0.24681,-2.35002,0.10817,0.26898,-2.42364,0.06417,0.31800,-2.14304,0.05811,0.36372,-2.22164,0.03414,0.25883,-2.31883,0.97686,0.61597,-2.31460,0.68196,0.60863,-2.32598,0.57326,0.59326,-2.40997,0.41932,0.61672,-2.42040,0.11297,0.58074,-2.46160,0.06345,0.51097,-2.18996,0.05916,0.58711,-2.29986,0.03281,0.65456,0.00000,0.00000,0.00000,0.00000,0.00000,0.00000,0.00000,0.00000,0.00000,0.00000,0.00000,0.00000,0.00000,0.00000,0.00000,0.00000,0.00000,0.00000
0.39000,   40,-2.23156,1.79780,0.34166,-2.18527,1.88268,0.44247,-2.27496,1.79310,0.51649,-2.13098,1.81013,0.42349,-2.33169,1.63802,0.40992,-2.38471,1.28895,0.39109,-2.39573,1.09505,0.40497,-2.13899,1.13604,0.44935,-2.19903,1.38209,0.44280,-2.20487,1.54753,0.43094,-2.41617,1.52421,0.50153,-2.25276,1.61172,0.25175,-2.24391,1.53172,0.13165,-2.18857,1.38814,-0.01399,-2.18506,1.33234,0.03320,-2.08998,1.30770,-0.16968,-2.04909,1.26679,-0.23795,-1.99801,1.25499,-0.18997,-1.99300,1.23093,-0.27920,-2.32372,1.61947,0.56875,-2.36518,1.55413,0.68215,-2.39726,1.41009,0.83532,-2.36661,1.35454,0.78983,-2.38671,1.37420,0.93353,-2.37252,1.27868,1.08265,-2.30191,1.26699,1.06025,-2.32825,1.23809,1.14275,-2.16576,1.07820,0.31847,-2.21508,1.07739,0.56695,-2.38248,1.11184,0.35742,-2.39371,1.11813,0.45573,-2.24134,0.99886,0.24243,-2.24175,0.78397,0.24888,-2.25995,0.59025,0.27708,-2.32626,0.29366,0.24683,-2.35003,0.10816,0.26899,-2.42365,0.06418,0.31797,-2.14306,0.05810,0.36370,-2.22162,0.03415,0.25881,-2.31879,0.97684,0.61603,-2.31452,0.68200,0.60864,-2.32598,0.57328,0.59327,-2.40995,0.41934,0.61676,-2.42040,0.11296,0.58077,-2.46161,0.06345,0.51099,-2.18998,0.05915,0.58712,-2.29986,0.03283,0.65457,0.00000,0.00000,0.00000,0.00000,0.00000,0.00000,0.00000,0.00000,0.00000,0.00000,0.00000,0.00000,0.00000,0.00000,0.00000,0.00000,0.00000,0.00000
0.40000,   41,-2.23155,1.79778,0.34168,-2.18519,1.88265,0.44249,-2.27488,1.79306,0.51654,-2.13094,1.81010,0.42349,-2.33164,1.63803,0.40995,-2.38471,1.28897,0.39108,-2.39571,1.09501,0.40497,-2.13891,1.13601,0.44936,-2.19900,1.38207,0.44283,-2.20482,1.54753,0.43097,-2.41613,1.52420,0.50137,-2.25272,1.61170,0.25178,-2.24392,1.53172,0.13168,-2.18849,1.38810,-0.01392,-2.18493,1.33233,0.03330,-2.08988,1.30769,-0.16970,-2.04894,1.26679,-0.23790,-1.99788,1.25499,-0.18985,-1.99289,1.23094,-0.27914,-2.32365,1.61946,0.56880,-2.36509,1.55415,0.68220,-2.39716,1.41007,0.83537,-2.36650,1.35456,0.78988,-2.38663,1.37417,0.93352,-2.37238,1.27871,1.08269,-2.30177,1.26699,1.06029,-2.32809,1.23813,1.14282,-2.16578,1.07822,0.31849,-2.21508,1.07740,0.56699,-2.38250,1.11182,0.35748,-2.39370,1.11812,0.45577,-2.24135,0.99884,0.24248,-2.24176,0.78395,0.24893,-2.25995,0.59023,0.27707,-2.32627,0.29365,0.24683,-2.35005,0.10814,0.26904,-2.42363,0.06415,0.31801,-2.14306,0.05811,0.36371,-2.22165,0.03414,0.25883,-2.31877,0.97686,0.61608,-2.31445,0.68203,0.60864,-2.32598,0.57328,0.59327,-2.40995,0.41935,0.61682,-2.42036,0.11297,0.58078,-2.46161,0.06344,0.51098,-2.18997,0.05915,0.58712,-2.29984,0.03281,0.65459,0.00000,0.00000,0.00000,0.00000,0.00000,0.00000,0.00000,0.00000,0.00000,0.00000,0.00000,0.00000,0.00000,0.00000,0.00000,0.00000,0.00000,0.00000
0.41000,   42,-2.23149,1.79778,0.34173,-2.18511,1.88263,0.44251,-2.27484,1.79306,0.51656,-2.13090,1.81008,0.42356,-2.33159,1.63803,0.40993,-2.38471,1.28895,0.39109,-2.39571,1.09499,0.40498,-2.13884,1.13598,0.44937,-2.19895,1.38206,0.44286,-2.20478,1.54752,0.43100,-2.41608,1.52421,0.50154,-2.25269,1.61170,0.25180,-2.24384,1.53172,0.13170,-2.18840,1.38807,-0.01388,-2.18482,1.33229,0.03328,-2.08977,1.30765,-0.16951,-2.04884,1.26680,-0.23782,-1.99776,1.25500,-0.18979,-1.99279,1.23095,-0.27906,-2.32356,1.61946,0.56886,-2.36505,1.55415,0.68222,-2.39707,1.41006,0.83539,-2.36641,1.35456,0.78994,-2.38649,1.37418,0.93356,-2.37218,1.27874,1.08274,-2.30163,1.26703,1.06034,-2.32789,1.23819,1.14289,-2.16572,1.07822,0.31848,-2.21508,1.07740,0.56699,-2.38249,1.11182,0.35743,-2.39370,1.11814,0.45576,-2.24135,0.99884,0.24248,-2.24176,0.78397,0.24891,-2.25995,0.59022,0.27710,-2.32625,0.29366,0.24686,-2.35003,0.10816,0.26904,-2.42362,0.06415,0.31799,-2.14305,0.05811,0.36373,-2.22162,0.03414,0.25884,-2.31877,0.97685,0.61607,-2.31438,0.68206,0.60862,-2.32597,0.57328,0.59330,-2.40992,0.41935,0.61681,-2.42036,0.11297,0.58078,-2.46152,0.06349,0.51094,-2.18995,0.05915,0.58713,-2.29984,0.03284,0.65460,0.00000,0.00000,0.00000,0.00000,0.00000,0.00000,0.00000,0.00000,0.00000,0.00000,0.00000,0.00000,0.00000,0.00000,0.00000,0.00000,0.00000,0.00000
0.42000,   43,-2.23145,1.79776,0.34174,-2.18502,1.88260,0.44255,-2.27473,1.79305,0.51658,-2.13084,1.81004,0.42355,-2.33155,1.63803,0.40995,-2.38469,1.28894,0.39115,-2.39580,1.09499,0.40497,-2.13875,1.13598,0.44936,-2.19893,1.38206,0.44287,-2.20472,1.54751,0.43100,-2.41603,1.52421,0.50149,-2.25265,1.61167,0.25183,-2.24379,1.53169,0.13170,-2.18832,1.38805,-0.01388,-2.18471,1.33227,0.03333,-2.08965,1.30765,-0.16945,-2.04870,1.26678,-0.23777,-1.99763,1.25500,-0.18970,-1.99265,1.23096,-0.27898,-2.32351,1.61945,0.56888,-2.36501,1.55414,0.68225,-2.39694,1.41008,0.83551,-2.36631,1.35458,0.78997,-2.38634,1.37422,0.93361,-2.37197,1.27878,1.08281,-2.30147,1.26706,1.06036,-2.32771,1.23823,1.14293,-2.16578,1.07821,0.31850,-2.21507,1.07739,0.56700,-2.38250,1.11183,0.35747,-2.39370,1.11815,0.45575,-2.24139,0.99885,0.24251,-2.24180,0.78394,0.24896,-2.25995,0.59021,0.27711,-2.32625,0.29364,0.24688,-2.35004,0.10817,0.26904,-2.42363,0.06416,0.31801,-2.14305,0.05811,0.36371,-2.22165,0.03415,0.25883,-2.31877,0.97684,0.61611,-2.31435,0.68212,0.60859,-2.32597,0.57328,0.59330,-2.40991,0.41937,0.61681,-2.42032,0.11297,0.58079,-2.46161,0.06344,0.51099,-2.18998,0.05915,0.58712,-2.29990,0.03282,0.65459,0.00000,0.00000,0.00000,0.00000,0.00000,0.00000,0.00000,0.00000,0.00000,0.00000,0.00000,0.00000,0.00000,0.00000,0.00000,0.00000,0.00000,0.00000
0.43000,   44,-2.23137,1.79778,0.34175,-2.18493,1.88258,0.44257,-2.27467,1.79303,0.51658,-2.13078,1.81001,0.42356,-2.33153,1.63805,0.41001,-2.38469,1.28893,0.39117,-2.39581,1.09501,0.40495,-2.13872,1.13597,0.44936,-2.19893,1.38203,0.44288,-2.20470,1.54750,0.43101,-2.41603,1.52424,0.50165,-2.25262,1.61166,0.25184,-2.24376,1.53170,0.13173,-2.18828,1.38804,-0.01381,-2.18464,1.33225,0.03333,-2.08952,1.30765,-0.16940,-2.04858,1.26676,-0.23770,-1.99749,1.25499,-0.18965,-1.99251,1.23094,-0.27891,-2.32346,1.61943,0.56888,-2.36494,1.55414,0.68229,-2.39684,1.41009,0.83553,-2.36627,1.35454,0.79001,-2.38619,1.37425,0.93367,-2.37178,1.27881,1.08284,-2.30128,1.26706,1.06036,-2.32750,1.23824,1.14296,-2.16580,1.07822,0.31849,-2.21505,1.07739,0.56701,-2.38252,1.11180,0.35755,-2.39370,1.11814,0.45576,-2.24142,0.99883,0.24252,-2.24182,0.78396,0.24892,-2.25993,0.59023,0.27710,-2.32628,0.29365,0.24686,-2.35006,0.10813,0.26905,-2.42363,0.06416,0.31800,-2.14303,0.05812,0.36372,-2.22162,0.03415,0.25882,-2.31875,0.97685,0.61613,-2.31437,0.68211,0.60856,-2.32597,0.57328,0.59329,-2.41000,0.41931,0.61676,-2.42037,0.11295,0.58078,-2.46158,0.06345,0.51099,-2.18996,0.05916,0.58712,-2.29987,0.03282,0.65459,0.00000,0.00000,0.00000,0.00000,0.00000,0.00000,0.00000,0.00000,0.00000,0.00000,0.00000,0.00000,0.00000,0.00000,0.00000,0.00000,0.00000,0.00000
0.44000,   45,-2.23130,1.79779,0.34179,-2.18485,1.88256,0.44263,-2.27462,1.79302,0.51661,-2.13073,1.81000,0.42360,-2.33145,1.63805,0.41001,-2.38470,1.28894,0.39116,-2.39570,1.09498,0.40503,-2.13869,1.13596,0.44937,-2.19890,1.38202,0.44291,-2.20465,1.54747,0.43101,-2.41599,1.52423,0.50148,-2.25260,1.61163,0.25187,-2.24372,1.53166,0.13173,-2.18820,1.38800,-0.01385,-2.18460,1.33222,0.03338,-2.08940,1.30760,-0.16931,-2.04848,1.26674,-0.23761,-1.99740,1.25499,-0.18959,-1.99236,1.23093,-0.27884,-2.32342,1.61944,0.56891,-2.36490,1.55413,0.68231,-2.39676,1.41011,0.83562,-2.36617,1.35454,0.79005,-2.38611,1.37426,0.93363,-2.37163,1.27881,1.08286,-2.30109,1.26708,1.06039,-2.32732,1.23826,1.14300,-2.16581,1.07819,0.31851,-2.21505,1.07739,0.56704,-2.38250,1.11180,0.35751,-2.39370,1.11812,0.45582,-2.24142,0.99883,0.24252,-2.24182,0.78393,0.24897,-2.25994,0.59023,0.27712,-2.32624,0.29365,0.24684,-2.35005,0.10815,0.26901,-2.42363,0.06414,0.31798,-2.14306,0.05811,0.36372,-2.22164,0.03415,0.25884,-2.31875,0.97685,0.61613,-2.31432,0.68210,0.60857,-2.32603,0.57326,0.59329,-2.40998,0.41933,0.61678,-2.42040,0.11295,0.58076,-2.46151,0.06349,0.51094,-2.18997,0.05915,0.58712,-2.29984,0.03284,0.65460,0.00000,0.00000,0.00000,0.00000,0.00000,0.00000,0.00000,0.00000,0.00000,0.00000,0.00000,0.00000,0.00000,0.00000,0.00000,0.00000,0.00000,0.00000
0.45000,   46,-2.23126,1.79779,0.34181,-2.18477,1.88253,0.44267,-2.27455,1.79302,0.51662,-2.13069,1.80997,0.42363,-2.33143,1.63807,0.41002,-2.38469,1.28899,0.39122,-2.39570,1.09503,0.40505,-2.13863,1.13597,0.44937,-2.19886,1.38199,0.44290,-2.20462,1.54748,0.43099,-2.41599,1.52422,0.50147,-2.25255,1.61163,0.25184,-2.24366,1.53166,0.13174,-2.18813,1.38800,-0.01382,-2.18452,1.33224,0.03340,-2.08931,1.30760,-0.16928,-2.04833,1.26672,-0.23757,-1.99728,1.25501,-0.18953,-1.99221,1.23093,-0.27877,-2.32337,1.61945,0.56892,-2.36489,1.55412,0.68227,-2.39671,1.41006,0.83564,-2.36608,1.35454,0.79005,-2.38602,1.37423,0.93361,-2.37142,1.27881,1.08292,-2.30088,1.26706,1.06035,-2.32710,1.23824,1.14301,-2.16584,1.07818,0.31851,-2.21507,1.07740,0.56704,-2.38249,1.11181,0.35754,-2.39370,1.11813,0.45586,-2.24144,0.99883,0.24256,-2.24183,0.78396,0.24895,-2.25994,0.59023,0.27709,-2.32627,0.29365,0.24684,-2.35005,0.10816,0.26901,-2.42365,0.06414,0.31796,-2.14304,0.05811,0.36372,-2.22162,0.03415,0.25881,-2.31877,0.97685,0.61609,-2.31431,0.68212,0.60854,-2.32604,0.57326,0.59331,-2.40999,0.41933,0.61676,-2.42043,0.11292,0.58073,-2.46157,0.06345,0.51098,-2.18998,0.05914,0.58710,-2.29983,0.03284,0.65459,0.00000,0.00000,0.00000,0.00000,0.00000,0.00000,0.00000,0.00000,0.00000,0.00000,0.00000,0.00000,0.00000,0.00000,0.00000,0.00000,0.00000,0.00000
0.46000,   47,-2.23117,1.79781,0.34181,-2.18466,1.88251,0.44272,-2.27450,1.79296,0.51664,-2.13059,1.80995,0.42364,-2.33137,1.63807,0.41000,-2.38467,1.28893,0.39123,-2.39570,1.09500,0.40503,-2.13858,1.13597,0.44937,-2.19882,1.38200,0.44294,-2.20459,1.54749,0.43100,-2.41595,1.52420,0.50154,-2.25251,1.61162,0.25187,-2.24361,1.53165,0.13173,-2.18806,1.38799,-0.01381,-2.18446,1.33219,0.03337,-2.08923,1.30757,-0.16920,-2.04822,1.26671,-0.23751,-1.99719,1.25499,-0.18949,-1.99209,1.23092,-0.27871,-2.32335,1.61943,0.56889,-2.36485,1.55411,0.68229,-2.39665,1.41007,0.83563,-2.36597,1.35458,0.79004,-2.38592,1.37422,0.93362,-2.37127,1.27881,1.08287,-2.30070,1.26708,1.06033,-2.32696,1.23825,1.14299,-2.16582,1.07818,0.31850,-2.21506,1.07738,0.56700,-2.38249,1.11181,0.35756,-2.39370,1.11811,0.45587,-2.24141,0.99884,0.24254,-2.24183,0.78396,0.24895,-2.25994,0.59021,0.27710,-2.32627,0.29365,0.24685,-2.35004,0.10816,0.26901,-2.42365,0.06415,0.31798,-2.14304,0.05812,0.36372,-2.22163,0.03415,0.25882,-2.31883,0.97682,0.61608,-2.31429,0.68214,0.60859,-2.32608,0.57326,0.59331,-2.41002,0.41933,0.61676,-2.42041,0.11295,0.58076,-2.46160,0.06345,0.51100,-2.18997,0.05916,0.58710,-2.29983,0.03283,0.65458,0.00000,0.00000,0.00000,0.00000,0.00000,0.00000,0.00000,0.00000,0.00000,0.00000,0.00000,0.00000,0.00000,0.00000,0.00000,0.00000,0.00000,0.00000
0.47000,   48,-2.23110,1.79782,0.34184,-2.18456,1.88250,0.44281,-2.27445,1.79296,0.51667,-2.13052,1.80991,0.42370,-2.33133,1.63806,0.41000,-2.38466,1.28892,0.39128,-2.39570,1.09503,0.40504,-2.13852,1.13597,0.44941,-2.19879,1.38198,0.44292,-2.20453,1.54747,0.43101,-2.41591,1.52422,0.50158,-2.25249,1.61163,0.25187,-2.24360,1.53163,0.13176,-2.18800,1.38799,-0.01385,-2.18441,1.33218,0.03339,-2.08909,1.30757,-0.16920,-2.04807,1.26670,-0.23745,-1.99709,1.25499,-0.18943,-1.99194,1.23090,-0.27865,-2.32328,1.61943,0.56892,-2.36481,1.55411,0.68230,-2.39655,1.41006,0.83562,-2.36589,1.35455,0.79004,-2.38574,1.37419,0.93367,-2.37109,1.27882,1.08292,-2.30052,1.26705,1.06033,-2.32682,1.23824,1.14300,-2.16582,1.07818,0.31855,-2.21503,1.07744,0.56701,-2.38248,1.11182,0.35756,-2.39365,1.11810,0.45591,-2.24139,0.99885,0.24256,-2.24186,0.78393,0.24900,-2.25995,0.59022,0.27712,-2.32626,0.29366,0.24683,-2.35002,0.10815,0.26902,-2.42363,0.06413,0.31799,-2.14306,0.05811,0.36371,-2.22163,0.03415,0.25881,-2.31882,0.97684,0.61607,-2.31434,0.68214,0.60863,-2.32610,0.57327,0.59332,-2.41006,0.41929,0.61675,-2.42039,0.11297,0.58077,-2.46157,0.06345,0.51099,-2.18997,0.05915,0.58711,-2.29985,0.03282,0.65456,0.00000,0.00000,0.00000,0.00000,0.00000,0.00000,0.00000,0.00000,0.00000,0.00000,0.00000,0.00000,0.00000,0.00000,0.00000,0.00000,0.00000,0.00000
0.48000,   49,-2.23106,1.79783,0.34190,-2.18447,1.88249,0.44287,-2.27436,1.79292,0.51674,-2.13046,1.80990,0.42376,-2.33130,1.63806,0.41003,-2.38466,1.28892,0.39128,-2.39570,1.09508,0.40503,-2.13847,1.13595,0.44943,-2.19874,1.38199,0.44295,-2.20450,1.54748,0.43100,-2.41586,1.52419,0.50160,-2.25249,1.61163,0.25189,-2.24353,1.53164,0.13175,-2.18796,1.38799,-0.01381,-2.18438,1.33217,0.03341,-2.08902,1.30756,-0.16914,-2.04798,1.26668,-0.23740,-1.99702,1.25496,-0.18936,-1.99183,1.23090,-0.27860,-2.32321,1.61944,0.56895,-2.36475,1.55410,0.68230,-2.39651,1.41004,0.83559,-2.36579,1.35455,0.79006,-2.38567,1.37419,0.93370,-2.37096,1.27881,1.08295,-2.30038,1.26705,1.06033,-2.32667,1.23820,1.14301,-2.16582,1.07818,0.31858,-2.21499,1.07741,0.56706,-2.38246,1.11184,0.35755,-2.39365,1.11817,0.45592,-2.24137,0.99884,0.24259,-2.24183,0.78396,0.24895,-2.25994,0.59024,0.27711,-2.32628,0.29366,0.24682,-2.35003,0.10816,0.26899,-2.42365,0.06415,0.31798,-2.14304,0.05810,0.36371,-2.22161,0.03415,0.25880,-2.31886,0.97686,0.61609,-2.31438,0.68207,0.60860,-2.32611,0.57327,0.59336,-2.41008,0.41930,0.61675,-2.42040,0.11295,0.58076,-2.46157,0.06345,0.51097,-2.18998,0.05916,0.58710,-2.29981,0.03288,0.65460,0.00000,0.00000,0.00000,0.00000,0.00000,0.00000,0.00000,0.00000,0.00000,0.00000,0.00000,0.00000,0.00000,0.00000,0.00000,0.00000,0.00000,0.00000
0.49000,   50,-2.23102,1.79785,0.34194,-2.18438,1.88246,0.44293,-2.27431,1.79290,0.51679,-2.13038,1.80987,0.42380,-2.33127,1.63807,0.40998,-2.38457,1.28892,0.39129,-2.39561,1.09513,0.40510,-2.13838,1.13594,0.44943,-2.19867,1.38199,0.44298,-2.20443,1.54749,0.43102,-2.41585,1.52423,0.50167,-2.25242,1.61163,0.25188,-2.24350,1.53166,0.13176,-2.18791,1.38799,-0.01381,-2.18431,1.33216,0.03342,-2.08896,1.30755,-0.16914,-2.04788,1.26666,-0.23735,-1.99695,1.25495,-0.18931,-1.99173,1.23089,-0.27857,-2.32323,1.61943,0.56893,-2.36469,1.55411,0.68232,-2.39649,1.41005,0.83561,-2.36569,1.35454,0.79003,-2.38554,1.37420,0.93373,-2.37079,1.27876,1.08299,-2.30024,1.26703,1.06030,-2.32649,1.23814,1.14297,-2.16584,1.07816,0.31860,-2.21499,1.07738,0.56705,-2.38244,1.11186,0.35755,-2.39365,1.11818,0.45592,-2.24134,0.99884,0.24259,-2.24182,0.78394,0.24899,-2.25996,0.59021,0.27710,-2.32625,0.29367,0.24681,-2.35002,0.10816,0.26897,-2.42363,0.06415,0.31801,-2.14307,0.05810,0.36370,-2.22164,0.03415,0.25882,-2.31883,0.97685,0.61610,-2.31442,0.68208,0.60867,-2.32613,0.57327,0.59335,-2.41007,0.41930,0.61678,-2.42038,0.11298,0.58079,-2.46160,0.06345,0.51097,-2.18998,0.05916,0.58710,-2.29983,0.03283,0.65458,0.00000,0.00000,0.00000,0.00000,0.00000,0.00000,0.00000,0.00000,0.00000,0.00000,0.00000,0.00000,0.00000,0.00000,0.00000,0.00000,0.00000,0.00000
0.50000,   51,-2.23098,1.79785,0.34204,-2.18431,1.88243,0.44302,-2.27427,1.79288,0.51681,-2.13032,1.80982,0.42388,-2.33122,1.63807,0.41004,-2.38457,1.28892,0.39129,-2.39558,1.09506,0.40517,-2.13828,1.13593,0.44948,-2.19856,1.38199,0.44296,-2.20440,1.54748,0.43104,-2.41582,1.52423,0.50164,-2.25242,1.61162,0.25190,-2.24346,1.53165,0.13180,-2.18783,1.38799,-0.01381,-2.18426,1.33217,0.03345,-2.08888,1.30755,-0.16910,-2.04776,1.26665,-0.23731,-1.99690,1.25493,-0.18929,-1.99163,1.23086,-0.27856,-2.32314,1.61944,0.56897,-2.36462,1.55409,0.68236,-2.39642,1.41006,0.83567,-2.36561,1.35452,0.79005,-2.38551,1.37415,0.93372,-2.37064,1.27874,1.08302,-2.30012,1.26702,1.06031,-2.32634,1.23813,1.14299,-2.16575,1.07813,0.31862,-2.21495,1.07737,0.56708,-2.38243,1.11185,0.35762,-2.39365,1.11819,0.45591,-2.24130,0.99883,0.24262,-2.24182,0.78393,0.24899,-2.25996,0.59022,0.27712,-2.32628,0.29366,0.24682,-2.35003,0.10816,0.26899,-2.42363,0.06416,0.31794,-2.14307,0.05810,0.36373,-2.22164,0.03414,0.25882,-2.31877,0.97690,0.61623,-2.31447,0.68207,0.60871,-2.32619,0.57326,0.59337,-2.41006,0.41934,0.61682,-2.42040,0.11296,0.58076,-2.46160,0.06345,0.51099,-2.18997,0.05916,0.58711,-2.29983,0.03285,0.65458,0.00000,0.00000,0.00000,0.00000,0.00000,0.00000,0.00000,0.00000,0.00000,0.00000,0.00000,0.00000,0.00000,0.00000,0.00000,0.00000,0.00000,0.00000
0.51000,   52,-2.23086,1.79787,0.34207,-2.18423,1.88241,0.44310,-2.27423,1.79284,0.51687,-2.13026,1.80978,0.42395,-2.33117,1.63805,0.41002,-2.38457,1.28892,0.39129,-2.39558,1.09505,0.40517,-2.13823,1.13590,0.44949,-2.19846,1.38197,0.44299,-2.20434,1.54748,0.43104,-2.41577,1.52420,0.50166,-2.25237,1.61162,0.25194,-2.24341,1.53164,0.13180,-2.18782,1.38798,-0.01375,-2.18417,1.33219,0.03348,-2.08880,1.30754,-0.16911,-2.04767,1.26667,-0.23729,-1.99682,1.25494,-0.18922,-1.99155,1.23086,-0.27851,-2.32308,1.61945,0.56899,-2.36455,1.55408,0.68239,-2.39636,1.41000,0.83562,-2.36553,1.35452,0.79003,-2.38544,1.37412,0.93373,-2.37049,1.27874,1.08304,-2.30001,1.26699,1.06030,-2.32618,1.23808,1.14299,-2.16567,1.07813,0.31867,-2.21496,1.07736,0.56711,-2.38239,1.11189,0.35756,-2.39357,1.11818,0.45591,-2.24128,0.99885,0.24266,-2.24175,0.78393,0.24900,-2.25996,0.59024,0.27709,-2.32625,0.29365,0.24681,-2.35005,0.10815,0.26902,-2.42365,0.06413,0.31796,-2.14305,0.05810,0.36372,-2.22162,0.03416,0.25882,-2.31875,0.97688,0.61624,-2.31452,0.68200,0.60867,-2.32616,0.57328,0.59340,-2.41009,0.41933,0.61682,-2.42041,0.11294,0.58077,-2.46158,0.06343,0.51098,-2.18998,0.05913,0.58710,-2.29982,0.03284,0.65460,0.00000,0.00000,0.00000,0.00000,0.00000,0.00000,0.00000,0.00000,0.00000,0.00000,0.00000,0.00000,0.00000,0.00000,0.00000,0.00000,0.00000,0.00000
0.52000,   53,-2.23084,1.79790,0.34211,-2.18416,1.88240,0.44315,-2.27414,1.79283,0.51692,-2.13019,1.80978,0.42402,-2.33115,1.63805,0.41000,-2.38458,1.28897,0.39130,-2.39550,1.09513,0.40518,-2.13817,1.13588,0.44953,-2.19834,1.38198,0.44303,-2.20430,1.54747,0.43106,-2.41573,1.52424,0.50171,-2.25231,1.61163,0.25193,-2.24333,1.53166,0.13180,-2.18774,1.38800,-0.01374,-2.18413,1.33216,0.03347,-2.08876,1.30755,-0.16907,-2.04763,1.26664,-0.23729,-1.99676,1.25493,-0.18919,-1.99147,1.23086,-0.27848,-2.32300,1.61944,0.56902,-2.36444,1.55409,0.68243,-2.39630,1.40998,0.83556,-2.36553,1.35448,0.79003,-2.38534,1.37410,0.93374,-2.37028,1.27870,1.08310,-2.29990,1.26702,1.06030,-2.32601,1.23802,1.14296,-2.16570,1.07810,0.31872,-2.21494,1.07733,0.56711,-2.38239,1.11186,0.35762,-2.39357,1.11823,0.45591,-2.24122,0.99883,0.24266,-2.24174,0.78397,0.24900,-2.25998,0.59021,0.27714,-2.32627,0.29366,0.24684,-2.35004,0.10813,0.26901,-2.42364,0.06417,0.31796,-2.14304,0.05812,0.36372,-2.22165,0.03414,0.25884,-2.31877,0.97690,0.61623,-2.31451,0.68199,0.60874,-2.32617,0.57329,0.59341,-2.41007,0.41930,0.61687,-2.42038,0.11295,0.58076,-2.46158,0.06346,0.51098,-2.18998,0.05915,0.58712,-2.29983,0.03283,0.65458,0.00000,0.00000,0.00000,0.00000,0.00000,0.00000,0.00000,0.00000,0.00000,0.00000,0.00000,0.00000,0.00000,0.00000,0.00000,0.00000,0.00000,0.00000
0.53000,   54,-2.23080,1.79792,0.34217,-2.18408,1.88237,0.44321,-2.27408,1.79280,0.51699,-2.13014,1.80972,0.42407,-2.33108,1.63806,0.41002,-2.38447,1.28891,0.39137,-2.39446,1.09537,0.40605,-2.13812,1.13584,0.44959,-2.19825,1.38195,0.44304,-2.20425,1.54747,0.43108,-2.41565,1.52423,0.50167,-2.25227,1.61159,0.25196,-2.24328,1.53164,0.13181,-2.18774,1.38802,-0.01374,-2.18410,1.33215,0.03349,-2.08869,1.30756,-0.16907,-2.04755,1.26667,-0.23726,-1.99673,1.25492,-0.18919,-1.99142,1.23085,-0.27846,-2.32300,1.61945,0.56902,-2.36442,1.55405,0.68240,-2.39616,1.40994,0.83558,-2.36551,1.35446,0.79008,-2.38525,1.37411,0.93381,-2.37011,1.27868,1.08315,-2.29978,1.26698,1.06030,-2.32585,1.23795,1.14297,-2.16564,1.07809,0.31875,-2.21490,1.07731,0.56716,-2.37696,1.11452,0.35831,-2.39356,1.11823,0.45592,-2.24116,0.99886,0.24267,-2.24172,0.78396,0.24900,-2.25994,0.59023,0.27714,-2.32626,0.29366,0.24683,-2.35004,0.10815,0.26900,-2.42362,0.06416,0.31794,-2.14305,0.05811,0.36370,-2.22161,0.03414,0.25882,-2.31871,0.97690,0.61630,-2.31451,0.68197,0.60878,-2.32620,0.57327,0.59343,-2.41011,0.41930,0.61685,-2.42040,0.11294,0.58079,-2.46160,0.06345,0.51099,-2.18998,0.05914,0.58710,-2.29983,0.03283,0.65460,0.00000,0.00000,0.00000,0.00000,0.00000,0.00000,0.00000,0.00000,0.00000,0.00000,0.00000,0.00000,0.00000,0.00000,0.00000,0.00000,0.00000,0.00000
0.54000,   55,-2.23078,1.79792,0.34221,-2.18403,1.88239,0.44327,-2.27403,1.79280,0.51704,-2.13008,1.80971,0.42413,-2.33103,1.63804,0.41009,-2.38444,1.28889,0.39143,-2.39440,1.09537,0.40619,-2.13807,1.13581,0.44959,-2.19819,1.38194,0.44306,-2.20418,1.54746,0.43111,-2.41564,1.52422,0.50172,-2.25222,1.61160,0.25197,-2.24319,1.53164,0.13180,-2.18767,1.38802,-0.01374,-2.18403,1.33214,0.03348,-2.08866,1.30756,-0.16903,-2.04750,1.26668,-0.23727,-1.99669,1.25492,-0.18915,-1.99140,1.23084,-0.27846,-2.32293,1.61945,0.56904,-2.36434,1.55405,0.68245,-2.39604,1.40994,0.83564,-2.36543,1.35443,0.79004,-2.38521,1.37407,0.93376,-2.37002,1.27862,1.08313,-2.29967,1.26696,1.06027,-2.32571,1.23791,1.14296,-2.16561,1.07808,0.31879,-2.21488,1.07732,0.56718,-2.37653,1.11455,0.35849,-2.39348,1.11821,0.45599,-2.24116,0.99883,0.24273,-2.24170,0.78394,0.24905,-2.25994,0.59023,0.27714,-2.32627,0.29366,0.24684,-2.35005,0.10817,0.26902,-2.42364,0.06417,0.31794,-2.14305,0.05810,0.36372,-2.22164,0.03414,0.25883,-2.31867,0.97692,0.61636,-2.31451,0.68197,0.60876,-2.32624,0.57327,0.59344,-2.41009,0.41934,0.61688,-2.42042,0.11296,0.58078,-2.46159,0.06347,0.51098,-2.18997,0.05914,0.58712,-2.29985,0.03282,0.65458,0.00000,0.00000,0.00000,0.00000,0.00000,0.00000,0.00000,0.00000,0.00000,0.00000,0.00000,0.00000,0.00000,0.00000,0.00000,0.00000,0.00000,0.00000
0.55000,   56,-2.23071,1.79792,0.34222,-2.18398,1.88237,0.44330,-2.27401,1.79275,0.51704,-2.13002,1.80972,0.42419,-2.33096,1.63803,0.41010,-2.38445,1.28895,0.39145,-2.39441,1.09537,0.40616,-2.13803,1.13581,0.44959,-2.19817,1.38194,0.44307,-2.20409,1.54744,0.43111,-2.41552,1.52422,0.50170,-2.25214,1.61160,0.25201,-2.24313,1.53165,0.13183,-2.18765,1.38802,-0.01367,-2.18398,1.33218,0.03350,-2.08856,1.30758,-0.16906,-2.04745,1.26670,-0.23727,-1.99666,1.25489,-0.18915,-1.99135,1.23086,-0.27844,-2.32289,1.61942,0.56907,-2.36429,1.55406,0.68249,-2.39597,1.40989,0.83564,-2.36535,1.35442,0.79007,-2.38507,1.37405,0.93383,-2.36990,1.27858,1.08315,-2.29958,1.26693,1.06026,-2.32559,1.23786,1.14294,-2.16558,1.07808,0.31883,-2.21485,1.07732,0.56718,-2.37653,1.11453,0.35860,-2.39343,1.11819,0.45603,-2.24110,0.99884,0.24270,-2.24164,0.78396,0.24906,-2.25992,0.59024,0.27718,-2.32626,0.29366,0.24683,-2.35005,0.10817,0.26901,-2.42364,0.06416,0.31796,-2.14306,0.05811,0.36373,-2.22163,0.03416,0.25883,-2.31864,0.97690,0.61637,-2.31457,0.68194,0.60880,-2.32617,0.57328,0.59344,-2.41009,0.41933,0.61690,-2.42041,0.11297,0.58078,-2.46160,0.06344,0.51100,-2.18998,0.05915,0.58713,-2.29985,0.03283,0.65460,0.00000,0.00000,0.00000,0.00000,0.00000,0.00000,0.00000,0.00000,0.00000,0.00000,0.00000,0.00000,0.00000,0.00000,0.00000,0.00000,0.00000,0.00000
0.56000,   57,-2.23066,1.79790,0.34223,-2.18393,1.88237,0.44332,-2.27399,1.79274,0.51704,-2.12997,1.80971,0.42422,-2.33087,1.63802,0.41011,-2.38437,1.28895,0.39145,-2.39436,1.09538,0.40617,-2.13802,1.13578,0.44962,-2.19817,1.38188,0.44307,-2.20399,1.54743,0.43115,-2.41551,1.52423,0.50174,-2.25205,1.61162,0.25203,-2.24307,1.53165,0.13184,-2.18757,1.38805,-0.01370,-2.18398,1.33218,0.03350,-2.08856,1.30759,-0.16907,-2.04744,1.26672,-0.23727,-1.99666,1.25490,-0.18916,-1.99133,1.23087,-0.27845,-2.32286,1.61940,0.56912,-2.36421,1.55400,0.68250,-2.39587,1.40989,0.83570,-2.36532,1.35438,0.79005,-2.38496,1.37401,0.93385,-2.36979,1.27853,1.08318,-2.29952,1.26686,1.06027,-2.32549,1.23780,1.14293,-2.16558,1.07808,0.31884,-2.21486,1.07730,0.56719,-2.37652,1.11453,0.35861,-2.39339,1.11822,0.45599,-2.24108,0.99886,0.24273,-2.24165,0.78396,0.24911,-2.25992,0.59024,0.27718,-2.32625,0.29367,0.24686,-2.35004,0.10817,0.26900,-2.42370,0.06417,0.31788,-2.14306,0.05809,0.36371,-2.22163,0.03416,0.25883,-2.31860,0.97688,0.61638,-2.31456,0.68195,0.60883,-2.32619,0.57326,0.59348,-2.41006,0.41936,0.61692,-2.42041,0.11297,0.58079,-2.46157,0.06344,0.51099,-2.18998,0.05915,0.58713,-2.29986,0.03282,0.65460,0.00000,0.00000,0.00000,0.00000,0.00000,0.00000,0.00000,0.00000,0.00000,0.00000,0.00000,0.00000,0.00000,0.00000,0.00000,0.00000,0.00000,0.00000
0.57000,   58,-2.23059,1.79791,0.34227,-2.18390,1.88235,0.44333,-2.27396,1.79273,0.51704,-2.12991,1.80970,0.42426,-2.33081,1.63802,0.41018,-2.38436,1.28897,0.39144,-2.39435,1.09538,0.40610,-2.13799,1.13577,0.44961,-2.19811,1.38187,0.44305,-2.20388,1.54741,0.43118,-2.41543,1.52424,0.50175,-2.25201,1.61161,0.25210,-2.24304,1.53169,0.13186,-2.18753,1.38806,-0.01367,-2.18391,1.33222,0.03352,-2.08848,1.30764,-0.16907,-2.04741,1.26671,-0.23726,-1.99663,1.25488,-0.18914,-1.99132,1.23087,-0.27847,-2.32280,1.61940,0.56914,-2.36408,1.55400,0.68257,-2.39580,1.40985,0.83572,-2.36528,1.35436,0.79009,-2.38487,1.37398,0.93387,-2.36973,1.27850,1.08318,-2.29942,1.26683,1.06027,-2.32544,1.23777,1.14292,-2.16556,1.07807,0.31885,-2.21484,1.07731,0.56723,-2.37649,1.11453,0.35858,-2.39343,1.11822,0.45601,-2.24107,0.99884,0.24275,-2.24161,0.78394,0.24913,-2.25988,0.59023,0.27720,-2.32624,0.29368,0.24687,-2.35005,0.10815,0.26902,-2.42364,0.06416,0.31795,-2.14306,0.05810,0.36370,-2.22164,0.03414,0.25885,-2.31854,0.97693,0.61644,-2.31456,0.68196,0.60885,-2.32613,0.57328,0.59347,-2.41008,0.41932,0.61688,-2.42041,0.11297,0.58079,-2.46161,0.06346,0.51098,-2.18997,0.05914,0.58712,-2.29983,0.03283,0.65460,0.00000,0.00000,0.00000,0.00000,0.00000,0.00000,0.00000,0.00000,0.00000,0.00000,0.00000,0.00000,0.00000,0.00000,0.00000,0.00000,0.00000,0.00000
0.58000,   59,-2.23054,1.79786,0.34230,-2.18385,1.88236,0.44338,-2.27395,1.79269,0.51704,-2.12983,1.80970,0.42430,-2.33075,1.63800,0.41022,-2.38436,1.28895,0.39145,-2.39434,1.09539,0.40617,-2.13799,1.13577,0.44961,-2.19812,1.38184,0.44306,-2.20380,1.54736,0.43119,-2.41538,1.52422,0.50182,-2.25192,1.61163,0.25210,-2.24295,1.53169,0.13187,-2.18749,1.38813,-0.01371,-2.18390,1.33222,0.03347,-2.08848,1.30764,-0.16906,-2.04737,1.26673,-0.23728,-1.99658,1.25490,-0.18916,-1.99133,1.23087,-0.27849,-2.32276,1.61936,0.56913,-2.36408,1.55395,0.68256,-2.39576,1.40981,0.83571,-2.36523,1.35431,0.79011,-2.38479,1.37393,0.93389,-2.36973,1.27846,1.08313,-2.29940,1.26679,1.06027,-2.32540,1.23776,1.14292,-2.16546,1.07808,0.31881,-2.21478,1.07731,0.56722,-2.37646,1.11452,0.35859,-2.39335,1.11824,0.45602,-2.24108,0.99883,0.24278,-2.24161,0.78394,0.24913,-2.25984,0.59025,0.27720,-2.32620,0.29369,0.24688,-2.35005,0.10816,0.26903,-2.42370,0.06417,0.31795,-2.14304,0.05810,0.36372,-2.22161,0.03415,0.25881,-2.31848,0.97692,0.61644,-2.31459,0.68193,0.60876,-2.32613,0.57326,0.59347,-2.41002,0.41936,0.61694,-2.42038,0.11298,0.58082,-2.46153,0.06350,0.51096,-2.18996,0.05914,0.58711,-2.29986,0.03282,0.65458,0.00000,0.00000,0.00000,0.00000,0.00000,0.00000,0.00000,0.00000,0.00000,0.00000,0.00000,0.00000,0.00000,0.00000,0.00000,0.00000,0.00000,0.00000
0.59000,   60,-2.23046,1.79786,0.34230,-2.18380,1.88238,0.44337,-2.27393,1.79268,0.51703,-2.12979,1.80971,0.42431,-2.33069,1.63801,0.41026,-2.38430,1.28900,0.39139,-2.39430,1.09541,0.40617,-2.13798,1.13578,0.44960,-2.19805,1.38181,0.44301,-2.20373,1.54733,0.43122,-2.41530,1.52426,0.50180,-2.25181,1.61166,0.25213,-2.24287,1.53173,0.13188,-2.18744,1.38813,-0.01356,-2.18385,1.33226,0.03350,-2.08845,1.30768,-0.16909,-2.04736,1.26677,-0.23729,-1.99659,1.25488,-0.18917,-1.99131,1.23089,-0.27850,-2.32271,1.61936,0.56917,-2.36402,1.55391,0.68258,-2.39574,1.40976,0.83572,-2.36521,1.35430,0.79010,-2.38476,1.37389,0.93387,-2.36968,1.27844,1.08312,-2.29933,1.26676,1.06028,-2.32538,1.23775,1.14294,-2.16546,1.07807,0.31882,-2.21478,1.07732,0.56725,-2.37643,1.11453,0.35866,-2.39334,1.11821,0.45602,-2.24106,0.99882,0.24276,-2.24161,0.78394,0.24913,-2.25984,0.59023,0.27719,-2.32620,0.29369,0.24686,-2.35005,0.10814,0.26905,-2.42367,0.06416,0.31799,-2.14306,0.05809,0.36372,-2.22165,0.03415,0.25882,-2.31848,0.97692,0.61644,-2.31456,0.68195,0.60883,-2.32611,0.57329,0.59344,-2.41004,0.41933,0.61690,-2.42034,0.11299,0.58082,-2.46155,0.06348,0.51096,-2.18998,0.05915,0.58712,-2.29986,0.03281,0.65458,0.00000,0.00000,0.00000,0.00000,0.00000,0.00000,0.00000,0.00000,0.00000,0.00000,0.00000,0.00000,0.00000,0.00000,0.00000,0.00000,0.00000,0.00000
0.60000,   61,-2.23039,1.79784,0.34231,-2.18375,1.88236,0.44340,-2.27386,1.79269,0.51704,-2.12972,1.80972,0.42436,-2.33060,1.63800,0.41032,-2.38430,1.28900,0.39138,-2.39432,1.09537,0.40624,-2.13798,1.13578,0.44959,-2.19798,1.38179,0.44304,-2.20363,1.54730,0.43122,-2.41521,1.52423,0.50179,-2.25173,1.61168,0.25215,-2.24281,1.53174,0.13187,-2.18733,1.38819,-0.01365,-2.18378,1.33232,0.03350,-2.08840,1.30770,-0.16909,-2.04737,1.26678,-0.23730,-1.99656,1.25488,-0.18921,-1.99128,1.23090,-0.27852,-2.32268,1.61932,0.56919,-2.36399,1.55387,0.68256,-2.39567,1.40970,0.83571,-2.36518,1.35423,0.79011,-2.38470,1.37388,0.93388,-2.36962,1.27843,1.08317,-2.29930,1.26672,1.06027,-2.32536,1.23772,1.14294,-2.16543,1.07807,0.31880,-2.21475,1.07730,0.56725,-2.37644,1.11450,0.35867,-2.39330,1.11823,0.45605,-2.24105,0.99884,0.24278,-2.24157,0.78397,0.24916,-2.25978,0.59024,0.27720,-2.32616,0.29369,0.24689,-2.35000,0.10818,0.26901,-2.42365,0.06418,0.31797,-2.14304,0.05807,0.36370,-2.22162,0.03414,0.25882,-2.31847,0.97691,0.61641,-2.31450,0.68197,0.60886,-2.32608,0.57325,0.59346,-2.41003,0.41935,0.61689,-2.42034,0.11299,0.58082,-2.46160,0.06345,0.51098,-2.18995,0.05914,0.58711,-2.29985,0.03281,0.65457,0.00000,0.00000,0.00000,0.00000,0.00000,0.00000,0.00000,0.00000,0.00000,0.00000,0.00000,0.00000,0.00000,0.00000,0.00000,0.00000,0.00000,0.00000
0.61000,   62,-2.23033,1.79788,0.34234,-2.18370,1.88235,0.44346,-2.27392,1.79262,0.51689,-2.12963,1.80971,0.42439,-2.33052,1.63801,0.41035,-2.38423,1.28900,0.39132,-2.39428,1.09537,0.40624,-2.13795,1.13580,0.44958,-2.19794,1.38178,0.44302,-2.20356,1.54729,0.43123,-2.41513,1.52421,0.50184,-2.25168,1.61167,0.25217,-2.24273,1.53175,0.13187,-2.18731,1.38821,-0.01359,-2.18373,1.33237,0.03349,-2.08837,1.30773,-0.16912,-2.04737,1.26681,-0.23733,-1.99652,1.25491,-0.18925,-1.99128,1.23089,-0.27854,-2.32261,1.61930,0.56921,-2.36388,1.55382,0.68257,-2.39565,1.40963,0.83569,-2.36515,1.35420,0.79012,-2.38472,1.37384,0.93381,-2.36964,1.27838,1.08314,-2.29930,1.26667,1.06024,-2.32535,1.23771,1.14294,-2.16538,1.07806,0.31877,-2.21467,1.07730,0.56726,-2.37637,1.11451,0.35865,-2.39325,1.11823,0.45608,-2.24106,0.99884,0.24280,-2.24159,0.78394,0.24919,-2.25979,0.59023,0.27723,-2.32617,0.29370,0.24687,-2.34999,0.10819,0.26901,-2.42364,0.06418,0.31798,-2.14303,0.05811,0.36372,-2.22161,0.03415,0.25882,-2.31846,0.97692,0.61643,-2.31452,0.68194,0.60882,-2.32608,0.57327,0.59346,-2.41001,0.41933,0.61690,-2.42038,0.11297,0.58079,-2.46155,0.06349,0.51095,-2.18995,0.05914,0.58712,-2.29983,0.03283,0.65458,0.00000,0.00000,0.00000,0.00000,0.00000,0.00000,0.00000,0.00000,0.00000,0.00000,0.00000,0.00000,0.00000,0.00000,0.00000,0.00000,0.00000,0.00000
0.62000,   63,-2.23020,1.79791,0.34233,-2.18363,1.88237,0.44349,-2.27381,1.79264,0.51703,-2.12956,1.80974,0.42443,-2.33042,1.63801,0.41037,-2.38421,1.28900,0.39138,-2.39427,1.09537,0.40625,-2.13790,1.13581,0.44955,-2.19795,1.38176,0.44299,-2.20347,1.54728,0.43121,-2.41505,1.52426,0.50175,-2.25163,1.61168,0.25218,-2.24265,1.53181,0.13185,-2.18724,1.38825,-0.01358,-2.18365,1.33242,0.03349,-2.08834,1.30777,-0.16914,-2.04731,1.26685,-0.23737,-1.99651,1.25492,-0.18931,-1.99128,1.23091,-0.27860,-2.32256,1.61931,0.56921,-2.36381,1.55383,0.68257,-2.39561,1.40964,0.83571,-2.36508,1.35417,0.79009,-2.38470,1.37379,0.93380,-2.36969,1.27834,1.08306,-2.29930,1.26664,1.06025,-2.32535,1.23771,1.14293,-2.16535,1.07808,0.31873,-2.21465,1.07729,0.56723,-2.37637,1.11452,0.35871,-2.39321,1.11826,0.45607,-2.24104,0.99882,0.24278,-2.24160,0.78395,0.24916,-2.25979,0.59025,0.27722,-2.32617,0.29369,0.24689,-2.34995,0.10822,0.26901,-2.42365,0.06416,0.31800,-2.14304,0.05809,0.36372,-2.22163,0.03416,0.25883,-2.31841,0.97692,0.61644,-2.31452,0.68194,0.60881,-2.32601,0.57328,0.59345,-2.40997,0.41935,0.61687,-2.42037,0.11301,0.58079,-2.46155,0.06350,0.51095,-2.18996,0.05913,0.58710,-2.29986,0.03281,0.65458,0.00000,0.00000,0.00000,0.00000,0.00000,0.00000,0.00000,0.00000,0.00000,0.00000,0.00000,0.00000,0.00000,0.00000,0.00000,0.00000,0.00000,0.00000
0.63000,   64,-2.23016,1.79791,0.34237,-2.18356,1.88237,0.44351,-2.27369,1.79261,0.51707,-2.12949,1.80972,0.42446,-2.33036,1.63804,0.41037,-2.38415,1.28905,0.39134,-2.39422,1.09541,0.40624,-2.13787,1.13580,0.44956,-2.19791,1.38175,0.44298,-2.20341,1.54726,0.43121,-2.41496,1.52424,0.50180,-2.25158,1.61167,0.25217,-2.24260,1.53181,0.13184,-2.18718,1.38826,-0.01363,-2.18363,1.33245,0.03343,-2.08834,1.30779,-0.16918,-2.04729,1.26688,-0.23742,-1.99646,1.25495,-0.18935,-1.99125,1.23094,-0.27863,-2.32249,1.61932,0.56921,-2.36376,1.55378,0.68258,-2.39560,1.40961,0.83563,-2.36508,1.35416,0.79007,-2.38466,1.37374,0.93379,-2.36967,1.27833,1.08305,-2.29929,1.26660,1.06023,-2.32540,1.23766,1.14291,-2.16527,1.07806,0.31871,-2.21461,1.07728,0.56726,-2.37634,1.11455,0.35870,-2.39317,1.11825,0.45610,-2.24100,0.99883,0.24276,-2.24160,0.78397,0.24916,-2.25977,0.59025,0.27721,-2.32617,0.29372,0.24688,-2.34999,0.10819,0.26901,-2.42362,0.06417,0.31795,-2.14306,0.05808,0.36368,-2.22163,0.03416,0.25882,-2.31841,0.97690,0.61644,-2.31448,0.68199,0.60889,-2.32596,0.57329,0.59347,-2.40999,0.41936,0.61688,-2.42037,0.11298,0.58076,-2.46155,0.06350,0.51096,-2.18997,0.05912,0.58713,-2.29986,0.03281,0.65456,0.00000,0.00000,0.00000,0.00000,0.00000,0.00000,0.00000,0.00000,0.00000,0.00000,0.00000,0.00000,0.00000,0.00000,0.00000,0.00000,0.00000,0.00000
0.64000,   65,-2.23008,1.79795,0.34242,-2.18348,1.88236,0.44358,-2.27361,1.79257,0.51706,-2.12941,1.80972,0.42448,-2.33032,1.63804,0.41032,-2.38414,1.28900,0.39133,-2.39421,1.09541,0.40625,-2.13784,1.13578,0.44958,-2.19783,1.38178,0.44300,-2.20339,1.54726,0.43119,-2.41491,1.52424,0.50183,-2.25154,1.61168,0.25217,-2.24254,1.53180,0.13185,-2.18713,1.38829,-0.01366,-2.18357,1.33248,0.03335,-2.08825,1.30782,-0.16919,-2.04726,1.26692,-0.23743,-1.99639,1.25501,-0.18943,-1.99123,1.23098,-0.27866,-2.32234,1.61933,0.56927,-2.36369,1.55378,0.68258,-2.39556,1.40959,0.83564,-2.36506,1.35416,0.79008,-2.38460,1.37378,0.93381,-2.36965,1.27833,1.08307,-2.29932,1.26655,1.06023,-2.32541,1.23764,1.14291,-2.16519,1.07807,0.31867,-2.21456,1.07728,0.56725,-2.37625,1.11456,0.35876,-2.39313,1.11827,0.45608,-2.24100,0.99885,0.24276,-2.24157,0.78397,0.24916,-2.25978,0.59024,0.27720,-2.32617,0.29373,0.24687,-2.35001,0.10818,0.26904,-2.42362,0.06420,0.31798,-2.14306,0.05807,0.36371,-2.22161,0.03413,0.25881,-2.31836,0.97688,0.61643,-2.31450,0.68196,0.60884,-2.32596,0.57329,0.59347,-2.40997,0.41935,0.61687,-2.42040,0.11301,0.58077,-2.46160,0.06350,0.51098,-2.18996,0.05913,0.58710,-2.29985,0.03281,0.65459,0.00000,0.00000,0.00000,0.00000,0.00000,0.00000,0.00000,0.00000,0.00000,0.00000,0.00000,0.00000,0.00000,0.00000,0.00000,0.00000,0.00000,0.00000
0.65000,   66,-2.22999,1.79797,0.34244,-2.18338,1.88235,0.44359,-2.27349,1.79259,0.51707,-2.12932,1.80970,0.42448,-2.33024,1.63805,0.41031,-2.38406,1.28905,0.39135,-2.39507,1.09518,0.40542,-2.13778,1.13579,0.44955,-2.19783,1.38178,0.44300,-2.20335,1.54726,0.43122,-2.41487,1.52428,0.50181,-2.25151,1.61166,0.25216,-2.24252,1.53179,0.13182,-2.18708,1.38830,-0.01367,-2.18357,1.33250,0.03333,-2.08821,1.30782,-0.16923,-2.04722,1.26696,-0.23747,-1.99632,1.25506,-0.18946,-1.99117,1.23102,-0.27871,-2.32233,1.61934,0.56925,-2.36361,1.55379,0.68263,-2.39550,1.40962,0.83562,-2.36501,1.35418,0.79008,-2.38459,1.37374,0.93375,-2.36971,1.27829,1.08302,-2.29933,1.26650,1.06023,-2.32546,1.23755,1.14288,-2.16513,1.07806,0.31865,-2.21451,1.07728,0.56725,-2.37578,1.11502,0.35914,-2.39304,1.11828,0.45609,-2.24097,0.99882,0.24275,-2.24156,0.78399,0.24911,-2.25976,0.59025,0.27722,-2.32617,0.29373,0.24687,-2.34997,0.10821,0.26903,-2.42367,0.06419,0.31792,-2.14305,0.05809,0.36372,-2.22162,0.03413,0.25884,-2.31832,0.97693,0.61648,-2.31444,0.68197,0.60887,-2.32592,0.57331,0.59347,-2.40997,0.41937,0.61687,-2.42037,0.11301,0.58079,-2.46160,0.06350,0.51099,-2.18997,0.05911,0.58714,-2.29982,0.03285,0.65460,0.00000,0.00000,0.00000,0.00000,0.00000,0.00000,0.00000,0.00000,0.00000,0.00000,0.00000,0.00000,0.00000,0.00000,0.00000,0.00000,0.00000,0.00000
0.66000,   67,-2.22993,1.79799,0.34245,-2.18325,1.88233,0.44359,-2.27335,1.79256,0.51711,-2.12921,1.80968,0.42450,-2.33021,1.63808,0.41033,-2.38397,1.28905,0.39136,-2.39509,1.09523,0.40520,-2.13775,1.13579,0.44955,-2.19783,1.38176,0.44300,-2.20327,1.54726,0.43120,-2.41479,1.52431,0.50182,-2.25146,1.61165,0.25218,-2.24246,1.53179,0.13182,-2.18702,1.38830,-0.01370,-2.18350,1.33249,0.03331,-2.08819,1.30789,-0.16928,-2.04717,1.26701,-0.23752,-1.99627,1.25513,-0.18951,-1.99114,1.23107,-0.27874,-2.32225,1.61935,0.56927,-2.36358,1.55381,0.68265,-2.39549,1.40962,0.83564,-2.36504,1.35421,0.79010,-2.38455,1.37379,0.93374,-2.36974,1.27826,1.08296,-2.29937,1.26643,1.06020,-2.32553,1.23751,1.14282,-2.16504,1.07805,0.31863,-2.21444,1.07729,0.56725,-2.37555,1.11503,0.35926,-2.39300,1.11833,0.45607,-2.24091,0.99885,0.24275,-2.24154,0.78397,0.24907,-2.25976,0.59024,0.27720,-2.32617,0.29375,0.24688,-2.34999,0.10820,0.26902,-2.42362,0.06419,0.31797,-2.14304,0.05808,0.36371,-2.22163,0.03415,0.25883,-2.31831,0.97692,0.61648,-2.31439,0.68204,0.60891,-2.32592,0.57331,0.59347,-2.40997,0.41937,0.61688,-2.42040,0.11301,0.58078,-2.46158,0.06349,0.51097,-2.18995,0.05913,0.58710,-2.29983,0.03283,0.65458,0.00000,0.00000,0.00000,0.00000,0.00000,0.00000,0.00000,0.00000,0.00000,0.00000,0.00000,0.00000,0.00000,0.00000,0.00000,0.00000,0.00000,0.00000
0.67000,   68,-2.22982,1.79796,0.34244,-2.18313,1.88230,0.44360,-2.27323,1.79256,0.51713,-2.12912,1.80963,0.42448,-2.33014,1.63806,0.41034,-2.38396,1.28902,0.39135,-2.39506,1.09525,0.40525,-2.13772,1.13578,0.44957,-2.19777,1.38178,0.44302,-2.20328,1.54725,0.43123,-2.41474,1.52424,0.50190,-2.25146,1.61162,0.25219,-2.24244,1.53178,0.13182,-2.18702,1.38829,-0.01367,-2.18348,1.33247,0.03325,-2.08818,1.30791,-0.16930,-2.04711,1.26706,-0.23754,-1.99622,1.25517,-0.18953,-1.99108,1.23112,-0.27876,-2.32217,1.61936,0.56927,-2.36351,1.55384,0.68269,-2.39541,1.40965,0.83567,-2.36502,1.35423,0.79009,-2.38450,1.37378,0.93380,-2.36977,1.27822,1.08294,-2.29937,1.26637,1.06021,-2.32560,1.23741,1.14282,-2.16503,1.07802,0.31866,-2.21437,1.07728,0.56723,-2.37556,1.11504,0.35925,-2.39296,1.11831,0.45603,-2.24081,0.99885,0.24272,-2.24148,0.78400,0.24903,-2.25974,0.59024,0.27720,-2.32614,0.29373,0.24686,-2.34997,0.10821,0.26903,-2.42364,0.06419,0.31796,-2.14304,0.05808,0.36370,-2.22163,0.03414,0.25882,-2.31834,0.97690,0.61643,-2.31443,0.68198,0.60889,-2.32592,0.57330,0.59346,-2.40995,0.41939,0.61689,-2.42036,0.11304,0.58078,-2.46155,0.06350,0.51096,-2.18995,0.05912,0.58713,-2.29984,0.03283,0.65459,0.00000,0.00000,0.00000,0.00000,0.00000,0.00000,0.00000,0.00000,0.00000,0.00000,0.00000,0.00000,0.00000,0.00000,0.00000,0.00000,0.00000,0.00000
0.68000,   69,-2.22972,1.79796,0.34242,-2.18300,1.88227,0.44358,-2.27309,1.79258,0.51710,-2.12902,1.80959,0.42446,-2.33013,1.63805,0.41033,-2.38388,1.28899,0.39136,-2.39498,1.09525,0.40522,-2.13772,1.13578,0.44957,-2.19778,1.38177,0.44304,-2.20322,1.54723,0.43125,-2.41470,1.52427,0.50193,-2.25146,1.61161,0.25220,-2.24244,1.53176,0.13183,-2.18702,1.38828,-0.01369,-2.18347,1.33250,0.03327,-2.08811,1.30792,-0.16931,-2.04706,1.26708,-0.23756,-1.99616,1.25525,-0.18956,-1.99104,1.23118,-0.27877,-2.32206,1.61939,0.56931,-2.36345,1.55384,0.68267,-2.39540,1.40965,0.83567,-2.36492,1.35420,0.79007,-2.38449,1.37378,0.93382,-2.36977,1.27819,1.08298,-2.29942,1.26631,1.06018,-2.32561,1.23736,1.14284,-2.16497,1.07802,0.31870,-2.21430,1.07726,0.56725,-2.37550,1.11502,0.35921,-2.39292,1.11832,0.45601,-2.24075,0.99884,0.24271,-2.24147,0.78396,0.24902,-2.25970,0.59023,0.27718,-2.32613,0.29373,0.24686,-2.34997,0.10821,0.26903,-2.42364,0.06419,0.31797,-2.14303,0.05810,0.36371,-2.22162,0.03416,0.25883,-2.31835,0.97687,0.61641,-2.31441,0.68194,0.60882,-2.32589,0.57332,0.59345,-2.40993,0.41940,0.61693,-2.42031,0.11303,0.58078,-2.46159,0.06354,0.51097,-2.18994,0.05913,0.58713,-2.29981,0.03285,0.65462,0.00000,0.00000,0.00000,0.00000,0.00000,0.00000,0.00000,0.00000,0.00000,0.00000,0.00000,0.00000,0.00000,0.00000,0.00000,0.00000,0.00000,0.00000
0.69000,   70,-2.22964,1.79796,0.34237,-2.18289,1.88224,0.44358,-2.27290,1.79261,0.51714,-2.12892,1.80952,0.42445,-2.33008,1.63806,0.41038,-2.38388,1.28907,0.39136,-2.39489,1.09524,0.40523,-2.13768,1.13579,0.44961,-2.19774,1.38176,0.44306,-2.20321,1.54723,0.43124,-2.41461,1.52427,0.50188,-2.25146,1.61160,0.25219,-2.24244,1.53175,0.13185,-2.18702,1.38830,-0.01371,-2.18347,1.33246,0.03320,-2.08810,1.30798,-0.16933,-2.04705,1.26713,-0.23756,-1.99611,1.25531,-0.18957,-1.99097,1.23125,-0.27879,-2.32202,1.61939,0.56931,-2.36342,1.55383,0.68269,-2.39540,1.40963,0.83570,-2.36491,1.35420,0.79005,-2.38453,1.37376,0.93376,-2.36981,1.27818,1.08295,-2.29947,1.26628,1.06021,-2.32565,1.23732,1.14284,-2.16490,1.07800,0.31870,-2.21427,1.07723,0.56720,-2.37540,1.11503,0.35925,-2.39283,1.11831,0.45600,-2.24067,0.99884,0.24273,-2.24139,0.78398,0.24905,-2.25966,0.59023,0.27720,-2.32609,0.29373,0.24686,-2.34997,0.10822,0.26903,-2.42366,0.06419,0.31798,-2.14304,0.05808,0.36371,-2.22162,0.03415,0.25882,-2.31829,0.97689,0.61643,-2.31438,0.68197,0.60883,-2.32590,0.57329,0.59345,-2.40990,0.41941,0.61690,-2.42035,0.11302,0.58077,-2.46161,0.06353,0.51100,-2.18996,0.05912,0.58712,-2.29985,0.03282,0.65457,0.00000,0.00000,0.00000,0.00000,0.00000,0.00000,0.00000,0.00000,0.00000,0.00000,0.00000,0.00000,0.00000,0.00000,0.00000,0.00000,0.00000,0.00000
0.70000,   71,-2.22954,1.79793,0.34235,-2.18275,1.88222,0.44356,-2.27274,1.79263,0.51714,-2.12884,1.80947,0.42440,-2.33004,1.63806,0.41040,-2.38388,1.28901,0.39135,-2.39482,1.09527,0.40516,-2.13768,1.13580,0.44964,-2.19774,1.38175,0.44307,-2.20318,1.54721,0.43123,-2.41457,1.52426,0.50191,-2.25145,1.61159,0.25218,-2.24247,1.53173,0.13184,-2.18702,1.38830,-0.01373,-2.18347,1.33247,0.03320,-2.08806,1.30799,-0.16931,-2.04701,1.26715,-0.23757,-1.99604,1.25537,-0.18955,-1.99092,1.23130,-0.27878,-2.32199,1.61937,0.56932,-2.36341,1.55382,0.68269,-2.39538,1.40964,0.83564,-2.36489,1.35419,0.79008,-2.38449,1.37372,0.93380,-2.36986,1.27817,1.08297,-2.29948,1.26625,1.06023,-2.32567,1.23731,1.14287,-2.16486,1.07801,0.31875,-2.21416,1.07720,0.56723,-2.37533,1.11507,0.35915,-2.39283,1.11831,0.45600,-2.24059,0.99886,0.24270,-2.24135,0.78399,0.24905,-2.25963,0.59022,0.27719,-2.32609,0.29375,0.24686,-2.35000,0.10821,0.26904,-2.42364,0.06418,0.31800,-2.14303,0.05810,0.36371,-2.22162,0.03414,0.25882,-2.31825,0.97687,0.61644,-2.31437,0.68199,0.60886,-2.32586,0.57330,0.59346,-2.40991,0.41940,0.61689,-2.42030,0.11304,0.58080,-2.46151,0.06354,0.51093,-2.18994,0.05914,0.58713,-2.29983,0.03284,0.65460,0.00000,0.00000,0.00000,0.00000,0.00000,0.00000,0.00000,0.00000,0.00000,0.00000,0.00000,0.00000,0.00000,0.00000,0.00000,0.00000,0.00000,0.00000
0.71000,   72,-2.22950,1.79790,0.34234,-2.18262,1.88219,0.44355,-2.27265,1.79266,0.51713,-2.12873,1.80941,0.42435,-2.33001,1.63801,0.41040,-2.38377,1.28898,0.39142,-2.39482,1.09529,0.40515,-2.13766,1.13580,0.44964,-2.19774,1.38173,0.44306,-2.20316,1.54720,0.43124,-2.41456,1.52421,0.50202,-2.25144,1.61158,0.25223,-2.24249,1.53172,0.13183,-2.18702,1.38830,-0.01370,-2.18347,1.33245,0.03324,-2.08806,1.30802,-0.16929,-2.04698,1.26717,-0.23755,-1.99602,1.25542,-0.18957,-1.99090,1.23136,-0.27879,-2.32197,1.61935,0.56933,-2.36336,1.55381,0.68270,-2.39534,1.40961,0.83573,-2.36482,1.35418,0.79009,-2.38453,1.37369,0.93377,-2.36985,1.27816,1.08300,-2.29952,1.26625,1.06025,-2.32571,1.23729,1.14290,-2.16475,1.07800,0.31875,-2.21411,1.07719,0.56722,-2.37534,1.11506,0.35914,-2.39274,1.11831,0.45601,-2.24052,0.99885,0.24273,-2.24131,0.78396,0.24905,-2.25958,0.59023,0.27720,-2.32610,0.29372,0.24686,-2.34998,0.10821,0.26902,-2.42369,0.06419,0.31790,-2.14304,0.05807,0.36371,-2.22161,0.03414,0.25882,-2.31824,0.97684,0.61638,-2.31434,0.68196,0.60882,-2.32586,0.57328,0.59346,-2.40991,0.41937,0.61688,-2.42039,0.11303,0.58077,-2.46156,0.06350,0.51096,-2.18995,0.05911,0.58711,-2.29984,0.03283,0.65460,0.00000,0.00000,0.00000,0.00000,0.00000,0.00000,0.00000,0.00000,0.00000,0.00000,0.00000,0.00000,0.00000,0.00000,0.00000,0.00000,0.00000,0.00000
0.72000,   73,-2.22936,1.79787,0.34230,-2.18251,1.88218,0.44354,-2.27247,1.79269,0.51716,-2.12865,1.80936,0.42431,-2.32997,1.63801,0.41043,-2.38368,1.28897,0.39144,-2.39474,1.09525,0.40515,-2.13763,1.13581,0.44964,-2.19770,1.38173,0.44307,-2.20313,1.54718,0.43124,-2.41448,1.52422,0.50204,-2.25140,1.61158,0.25221,-2.24252,1.53172,0.13185,-2.18702,1.38830,-0.01372,-2.18343,1.33247,0.03328,-2.08799,1.30806,-0.16930,-2.04691,1.26719,-0.23757,-1.99596,1.25546,-0.18956,-1.99083,1.23138,-0.27877,-2.32190,1.61933,0.56934,-2.36332,1.55379,0.68273,-2.39536,1.40959,0.83569,-2.36481,1.35417,0.79011,-2.38452,1.37366,0.93384,-2.36989,1.27814,1.08300,-2.29956,1.26625,1.06032,-2.32576,1.23729,1.14293,-2.16468,1.07800,0.31875,-2.21401,1.07717,0.56721,-2.37525,1.11504,0.35916,-2.39274,1.11831,0.45601,-2.24043,0.99884,0.24267,-2.24124,0.78396,0.24908,-2.25959,0.59020,0.27719,-2.32607,0.29374,0.24683,-2.34994,0.10822,0.26900,-2.42363,0.06421,0.31797,-2.14303,0.05809,0.36371,-2.22162,0.03414,0.25881,-2.31826,0.97682,0.61635,-2.31430,0.68193,0.60880,-2.32584,0.57329,0.59346,-2.40988,0.41942,0.61691,-2.42039,0.11301,0.58075,-2.46156,0.06350,0.51095,-2.18996,0.05911,0.58711,-2.29986,0.03284,0.65459,0.00000,0.00000,0.00000,0.00000,0.00000,0.00000,0.00000,0.00000,0.00000,0.00000,0.00000,0.00000,0.00000,0.00000,0.00000,0.00000,0.00000,0.00000
0.73000,   74,-2.22930,1.79784,0.34225,-2.18239,1.88214,0.44349,-2.27244,1.79269,0.51712,-2.12855,1.80929,0.42426,-2.32994,1.63801,0.41046,-2.38368,1.28897,0.39144,-2.39472,1.09527,0.40517,-2.13760,1.13581,0.44963,-2.19768,1.38169,0.44304,-2.20315,1.54714,0.43124,-2.41448,1.52415,0.50204,-2.25143,1.61158,0.25221,-2.24252,1.53171,0.13184,-2.18702,1.38828,-0.01371,-2.18342,1.33246,0.03327,-2.08798,1.30804,-0.16930,-2.04690,1.26720,-0.23756,-1.99592,1.25548,-0.18954,-1.99079,1.23139,-0.27875,-2.32186,1.61933,0.56936,-2.36328,1.55377,0.68274,-2.39535,1.40953,0.83567,-2.36478,1.35412,0.79014,-2.38453,1.37365,0.93382,-2.36993,1.27814,1.08300,-2.29959,1.26626,1.06034,-2.32583,1.23728,1.14296,-2.16462,1.07803,0.31877,-2.21399,1.07714,0.56723,-2.37526,1.11507,0.35909,-2.39266,1.11827,0.45601,-2.24037,0.99885,0.24267,-2.24115,0.78398,0.24905,-2.25958,0.59019,0.27719,-2.32606,0.29374,0.24683,-2.34994,0.10823,0.26900,-2.42365,0.06419,0.31797,-2.14303,0.05809,0.36371,-2.22160,0.03414,0.25881,-2.31824,0.97677,0.61625,-2.31431,0.68193,0.60871,-2.32581,0.57327,0.59340,-2.40987,0.41939,0.61687,-2.42036,0.11301,0.58075,-2.46155,0.06354,0.51094,-2.18997,0.05911,0.58709,-2.29986,0.03281,0.65456,0.00000,0.00000,0.00000,0.00000,0.00000,0.00000,0.00000,0.00000,0.00000,0.00000,0.00000,0.00000,0.00000,0.00000,0.00000,0.00000,0.00000,0.00000
0.74000,   75,-2.22923,1.79783,0.34230,-2.18225,1.88212,0.44345,-2.27238,1.79271,0.51710,-2.12847,1.80921,0.42421,-2.32993,1.63799,0.41044,-2.38360,1.28896,0.39145,-2.39466,1.09525,0.40510,-2.13758,1.13579,0.44962,-2.19767,1.38169,0.44302,-2.20309,1.54714,0.43125,-2.41439,1.52416,0.50209,-2.25139,1.61158,0.25222,-2.24249,1.53171,0.13185,-2.18702,1.38826,-0.01372,-2.18346,1.33244,0.03325,-2.08796,1.30806,-0.16928,-2.04686,1.26721,-0.23753,-1.99589,1.25549,-0.18953,-1.99074,1.23140,-0.27873,-2.32184,1.61928,0.56939,-2.36322,1.55373,0.68279,-2.39540,1.40950,0.83563,-2.36479,1.35408,0.79018,-2.38452,1.37366,0.93392,-2.36993,1.27815,1.08306,-2.29963,1.26626,1.06039,-2.32585,1.23733,1.14300,-2.16460,1.07800,0.31876,-2.21392,1.07711,0.56722,-2.37519,1.11508,0.35907,-2.39266,1.11827,0.45596,-2.24033,0.99884,0.24267,-2.24112,0.78394,0.24908,-2.25949,0.59020,0.27717,-2.32604,0.29372,0.24681,-2.34995,0.10822,0.26899,-2.42362,0.06419,0.31799,-2.14302,0.05810,0.36372,-2.22160,0.03414,0.25881,-2.31822,0.97675,0.61623,-2.31426,0.68194,0.60868,-2.32605,0.57302,0.59311,-2.40986,0.41937,0.61685,-2.42032,0.11306,0.58079,-2.46161,0.06351,0.51098,-2.18997,0.05911,0.58711,-2.29984,0.03282,0.65458,0.00000,0.00000,0.00000,0.00000,0.00000,0.00000,0.00000,0.00000,0.00000,0.00000,0.00000,0.00000,0.00000,0.00000,0.00000,0.00000,0.00000,0.00000
0.75000,   76,-2.22917,1.79781,0.34231,-2.18214,1.88209,0.44345,-2.27231,1.79273,0.51713,-2.12837,1.80916,0.42416,-2.32987,1.63798,0.41047,-2.38358,1.28891,0.39144,-2.39456,1.09521,0.40510,-2.13754,1.13578,0.44956,-2.19766,1.38168,0.44301,-2.20308,1.54712,0.43126,-2.41439,1.52416,0.50209,-2.25139,1.61158,0.25224,-2.24250,1.53170,0.13185,-2.18702,1.38825,-0.01369,-2.18342,1.33243,0.03325,-2.08793,1.30804,-0.16928,-2.04684,1.26720,-0.23752,-1.99585,1.25549,-0.18951,-1.99071,1.23139,-0.27871,-2.32181,1.61927,0.56939,-2.36320,1.55371,0.68281,-2.39539,1.40948,0.83567,-2.36479,1.35407,0.79018,-2.38454,1.37366,0.93389,-2.36995,1.27817,1.08307,-2.29964,1.26627,1.06040,-2.32586,1.23736,1.14304,-2.16456,1.07801,0.31875,-2.21386,1.07712,0.56721,-2.37510,1.11505,0.35908,-2.39257,1.11826,0.45596,-2.24026,0.99881,0.24266,-2.24105,0.78394,0.24909,-2.25946,0.59022,0.27716,-2.32601,0.29375,0.24682,-2.34995,0.10822,0.26899,-2.42365,0.06419,0.31796,-2.14303,0.05809,0.36371,-2.22161,0.03414,0.25880,-2.31811,0.97675,0.61624,-2.31416,0.68202,0.60869,-2.32603,0.57301,0.59310,-2.40983,0.41940,0.61686,-2.42033,0.11305,0.58078,-2.46161,0.06351,0.51098,-2.18994,0.05909,0.58712,-2.29987,0.03282,0.65457,0.00000,0.00000,0.00000,0.00000,0.00000,0.00000,0.00000,0.00000,0.00000,0.00000,0.00000,0.00000,0.00000,0.00000,0.00000,0.00000,0.00000,0.00000
0.76000,   77,-2.22913,1.79782,0.34231,-2.18201,1.88206,0.44345,-2.27224,1.79274,0.51716,-2.12829,1.80912,0.42415,-2.32982,1.63799,0.41054,-2.38352,1.28897,0.39140,-2.39456,1.09524,0.40513,-2.13754,1.13581,0.44953,-2.19766,1.38168,0.44298,-2.20306,1.54712,0.43127,-2.41434,1.52413,0.50211,-2.25136,1.61159,0.25222,-2.24249,1.53173,0.13186,-2.18698,1.38825,-0.01366,-2.18343,1.33244,0.03322,-2.08789,1.30804,-0.16928,-2.04682,1.26719,-0.23749,-1.99583,1.25547,-0.18946,-1.99068,1.23137,-0.27869,-2.32179,1.61925,0.56941,-2.36318,1.55368,0.68282,-2.39537,1.40950,0.83574,-2.36478,1.35407,0.79018,-2.38457,1.37367,0.93384,-2.36997,1.27821,1.08309,-2.29964,1.26627,1.06042,-2.32589,1.23737,1.14306,-2.16448,1.07801,0.31874,-2.21384,1.07711,0.56719,-2.37509,1.11504,0.35909,-2.39253,1.11826,0.45595,-2.24020,0.99884,0.24267,-2.24104,0.78392,0.24911,-2.25943,0.59020,0.27717,-2.32600,0.29374,0.24685,-2.34996,0.10823,0.26898,-2.42365,0.06419,0.31796,-2.14303,0.05807,0.36370,-2.22163,0.03413,0.25880,-2.31805,0.97675,0.61625,-2.31407,0.68199,0.60867,-2.32600,0.57301,0.59310,-2.40980,0.41941,0.61686,-2.42033,0.11301,0.58074,-2.46151,0.06355,0.51095,-2.18993,0.05911,0.58710,-2.29986,0.03281,0.65456,0.00000,0.00000,0.00000,0.00000,0.00000,0.00000,0.00000,0.00000,0.00000,0.00000,0.00000,0.00000,0.00000,0.00000,0.00000,0.00000,0.00000,0.00000
0.77000,   78,-2.22908,1.79781,0.34233,-2.18188,1.88203,0.44348,-2.27216,1.79273,0.51723,-2.12822,1.80906,0.42413,-2.32978,1.63801,0.41057,-2.38350,1.28896,0.39146,-2.39456,1.09521,0.40509,-2.13751,1.13582,0.44951,-2.19768,1.38166,0.44298,-2.20304,1.54708,0.43126,-2.41435,1.52413,0.50207,-2.25136,1.61158,0.25225,-2.24248,1.53172,0.13187,-2.18698,1.38825,-0.01365,-2.18338,1.33245,0.03332,-2.08790,1.30801,-0.16925,-2.04682,1.26716,-0.23748,-1.99584,1.25545,-0.18945,-1.99067,1.23134,-0.27866,-2.32176,1.61924,0.56943,-2.36319,1.55368,0.68281,-2.39541,1.40951,0.83571,-2.36478,1.35406,0.79018,-2.38455,1.37368,0.93386,-2.36995,1.27821,1.08313,-2.29963,1.26628,1.06044,-2.32590,1.23740,1.14308,-2.16437,1.07801,0.31871,-2.21383,1.07709,0.56718,-2.37500,1.11506,0.35911,-2.39244,1.11827,0.45594,-2.24014,0.99882,0.24263,-2.24096,0.78390,0.24908,-2.25938,0.59020,0.27719,-2.32596,0.29372,0.24685,-2.34994,0.10822,0.26900,-2.42362,0.06421,0.31799,-2.14304,0.05805,0.36372,-2.22162,0.03414,0.25882,-2.31801,0.97674,0.61619,-2.31396,0.68199,0.60867,-2.32597,0.57301,0.59311,-2.40978,0.41941,0.61688,-2.42030,0.11306,0.58077,-2.46155,0.06353,0.51095,-2.18996,0.05913,0.58710,-2.29986,0.03281,0.65456,0.00000,0.00000,0.00000,0.00000,0.00000,0.00000,0.00000,0.00000,0.00000,0.00000,0.00000,0.00000,0.00000,0.00000,0.00000,0.00000,0.00000,0.00000
0.78000,   79,-2.22901,1.79782,0.34235,-2.18181,1.88201,0.44349,-2.27213,1.79272,0.51724,-2.12816,1.80904,0.42411,-2.32976,1.63799,0.41053,-2.38343,1.28897,0.39140,-2.39449,1.09521,0.40506,-2.13750,1.13584,0.44945,-2.19767,1.38165,0.44299,-2.20301,1.54705,0.43126,-2.41431,1.52410,0.50204,-2.25134,1.61157,0.25227,-2.24245,1.53171,0.13189,-2.18693,1.38825,-0.01366,-2.18335,1.33244,0.03333,-2.08789,1.30800,-0.16924,-2.04678,1.26714,-0.23745,-1.99583,1.25543,-0.18944,-1.99064,1.23131,-0.27867,-2.32171,1.61926,0.56942,-2.36316,1.55370,0.68284,-2.39541,1.40951,0.83567,-2.36480,1.35407,0.79021,-2.38456,1.37369,0.93387,-2.36991,1.27824,1.08315,-2.29963,1.26627,1.06045,-2.32583,1.23742,1.14311,-2.16430,1.07801,0.31866,-2.21379,1.07711,0.56718,-2.37500,1.11508,0.35909,-2.39245,1.11829,0.45584,-2.24012,0.99881,0.24261,-2.24092,0.78392,0.24906,-2.25936,0.59017,0.27719,-2.32595,0.29371,0.24682,-2.34995,0.10819,0.26901,-2.42367,0.06422,0.31791,-2.14303,0.05808,0.36371,-2.22160,0.03414,0.25883,-2.31789,0.97674,0.61620,-2.31383,0.68201,0.60867,-2.32562,0.57327,0.59339,-2.40974,0.41943,0.61687,-2.42029,0.11307,0.58078,-2.46153,0.06350,0.51093,-2.18993,0.05911,0.58714,-2.29985,0.03283,0.65458,0.00000,0.00000,0.00000,0.00000,0.00000,0.00000,0.00000,0.00000,0.00000,0.00000,0.00000,0.00000,0.00000,0.00000,0.00000,0.00000,0.00000,0.00000
0.79000,   80,-2.22896,1.79785,0.34240,-2.18170,1.88199,0.44352,-2.27208,1.79271,0.51726,-2.12808,1.80902,0.42412,-2.32972,1.63802,0.41048,-2.38343,1.28899,0.39139,-2.39440,1.09519,0.40504,-2.13750,1.13587,0.44942,-2.19768,1.38166,0.44298,-2.20299,1.54706,0.43126,-2.41426,1.52412,0.50207,-2.25129,1.61159,0.25225,-2.24243,1.53170,0.13188,-2.18693,1.38825,-0.01366,-2.18333,1.33243,0.03336,-2.08789,1.30799,-0.16922,-2.04676,1.26714,-0.23747,-1.99582,1.25543,-0.18947,-1.99066,1.23129,-0.27867,-2.32171,1.61927,0.56941,-2.36318,1.55368,0.68278,-2.39540,1.40951,0.83569,-2.36480,1.35409,0.79020,-2.38455,1.37369,0.93389,-2.36989,1.27827,1.08316,-2.29963,1.26631,1.06043,-2.32583,1.23741,1.14307,-2.16430,1.07801,0.31864,-2.21375,1.07714,0.56713,-2.37493,1.11501,0.35902,-2.39241,1.11826,0.45584,-2.24009,0.99881,0.24263,-2.24092,0.78391,0.24908,-2.25930,0.59018,0.27719,-2.32591,0.29374,0.24684,-2.34994,0.10822,0.26900,-2.42364,0.06419,0.31800,-2.14305,0.05810,0.36370,-2.22163,0.03415,0.25881,-2.31777,0.97675,0.61621,-2.31383,0.68203,0.60862,-2.32554,0.57331,0.59341,-2.40971,0.41945,0.61685,-2.42030,0.11306,0.58076,-2.46154,0.06353,0.51093,-2.18995,0.05911,0.58714,-2.29986,0.03281,0.65456,0.00000,0.00000,0.00000,0.00000,0.00000,0.00000,0.00000,0.00000,0.00000,0.00000,0.00000,0.00000,0.00000,0.00000,0.00000,0.00000,0.00000,0.00000
0.80000,   81,-2.22895,1.79785,0.34244,-2.18159,1.88197,0.44355,-2.27199,1.79271,0.51731,-2.12802,1.80900,0.42414,-2.32968,1.63800,0.41054,-2.38335,1.28899,0.39140,-2.39440,1.09519,0.40505,-2.13754,1.13590,0.44937,-2.19768,1.38161,0.44298,-2.20298,1.54703,0.43129,-2.41422,1.52414,0.50200,-2.25127,1.61159,0.25225,-2.24237,1.53171,0.13188,-2.18690,1.38825,-0.01365,-2.18333,1.33245,0.03332,-2.08790,1.30796,-0.16922,-2.04676,1.26713,-0.23747,-1.99582,1.25538,-0.18943,-1.99065,1.23124,-0.27867,-2.32170,1.61927,0.56944,-2.36316,1.55368,0.68279,-2.39537,1.40955,0.83571,-2.36482,1.35407,0.79022,-2.38454,1.37372,0.93391,-2.36988,1.27828,1.08316,-2.29962,1.26632,1.06044,-2.32583,1.23742,1.14308,-2.16420,1.07800,0.31862,-2.21372,1.07713,0.56713,-2.37494,1.11500,0.35897,-2.39236,1.11825,0.45583,-2.24003,0.99880,0.24257,-2.24090,0.78392,0.24907,-2.25928,0.59017,0.27718,-2.32590,0.29375,0.24683,-2.34996,0.10821,0.26902,-2.42362,0.06422,0.31794,-2.14304,0.05809,0.36369,-2.22160,0.03415,0.25881,-2.31776,0.97672,0.61615,-2.31373,0.68201,0.60863,-2.32554,0.57329,0.59339,-2.40971,0.41944,0.61682,-2.42029,0.11306,0.58078,-2.46156,0.06353,0.51095,-2.18994,0.05911,0.58713,-2.29985,0.03282,0.65456,0.00000,0.00000,0.00000,0.00000,0.00000,0.00000,0.00000,0.00000,0.00000,0.00000,0.00000,0.00000,0.00000,0.00000,0.00000,0.00000,0.00000,0.00000
0.81000,   82,-2.22885,1.79787,0.34247,-2.18151,1.88195,0.44356,-2.27195,1.79272,0.51737,-2.12798,1.80898,0.42418,-2.32966,1.63801,0.41049,-2.38335,1.28894,0.39134,-2.39431,1.09519,0.40505,-2.13757,1.13593,0.44939,-2.19766,1.38161,0.44299,-2.20294,1.54703,0.43128,-2.41423,1.52410,0.50198,-2.25120,1.61160,0.25229,-2.24236,1.53169,0.13192,-2.18688,1.38820,-0.01363,-2.18330,1.33242,0.03337,-2.08788,1.30793,-0.16921,-2.04675,1.26709,-0.23749,-1.99580,1.25535,-0.18947,-1.99067,1.23121,-0.27868,-2.32164,1.61928,0.56940,-2.36317,1.55369,0.68273,-2.39535,1.40952,0.83568,-2.36479,1.35410,0.79019,-2.38451,1.37375,0.93391,-2.36988,1.27827,1.08315,-2.29959,1.26633,1.06043,-2.32581,1.23745,1.14305,-2.16413,1.07802,0.31858,-2.21368,1.07714,0.56713,-2.37493,1.11504,0.35901,-2.39232,1.11822,0.45581,-2.24000,0.99879,0.24256,-2.24087,0.78391,0.24908,-2.25926,0.59016,0.27721,-2.32591,0.29375,0.24684,-2.34995,0.10819,0.26901,-2.42361,0.06424,0.31798,-2.14306,0.05806,0.36370,-2.22160,0.03413,0.25882,-2.31768,0.97673,0.61615,-2.31364,0.68205,0.60866,-2.32548,0.57328,0.59337,-2.40962,0.41946,0.61685,-2.42031,0.11307,0.58076,-2.46161,0.06351,0.51098,-2.18994,0.05910,0.58711,-2.29986,0.03283,0.65459,0.00000,0.00000,0.00000,0.00000,0.00000,0.00000,0.00000,0.00000,0.00000,0.00000,0.00000,0.00000,0.00000,0.00000,0.00000,0.00000,0.00000,0.00000
0.82000,   83,-2.22878,1.79787,0.34250,-2.18142,1.88193,0.44362,-2.27186,1.79272,0.51739,-2.12791,1.80896,0.42420,-2.32957,1.63799,0.41048,-2.38328,1.28899,0.39135,-2.39432,1.09519,0.40499,-2.13759,1.13596,0.44934,-2.19765,1.38161,0.44297,-2.20292,1.54701,0.43127,-2.41418,1.52411,0.50203,-2.25117,1.61158,0.25227,-2.24228,1.53169,0.13189,-2.18683,1.38820,-0.01365,-2.18330,1.33244,0.03334,-2.08785,1.30792,-0.16921,-2.04675,1.26706,-0.23747,-1.99580,1.25533,-0.18948,-1.99068,1.23120,-0.27870,-2.32163,1.61928,0.56940,-2.36312,1.55369,0.68273,-2.39535,1.40953,0.83567,-2.36472,1.35407,0.79017,-2.38451,1.37369,0.93386,-2.36990,1.27828,1.08313,-2.29958,1.26634,1.06044,-2.32581,1.23746,1.14308,-2.16408,1.07803,0.31858,-2.21367,1.07713,0.56711,-2.37484,1.11501,0.35903,-2.39228,1.11824,0.45584,-2.23996,0.99881,0.24254,-2.24084,0.78391,0.24905,-2.25922,0.59017,0.27721,-2.32591,0.29373,0.24683,-2.34994,0.10823,0.26900,-2.42362,0.06420,0.31800,-2.14303,0.05809,0.36369,-2.22161,0.03413,0.25880,-2.31762,0.97673,0.61614,-2.31361,0.68204,0.60861,-2.32544,0.57330,0.59335,-2.40963,0.41946,0.61681,-2.42030,0.11308,0.58075,-2.46157,0.06352,0.51097,-2.18994,0.05910,0.58713,-2.29985,0.03282,0.65455,0.00000,0.00000,0.00000,0.00000,0.00000,0.00000,0.00000,0.00000,0.00000,0.00000,0.00000,0.00000,0.00000,0.00000,0.00000,0.00000,0.00000,0.00000
0.83000,   84,-2.22874,1.79789,0.34253,-2.18134,1.88193,0.44366,-2.27186,1.79266,0.51739,-2.12787,1.80896,0.42425,-2.32953,1.63799,0.41048,-2.38328,1.28899,0.39135,-2.39424,1.09522,0.40498,-2.13762,1.13600,0.44935,-2.19763,1.38161,0.44299,-2.20285,1.54701,0.43129,-2.41413,1.52409,0.50200,-2.25113,1.61159,0.25225,-2.24225,1.53168,0.13185,-2.18682,1.38821,-0.01366,-2.18325,1.33241,0.03331,-2.08785,1.30791,-0.16927,-2.04679,1.26705,-0.23751,-1.99580,1.25530,-0.18948,-1.99070,1.23118,-0.27870,-2.32163,1.61924,0.56935,-2.36311,1.55370,0.68271,-2.39533,1.40953,0.83572,-2.36473,1.35408,0.79015,-2.38451,1.37369,0.93387,-2.36989,1.27829,1.08313,-2.29957,1.26638,1.06042,-2.32581,1.23749,1.14309,-2.16406,1.07804,0.31855,-2.21361,1.07715,0.56710,-2.37487,1.11502,0.35891,-2.39224,1.11825,0.45582,-2.23996,0.99879,0.24252,-2.24080,0.78391,0.24901,-2.25920,0.59017,0.27719,-2.32588,0.29374,0.24682,-2.34995,0.10824,0.26899,-2.42363,0.06420,0.31798,-2.14303,0.05808,0.36370,-2.22161,0.03413,0.25883,-2.31763,0.97670,0.61610,-2.31363,0.68201,0.60855,-2.32542,0.57326,0.59333,-2.40961,0.41945,0.61679,-2.42030,0.11309,0.58075,-2.46155,0.06355,0.51097,-2.18992,0.05912,0.58709,-2.29987,0.03283,0.65458,0.00000,0.00000,0.00000,0.00000,0.00000,0.00000,0.00000,0.00000,0.00000,0.00000,0.00000,0.00000,0.00000,0.00000,0.00000,0.00000,0.00000,0.00000
0.84000,   85,-2.22866,1.79788,0.34254,-2.18128,1.88192,0.44368,-2.27183,1.79265,0.51740,-2.12781,1.80895,0.42430,-2.32948,1.63799,0.41046,-2.38320,1.28894,0.39128,-2.39423,1.09519,0.40501,-2.13764,1.13602,0.44936,-2.19758,1.38161,0.44297,-2.20283,1.54699,0.43129,-2.41414,1.52406,0.50199,-2.25108,1.61156,0.25226,-2.24220,1.53168,0.13184,-2.18680,1.38816,-0.01365,-2.18323,1.33238,0.03330,-2.08785,1.30789,-0.16927,-2.04677,1.26704,-0.23754,-1.99579,1.25527,-0.18952,-1.99069,1.23115,-0.27871,-2.32160,1.61924,0.56938,-2.36307,1.55368,0.68271,-2.39532,1.40951,0.83567,-2.36473,1.35407,0.79015,-2.38449,1.37367,0.93383,-2.36984,1.27829,1.08315,-2.29954,1.26639,1.06044,-2.32584,1.23750,1.14309,-2.16403,1.07804,0.31854,-2.21360,1.07713,0.56711,-2.37486,1.11502,0.35895,-2.39224,1.11823,0.45575,-2.23993,0.99880,0.24250,-2.24080,0.78390,0.24901,-2.25918,0.59017,0.27717,-2.32585,0.29376,0.24679,-2.34995,0.10823,0.26898,-2.42359,0.06420,0.31801,-2.14304,0.05808,0.36370,-2.22164,0.03413,0.25883,-2.31753,0.97670,0.61609,-2.31356,0.68203,0.60860,-2.32538,0.57327,0.59332,-2.40958,0.41945,0.61680,-2.42031,0.11310,0.58076,-2.46152,0.06353,0.51096,-2.18994,0.05909,0.58712,-2.29985,0.03282,0.65457,0.00000,0.00000,0.00000,0.00000,0.00000,0.00000,0.00000,0.00000,0.00000,0.00000,0.00000,0.00000,0.00000,0.00000,0.00000,0.00000,0.00000,0.00000
0.85000,   86,-2.22858,1.79790,0.34259,-2.18123,1.88191,0.44371,-2.27177,1.79266,0.51741,-2.12775,1.80894,0.42434,-2.32942,1.63798,0.41044,-2.38312,1.28899,0.39129,-2.39423,1.09517,0.40501,-2.13766,1.13603,0.44937,-2.19752,1.38161,0.44299,-2.20276,1.54697,0.43129,-2.41406,1.52406,0.50194,-2.25104,1.61157,0.25225,-2.24218,1.53164,0.13184,-2.18675,1.38814,-0.01366,-2.18320,1.33236,0.03329,-2.08781,1.30788,-0.16930,-2.04677,1.26701,-0.23752,-1.99577,1.25525,-0.18955,-1.99067,1.23113,-0.27876,-2.32156,1.61926,0.56937,-2.36307,1.55366,0.68267,-2.39529,1.40947,0.83563,-2.36468,1.35405,0.79014,-2.38447,1.37369,0.93382,-2.36987,1.27829,1.08311,-2.29954,1.26642,1.06047,-2.32584,1.23750,1.14309,-2.16398,1.07803,0.31851,-2.21355,1.07715,0.56712,-2.37486,1.11504,0.35895,-2.39220,1.11823,0.45572,-2.23991,0.99877,0.24251,-2.24074,0.78391,0.24899,-2.25917,0.59014,0.27715,-2.32590,0.29372,0.24680,-2.34994,0.10820,0.26899,-2.42362,0.06419,0.31799,-2.14304,0.05808,0.36370,-2.22161,0.03414,0.25880,-2.31753,0.97668,0.61603,-2.31350,0.68202,0.60861,-2.32537,0.57328,0.59331,-2.40961,0.41945,0.61673,-2.42030,0.11308,0.58074,-2.46155,0.06353,0.51096,-2.18994,0.05908,0.58710,-2.29986,0.03283,0.65457,0.00000,0.00000,0.00000,0.00000,0.00000,0.00000,0.00000,0.00000,0.00000,0.00000,0.00000,0.00000,0.00000,0.00000,0.00000,0.00000,0.00000,0.00000
0.86000,   87,-2.22849,1.79789,0.34258,-2.18116,1.88190,0.44371,-2.27173,1.79265,0.51740,-2.12770,1.80895,0.42435,-2.32937,1.63798,0.41041,-2.38311,1.28894,0.39129,-2.39414,1.09519,0.40502,-2.13771,1.13605,0.44937,-2.19748,1.38158,0.44299,-2.20272,1.54696,0.43129,-2.41405,1.52406,0.50194,-2.25094,1.61154,0.25224,-2.24211,1.53164,0.13184,-2.18675,1.38813,-0.01366,-2.18312,1.33237,0.03333,-2.08781,1.30786,-0.16934,-2.04677,1.26701,-0.23759,-1.99577,1.25522,-0.18958,-1.99070,1.23112,-0.27877,-2.32153,1.61925,0.56936,-2.36299,1.55366,0.68268,-2.39525,1.40949,0.83564,-2.36461,1.35402,0.79014,-2.38442,1.37367,0.93386,-2.36988,1.27827,1.08307,-2.29955,1.26642,1.06043,-2.32583,1.23752,1.14308,-2.16395,1.07803,0.31850,-2.21354,1.07710,0.56710,-2.37479,1.11503,0.35891,-2.39215,1.11821,0.45580,-2.23987,0.99881,0.24246,-2.24076,0.78391,0.24898,-2.25918,0.59014,0.27715,-2.32589,0.29375,0.24681,-2.34993,0.10822,0.26899,-2.42364,0.06418,0.31794,-2.14303,0.05810,0.36371,-2.22161,0.03415,0.25879,-2.31743,0.97667,0.61604,-2.31351,0.68202,0.60854,-2.32534,0.57325,0.59329,-2.40959,0.41942,0.61673,-2.42031,0.11309,0.58074,-2.46152,0.06355,0.51095,-2.18994,0.05907,0.58709,-2.29986,0.03285,0.65457,0.00000,0.00000,0.00000,0.00000,0.00000,0.00000,0.00000,0.00000,0.00000,0.00000,0.00000,0.00000,0.00000,0.00000,0.00000,0.00000,0.00000,0.00000
0.87000,   88,-2.22844,1.79789,0.34259,-2.18111,1.88189,0.44373,-2.27166,1.79263,0.51740,-2.12763,1.80894,0.42437,-2.32931,1.63796,0.41044,-2.38303,1.28893,0.39130,-2.39407,1.09519,0.40498,-2.13771,1.13605,0.44937,-2.19743,1.38158,0.44301,-2.20267,1.54694,0.43130,-2.41397,1.52405,0.50195,-2.25091,1.61153,0.25226,-2.24210,1.53162,0.13185,-2.18669,1.38809,-0.01370,-2.18310,1.33229,0.03333,-2.08782,1.30786,-0.16935,-2.04677,1.26700,-0.23761,-1.99574,1.25520,-0.18962,-1.99069,1.23112,-0.27882,-2.32150,1.61923,0.56933,-2.36300,1.55364,0.68263,-2.39524,1.40946,0.83564,-2.36461,1.35401,0.79014,-2.38443,1.37365,0.93383,-2.36986,1.27827,1.08308,-2.29955,1.26641,1.06044,-2.32583,1.23750,1.14307,-2.16387,1.07802,0.31847,-2.21348,1.07708,0.56710,-2.37477,1.11502,0.35896,-2.39210,1.11821,0.45579,-2.23987,0.99879,0.24246,-2.24076,0.78391,0.24898,-2.25915,0.59016,0.27715,-2.32590,0.29373,0.24680,-2.34995,0.10823,0.26898,-2.42362,0.06421,0.31797,-2.14304,0.05808,0.36369,-2.22161,0.03412,0.25882,-2.31745,0.97663,0.61596,-2.31347,0.68200,0.60854,-2.32535,0.57323,0.59327,-2.40959,0.41943,0.61671,-2.42029,0.11310,0.58076,-2.46156,0.06352,0.51097,-2.18994,0.05909,0.58710,-2.29985,0.03282,0.65457,0.00000,0.00000,0.00000,0.00000,0.00000,0.00000,0.00000,0.00000,0.00000,0.00000,0.00000,0.00000,0.00000,0.00000,0.00000,0.00000,0.00000,0.00000
0.88000,   89,-2.22835,1.79787,0.34258,-2.18102,1.88189,0.44373,-2.27161,1.79261,0.51740,-2.12759,1.80892,0.42440,-2.32929,1.63798,0.41040,-2.38302,1.28893,0.39130,-2.39407,1.09522,0.40497,-2.13775,1.13605,0.44936,-2.19742,1.38154,0.44302,-2.20261,1.54692,0.43133,-2.41397,1.52406,0.50195,-2.25084,1.61151,0.25223,-2.24203,1.53158,0.13183,-2.18668,1.38808,-0.01377,-2.18311,1.33227,0.03327,-2.08782,1.30782,-0.16936,-2.04679,1.26698,-0.23763,-1.99576,1.25517,-0.18967,-1.99069,1.23111,-0.27883,-2.32148,1.61922,0.56933,-2.36295,1.55363,0.68265,-2.39528,1.40942,0.83557,-2.36461,1.35402,0.79013,-2.38442,1.37362,0.93378,-2.36986,1.27825,1.08305,-2.29952,1.26639,1.06042,-2.32578,1.23751,1.14306,-2.16386,1.07798,0.31846,-2.21344,1.07709,0.56710,-2.37468,1.11503,0.35897,-2.39206,1.11821,0.45581,-2.23983,0.99880,0.24244,-2.24074,0.78390,0.24895,-2.25914,0.59015,0.27714,-2.32589,0.29372,0.24680,-2.34994,0.10819,0.26899,-2.42364,0.06420,0.31798,-2.14306,0.05809,0.36370,-2.22162,0.03415,0.25881,-2.31742,0.97662,0.61597,-2.31344,0.68196,0.60850,-2.32534,0.57325,0.59329,-2.40960,0.41941,0.61670,-2.42030,0.11307,0.58074,-2.46159,0.06352,0.51098,-2.18994,0.05909,0.58711,-2.29985,0.03283,0.65457,0.00000,0.00000,0.00000,0.00000,0.00000,0.00000,0.00000,0.00000,0.00000,0.00000,0.00000,0.00000,0.00000,0.00000,0.00000,0.00000,0.00000,0.00000
0.89000,   90,-2.22827,1.79786,0.34256,-2.18096,1.88189,0.44372,-2.27151,1.79262,0.51742,-2.12752,1.80892,0.42438,-2.32920,1.63796,0.41037,-2.38300,1.28893,0.39136,-2.39407,1.09520,0.40498,-2.13775,1.13607,0.44935,-2.19737,1.38153,0.44302,-2.20257,1.54689,0.43133,-2.41388,1.52403,0.50211,-2.25079,1.61149,0.25220,-2.24202,1.53157,0.13183,-2.18664,1.38804,-0.01371,-2.18301,1.33228,0.03327,-2.08779,1.30781,-0.16938,-2.04678,1.26695,-0.23767,-1.99573,1.25515,-0.18972,-1.99071,1.23110,-0.27888,-2.32145,1.61920,0.56928,-2.36294,1.55360,0.68262,-2.39528,1.40944,0.83558,-2.36461,1.35400,0.79014,-2.38434,1.37362,0.93382,-2.36982,1.27824,1.08308,-2.29950,1.26635,1.06040,-2.32579,1.23750,1.14307,-2.16377,1.07798,0.31844,-2.21340,1.07708,0.56711,-2.37468,1.11503,0.35897,-2.39202,1.11823,0.45569,-2.23979,0.99879,0.24243,-2.24075,0.78385,0.24898,-2.25914,0.59014,0.27710,-2.32587,0.29374,0.24677,-2.34994,0.10821,0.26898,-2.42363,0.06421,0.31796,-2.14305,0.05810,0.36371,-2.22162,0.03414,0.25881,-2.31738,0.97662,0.61599,-2.31343,0.68199,0.60847,-2.32533,0.57325,0.59329,-2.40960,0.41943,0.61671,-2.42031,0.11308,0.58074,-2.46156,0.06353,0.51095,-2.18993,0.05909,0.58711,-2.29986,0.03283,0.65456,0.00000,0.00000,0.00000,0.00000,0.00000,0.00000,0.00000,0.00000,0.00000,0.00000,0.00000,0.00000,0.00000,0.00000,0.00000,0.00000,0.00000,0.00000
0.90000,   91,-2.22823,1.79786,0.34258,-2.18087,1.88185,0.44370,-2.27137,1.79261,0.51744,-2.12744,1.80890,0.42439,-2.32914,1.63797,0.41036,-2.38292,1.28890,0.39138,-2.39399,1.09519,0.40497,-2.13780,1.13606,0.44933,-2.19733,1.38153,0.44303,-2.20251,1.54688,0.43133,-2.41388,1.52402,0.50197,-2.25073,1.61148,0.25221,-2.24198,1.53156,0.13183,-2.18658,1.38804,-0.01377,-2.18296,1.33228,0.03329,-2.08778,1.30780,-0.16944,-2.04676,1.26693,-0.23769,-1.99571,1.25513,-0.18973,-1.99072,1.23109,-0.27891,-2.32141,1.61918,0.56929,-2.36293,1.55358,0.68257,-2.39524,1.40943,0.83554,-2.36460,1.35397,0.79011,-2.38434,1.37356,0.93379,-2.36982,1.27820,1.08302,-2.29947,1.26633,1.06039,-2.32576,1.23746,1.14304,-2.16373,1.07795,0.31844,-2.21337,1.07706,0.56708,-2.37467,1.11496,0.35897,-2.39198,1.11822,0.45571,-2.23978,0.99879,0.24240,-2.24072,0.78390,0.24892,-2.25915,0.59014,0.27710,-2.32589,0.29372,0.24678,-2.34994,0.10822,0.26898,-2.42363,0.06422,0.31799,-2.14304,0.05809,0.36369,-2.22161,0.03414,0.25880,-2.31731,0.97662,0.61599,-2.31339,0.68195,0.60850,-2.32533,0.57325,0.59329,-2.40954,0.41944,0.61673,-2.42029,0.11310,0.58075,-2.46161,0.06353,0.51098,-2.18992,0.05909,0.58710,-2.29986,0.03283,0.65457,0.00000,0.00000,0.00000,0.00000,0.00000,0.00000,0.00000,0.00000,0.00000,0.00000,0.00000,0.00000,0.00000,0.00000,0.00000,0.00000,0.00000,0.00000
0.91000,   92,-2.22814,1.79785,0.34253,-2.18082,1.88186,0.44370,-2.27135,1.79262,0.51740,-2.12738,1.80890,0.42439,-2.32910,1.63797,0.41038,-2.38283,1.28892,0.39138,-2.39389,1.09521,0.40499,-2.13783,1.13606,0.44930,-2.19726,1.38152,0.44304,-2.20247,1.54688,0.43133,-2.41385,1.52400,0.50202,-2.25068,1.61146,0.25219,-2.24194,1.53155,0.13181,-2.18656,1.38801,-0.01375,-2.18292,1.33225,0.03329,-2.08776,1.30779,-0.16944,-2.04677,1.26691,-0.23771,-1.99569,1.25511,-0.18977,-1.99073,1.23106,-0.27893,-2.32135,1.61920,0.56930,-2.36285,1.55358,0.68259,-2.39527,1.40939,0.83552,-2.36456,1.35394,0.79011,-2.38432,1.37357,0.93380,-2.36984,1.27816,1.08301,-2.29946,1.26630,1.06040,-2.32576,1.23743,1.14301,-2.16370,1.07793,0.31843,-2.21336,1.07706,0.56710,-2.37471,1.11503,0.35886,-2.39194,1.11824,0.45568,-2.23978,0.99880,0.24242,-2.24072,0.78387,0.24893,-2.25914,0.59014,0.27710,-2.32589,0.29372,0.24681,-2.34995,0.10822,0.26897,-2.42363,0.06422,0.31795,-2.14303,0.05807,0.36369,-2.22161,0.03414,0.25881,-2.31728,0.97664,0.61599,-2.31338,0.68195,0.60851,-2.32534,0.57324,0.59326,-2.40959,0.41941,0.61670,-2.42029,0.11309,0.58076,-2.46155,0.06353,0.51095,-2.18995,0.05911,0.58711,-2.29985,0.03282,0.65457,0.00000,0.00000,0.00000,0.00000,0.00000,0.00000,0.00000,0.00000,0.00000,0.00000,0.00000,0.00000,0.00000,0.00000,0.00000,0.00000,0.00000,0.00000
0.92000,   93,-2.22811,1.79783,0.34254,-2.18075,1.88185,0.44368,-2.27126,1.79258,0.51737,-2.12732,1.80887,0.42435,-2.32906,1.63796,0.41033,-2.38282,1.28892,0.39138,-2.39391,1.09522,0.40491,-2.13786,1.13606,0.44928,-2.19722,1.38149,0.44300,-2.20241,1.54687,0.43132,-2.41380,1.52397,0.50191,-2.25061,1.61145,0.25219,-2.24188,1.53155,0.13182,-2.18651,1.38799,-0.01378,-2.18284,1.33224,0.03331,-2.08774,1.30776,-0.16943,-2.04675,1.26689,-0.23771,-1.99567,1.25508,-0.18981,-1.99073,1.23105,-0.27896,-2.32130,1.61917,0.56930,-2.36282,1.55354,0.68258,-2.39519,1.40940,0.83554,-2.36450,1.35392,0.79013,-2.38426,1.37356,0.93382,-2.36981,1.27814,1.08299,-2.29945,1.26624,1.06037,-2.32576,1.23739,1.14300,-2.16370,1.07792,0.31845,-2.21334,1.07704,0.56708,-2.37464,1.11505,0.35884,-2.39194,1.11821,0.45574,-2.23973,0.99878,0.24239,-2.24068,0.78387,0.24890,-2.25914,0.59013,0.27710,-2.32587,0.29372,0.24676,-2.34994,0.10820,0.26898,-2.42360,0.06418,0.31798,-2.14304,0.05809,0.36370,-2.22161,0.03414,0.25881,-2.31726,0.97662,0.61599,-2.31343,0.68197,0.60853,-2.32534,0.57324,0.59325,-2.40960,0.41941,0.61673,-2.42029,0.11309,0.58076,-2.46162,0.06352,0.51097,-2.18995,0.05911,0.58710,-2.29986,0.03284,0.65459,0.00000,0.00000,0.00000,0.00000,0.00000,0.00000,0.00000,0.00000,0.00000,0.00000,0.00000,0.00000,0.00000,0.00000,0.00000,0.00000,0.00000,0.00000
0.93000,   94,-2.22806,1.79782,0.34251,-2.18068,1.88186,0.44364,-2.27117,1.79263,0.51739,-2.12727,1.80886,0.42433,-2.32900,1.63797,0.41034,-2.38276,1.28890,0.39134,-2.39382,1.09520,0.40497,-2.13791,1.13607,0.44927,-2.19717,1.38147,0.44298,-2.20238,1.54687,0.43132,-2.41376,1.52405,0.50206,-2.25053,1.61145,0.25216,-2.24181,1.53152,0.13181,-2.18646,1.38798,-0.01374,-2.18282,1.33224,0.03328,-2.08773,1.30776,-0.16947,-2.04673,1.26687,-0.23775,-1.99565,1.25505,-0.18985,-1.99072,1.23104,-0.27900,-2.32124,1.61918,0.56928,-2.36281,1.55354,0.68256,-2.39518,1.40939,0.83552,-2.36441,1.35390,0.79008,-2.38422,1.37355,0.93379,-2.36981,1.27813,1.08297,-2.29941,1.26621,1.06036,-2.32575,1.23737,1.14297,-2.16365,1.07791,0.31843,-2.21332,1.07703,0.56708,-2.37461,1.11502,0.35891,-2.39190,1.11825,0.45565,-2.23969,0.99879,0.24240,-2.24068,0.78387,0.24893,-2.25914,0.59012,0.27709,-2.32591,0.29371,0.24679,-2.34995,0.10822,0.26899,-2.42370,0.06420,0.31795,-2.14303,0.05807,0.36370,-2.22161,0.03412,0.25883,-2.31721,0.97662,0.61595,-2.31343,0.68197,0.60853,-2.32534,0.57323,0.59326,-2.40953,0.41947,0.61673,-2.42029,0.11308,0.58076,-2.46152,0.06356,0.51093,-2.18993,0.05911,0.58711,-2.29984,0.03283,0.65456,0.00000,0.00000,0.00000,0.00000,0.00000,0.00000,0.00000,0.00000,0.00000,0.00000,0.00000,0.00000,0.00000,0.00000,0.00000,0.00000,0.00000,0.00000
0.94000,   95,-2.22798,1.79782,0.34249,-2.18061,1.88183,0.44361,-2.27106,1.79262,0.51734,-2.12719,1.80886,0.42427,-2.32893,1.63796,0.41033,-2.38275,1.28890,0.39134,-2.39383,1.09527,0.40493,-2.13795,1.13608,0.44924,-2.19714,1.38148,0.44295,-2.20231,1.54686,0.43130,-2.41368,1.52405,0.50185,-2.25049,1.61145,0.25214,-2.24180,1.53153,0.13179,-2.18643,1.38797,-0.01378,-2.18276,1.33222,0.03326,-2.08768,1.30773,-0.16949,-2.04673,1.26685,-0.23778,-1.99562,1.25503,-0.18985,-1.99070,1.23103,-0.27900,-2.32119,1.61920,0.56925,-2.36272,1.55354,0.68255,-2.39516,1.40938,0.83543,-2.36435,1.35387,0.79008,-2.38418,1.37354,0.93373,-2.36982,1.27808,1.08291,-2.29941,1.26619,1.06032,-2.32572,1.23732,1.14294,-2.16360,1.07791,0.31843,-2.21328,1.07705,0.56709,-2.37461,1.11503,0.35893,-2.39186,1.11825,0.45569,-2.23969,0.99878,0.24239,-2.24067,0.78383,0.24895,-2.25914,0.59013,0.27710,-2.32589,0.29370,0.24680,-2.34997,0.10820,0.26898,-2.42364,0.06419,0.31797,-2.14304,0.05808,0.36371,-2.22162,0.03413,0.25883,-2.31722,0.97660,0.61595,-2.31349,0.68195,0.60855,-2.32535,0.57322,0.59326,-2.40959,0.41941,0.61670,-2.42029,0.11310,0.58077,-2.46161,0.06354,0.51098,-2.18992,0.05909,0.58709,-2.29985,0.03282,0.65457,0.00000,0.00000,0.00000,0.00000,0.00000,0.00000,0.00000,0.00000,0.00000,0.00000,0.00000,0.00000,0.00000,0.00000,0.00000,0.00000,0.00000,0.00000
0.95000,   96,-2.22795,1.79782,0.34246,-2.18056,1.88183,0.44358,-2.27100,1.79264,0.51731,-2.12710,1.80884,0.42423,-2.32887,1.63795,0.41030,-2.38267,1.28892,0.39134,-2.39383,1.09529,0.40492,-2.13798,1.13611,0.44923,-2.19706,1.38146,0.44297,-2.20226,1.54685,0.43130,-2.41367,1.52403,0.50199,-2.25041,1.61145,0.25212,-2.24173,1.53149,0.13180,-2.18635,1.38796,-0.01383,-2.18266,1.33222,0.03327,-2.08765,1.30774,-0.16951,-2.04671,1.26685,-0.23778,-1.99561,1.25502,-0.18989,-1.99066,1.23100,-0.27902,-2.32115,1.61918,0.56924,-2.36265,1.55354,0.68254,-2.39512,1.40934,0.83546,-2.36428,1.35387,0.79005,-2.38415,1.37352,0.93372,-2.36981,1.27810,1.08290,-2.29939,1.26616,1.06031,-2.32574,1.23728,1.14292,-2.16356,1.07791,0.31844,-2.21326,1.07705,0.56709,-2.37454,1.11505,0.35886,-2.39185,1.11824,0.45568,-2.23963,0.99877,0.24239,-2.24063,0.78384,0.24895,-2.25908,0.59015,0.27707,-2.32590,0.29369,0.24678,-2.34995,0.10819,0.26898,-2.42367,0.06422,0.31787,-2.14304,0.05809,0.36370,-2.22161,0.03411,0.25882,-2.31721,0.97663,0.61595,-2.31349,0.68195,0.60855,-2.32534,0.57324,0.59325,-2.40955,0.41944,0.61672,-2.42028,0.11309,0.58077,-2.46152,0.06353,0.51095,-2.18995,0.05910,0.58713,-2.29984,0.03286,0.65459,0.00000,0.00000,0.00000,0.00000,0.00000,0.00000,0.00000,0.00000,0.00000,0.00000,0.00000,0.00000,0.00000,0.00000,0.00000,0.00000,0.00000,0.00000
0.96000,   97,-2.22789,1.79781,0.34242,-2.18048,1.88182,0.44354,-2.27089,1.79264,0.51731,-2.12705,1.80883,0.42417,-2.32880,1.63797,0.41029,-2.38268,1.28893,0.39127,-2.39374,1.09531,0.40493,-2.13807,1.13613,0.44922,-2.19702,1.38144,0.44292,-2.20220,1.54686,0.43126,-2.41363,1.52403,0.50200,-2.25032,1.61146,0.25209,-2.24171,1.53152,0.13178,-2.18632,1.38795,-0.01382,-2.18262,1.33223,0.03322,-2.08764,1.30771,-0.16953,-2.04666,1.26684,-0.23781,-1.99556,1.25499,-0.18992,-1.99065,1.23099,-0.27904,-2.32111,1.61920,0.56919,-2.36261,1.55354,0.68249,-2.39508,1.40938,0.83535,-2.36419,1.35388,0.79003,-2.38415,1.37353,0.93371,-2.36981,1.27805,1.08285,-2.29934,1.26615,1.06028,-2.32573,1.23727,1.14289,-2.16355,1.07790,0.31842,-2.21326,1.07704,0.56709,-2.37454,1.11507,0.35885,-2.39181,1.11822,0.45567,-2.23961,0.99877,0.24240,-2.24059,0.78385,0.24892,-2.25908,0.59013,0.27709,-2.32584,0.29372,0.24672,-2.34996,0.10823,0.26898,-2.42364,0.06419,0.31795,-2.14303,0.05809,0.36370,-2.22162,0.03414,0.25882,-2.31722,0.97662,0.61594,-2.31349,0.68195,0.60855,-2.32534,0.57324,0.59325,-2.40954,0.41946,0.61672,-2.42029,0.11310,0.58076,-2.46158,0.06352,0.51097,-2.18995,0.05911,0.58711,-2.29985,0.03283,0.65457,0.00000,0.00000,0.00000,0.00000,0.00000,0.00000,0.00000,0.00000,0.00000,0.00000,0.00000,0.00000,0.00000,0.00000,0.00000,0.00000,0.00000,0.00000
0.97000,   98,-2.22782,1.79779,0.34239,-2.18042,1.88182,0.44351,-2.27080,1.79265,0.51728,-2.12696,1.80882,0.42412,-2.32873,1.63796,0.41031,-2.38260,1.28892,0.39127,-2.39373,1.09522,0.40494,-2.13813,1.13616,0.44922,-2.19695,1.38141,0.44290,-2.20215,1.54684,0.43123,-2.41356,1.52406,0.50176,-2.25029,1.61145,0.25206,-2.24165,1.53152,0.13175,-2.18628,1.38794,-0.01380,-2.18253,1.33222,0.03322,-2.08757,1.30770,-0.16956,-2.04662,1.26682,-0.23783,-1.99552,1.25499,-0.18992,-1.99062,1.23099,-0.27909,-2.32110,1.61919,0.56917,-2.36254,1.55351,0.68247,-2.39503,1.40938,0.83531,-2.36415,1.35383,0.78998,-2.38409,1.37355,0.93369,-2.36980,1.27805,1.08283,-2.29932,1.26611,1.06025,-2.32574,1.23721,1.14285,-2.16348,1.07788,0.31839,-2.21325,1.07703,0.56710,-2.37454,1.11504,0.35885,-2.39176,1.11826,0.45570,-2.23960,0.99877,0.24239,-2.24059,0.78385,0.24895,-2.25908,0.59013,0.27708,-2.32582,0.29371,0.24673,-2.34994,0.10821,0.26898,-2.42363,0.06421,0.31796,-2.14304,0.05809,0.36369,-2.22164,0.03413,0.25882,-2.31721,0.97663,0.61595,-2.31352,0.68192,0.60847,-2.32533,0.57325,0.59323,-2.40954,0.41946,0.61672,-2.42030,0.11310,0.58073,-2.46153,0.06353,0.51095,-2.18994,0.05909,0.58711,-2.29984,0.03283,0.65456,0.00000,0.00000,0.00000,0.00000,0.00000,0.00000,0.00000,0.00000,0.00000,0.00000,0.00000,0.00000,0.00000,0.00000,0.00000,0.00000,0.00000,0.00000
0.98000,   99,-2.22777,1.79776,0.34237,-2.18035,1.88179,0.44351,-2.27071,1.79266,0.51723,-2.12686,1.80880,0.42408,-2.32868,1.63796,0.41027,-2.38260,1.28892,0.39128,-2.39373,1.09525,0.40493,-2.13814,1.13618,0.44924,-2.19690,1.38141,0.44284,-2.20211,1.54681,0.43125,-2.41356,1.52404,0.50169,-2.25023,1.61143,0.25204,-2.24163,1.53149,0.13177,-2.18625,1.38792,-0.01382,-2.18245,1.33220,0.03328,-2.08755,1.30768,-0.16955,-2.04662,1.26680,-0.23784,-1.99546,1.25499,-0.18995,-1.99057,1.23097,-0.27910,-2.32105,1.61919,0.56916,-2.36252,1.55351,0.68244,-2.39495,1.40937,0.83530,-2.36409,1.35384,0.78997,-2.38407,1.37354,0.93368,-2.36974,1.27803,1.08280,-2.29927,1.26609,1.06021,-2.32569,1.23719,1.14283,-2.16344,1.07789,0.31842,-2.21323,1.07704,0.56712,-2.37446,1.11506,0.35886,-2.39177,1.11826,0.45570,-2.23961,0.99877,0.24242,-2.24054,0.78384,0.24895,-2.25907,0.59010,0.27709,-2.32581,0.29373,0.24675,-2.34994,0.10820,0.26897,-2.42362,0.06418,0.31798,-2.14306,0.05809,0.36370,-2.22162,0.03414,0.25881,-2.31720,0.97663,0.61597,-2.31352,0.68191,0.60853,-2.32532,0.57321,0.59326,-2.40952,0.41942,0.61669,-2.42029,0.11308,0.58075,-2.46154,0.06354,0.51094,-2.18994,0.05907,0.58709,-2.29986,0.03281,0.65456,0.00000,0.00000,0.00000,0.00000,0.00000,0.00000,0.00000,0.00000,0.00000,0.00000,0.00000,0.00000,0.00000,0.00000,0.00000,0.00000,0.00000,0.00000
0.99000,  100,-2.22771,1.79777,0.34234,-2.18026,1.88181,0.44348,-2.27065,1.79268,0.51719,-2.12679,1.80878,0.42404,-2.32860,1.63796,0.41029,-2.38252,1.28894,0.39128,-2.39375,1.09526,0.40485,-2.13819,1.13622,0.44922,-2.19686,1.38139,0.44282,-2.20207,1.54679,0.43120,-2.41353,1.52407,0.50168,-2.25016,1.61142,0.25205,-2.24156,1.53150,0.13169,-2.18619,1.38791,-0.01383,-2.18241,1.33221,0.03326,-2.08750,1.30767,-0.16960,-2.04655,1.26681,-0.23788,-1.99544,1.25499,-0.18995,-1.99054,1.23098,-0.27913,-2.32099,1.61916,0.56913,-2.36249,1.55349,0.68240,-2.39486,1.40939,0.83530,-2.36404,1.35389,0.78993,-2.38404,1.37350,0.93364,-2.36970,1.27803,1.08278,-2.29921,1.26605,1.06019,-2.32568,1.23717,1.14281,-2.16346,1.07788,0.31842,-2.21322,1.07705,0.56714,-2.37445,1.11504,0.35887,-2.39177,1.11830,0.45565,-2.23955,0.99878,0.24239,-2.24055,0.78382,0.24897,-2.25904,0.59012,0.27708,-2.32583,0.29371,0.24676,-2.34994,0.10822,0.26898,-2.42365,0.06422,0.31795,-2.14303,0.05809,0.36371,-2.22162,0.03413,0.25882,-2.31722,0.97662,0.61594,-2.31345,0.68191,0.60858,-2.32531,0.57322,0.59323,-2.40954,0.41945,0.61672,-2.42029,0.11310,0.58073,-2.46152,0.06353,0.51095,-2.18994,0.05910,0.58712,-2.29985,0.03282,0.65458,0.00000,0.00000,0.00000,0.00000,0.00000,0.00000,0.00000,0.00000,0.00000,0.00000,0.00000,0.00000,0.00000,0.00000,0.00000,0.00000,0.00000,0.00000
1.00000,  101,-2.47012,1.96090,0.36171,-2.40810,2.04258,0.45760,-2.48963,1.95361,0.54188,-2.35847,1.96946,0.42998,-2.56960,1.80098,0.44444,-2.63980,1.45399,0.43027,-2.63725,1.25864,0.44396,-2.38330,1.31563,0.42057,-2.44945,1.53343,0.43928,-2.45593,1.69976,0.43679,-2.63206,1.66628,0.56432,-2.49889,1.75501,0.25511,-2.48758,1.60096,0.17763,-2.48440,1.37864,0.15971,-2.53104,1.36660,0.21689,-2.40346,1.19532,0.15292,-2.36867,1.11344,0.15297,-2.34479,1.12546,0.22048,-2.32950,1.04660,0.17256,-2.50647,1.73665,0.62091,-2.51521,1.59448,0.69069,-2.54896,1.37624,0.69867,-2.57086,1.37581,0.62372,-2.51974,1.27798,0.71833,-2.48158,1.11200,0.71944,-2.42338,1.11816,0.66500,-2.43943,1.03934,0.71935,-2.44278,1.25507,0.29769,-2.41927,1.25461,0.55005,-2.63385,1.27918,0.39440,-2.62308,1.28269,0.49212,-2.52494,1.16784,0.24180,-2.48133,0.95334,0.25204,-2.45132,0.76256,0.27226,-2.58010,0.48099,0.26175,-2.63742,0.30249,0.28238,-2.69804,0.25609,0.34347,-2.41854,0.24562,0.31482,-2.52117,0.21818,0.23489,-2.49881,1.14636,0.62046,0.00000,0.00000,0.00000,-2.48816,0.74050,0.55977,-2.58098,0.58874,0.59294,-2.65486,0.29200,0.54682,-2.70362,0.24199,0.48540,-2.42405,0.25400,0.51498,-2.52101,0.22198,0.59654,0.00000,0.00000,0.00000,0.00000,0.00000,0.00000,0.00000,0.00000,0.00000,0.00000,0.00000,0.00000,0.00000,0.00000,0.00000,0.00000,0.00000,0.00000
1.01000,  102,-2.46675,1.95939,0.36310,-2.40485,2.04139,0.45905,-2.48590,1.95223,0.54338,-2.35507,1.96839,0.43150,-2.56611,1.79989,0.44641,-2.63788,1.45335,0.43137,-2.63581,1.25731,0.44517,-2.38216,1.31361,0.41984,-2.34273,1.53977,0.41751,-2.45231,1.69795,0.43811,-2.62837,1.66491,0.56606,-2.49665,1.75421,0.25644,-2.48582,1.60018,0.17897,-2.48265,1.37787,0.16070,-2.52899,1.36577,0.21806,-2.40121,1.19478,0.15365,-2.36620,1.11305,0.15360,-2.34244,1.12551,0.22121,-2.32644,1.04630,0.17329,-2.50243,1.73474,0.62232,-2.51203,1.59271,0.69211,-2.54662,1.37441,0.70005,-2.56865,1.37401,0.62518,-2.51810,1.27618,0.71990,-2.48032,1.11023,0.72099,-2.42300,1.11594,0.66657,-2.43825,1.03747,0.72091,-2.44125,1.25369,0.29801,-2.34923,1.25578,0.53170,-2.63255,1.27789,0.39558,-2.62141,1.28185,0.49311,-2.52276,1.16594,0.24218,-2.47325,0.95253,0.25303,-2.43919,0.76219,0.27345,-2.57380,0.48373,0.26259,-2.63444,0.30643,0.28267,-2.69592,0.26175,0.34420,-2.41798,0.24505,0.31472,-2.52102,0.21846,0.23531,-2.48767,1.14388,0.62234,0.00000,0.00000,0.00000,-2.48684,0.73977,0.56079,-2.58033,0.58832,0.59420,-2.65503,0.29163,0.54720,-2.70376,0.24176,0.48555,-2.42333,0.25386,0.51444,-2.52101,0.22174,0.59664,0.00000,0.00000,0.00000,0.00000,0.00000,0.00000,0.00000,0.00000,0.00000,0.00000,0.00000,0.00000,0.00000,0.00000,0.00000,0.00000,0.00000,0.00000
1.02000,  103,-2.46335,1.95807,0.36447,-2.40123,2.04018,0.46051,-2.48209,1.95080,0.54480,-2.35139,1.96733,0.43262,-2.56232,1.79900,0.44835,-2.63596,1.45290,0.43244,-2.63454,1.25609,0.44624,-2.38066,1.31150,0.41925,-2.44295,1.53014,0.44083,-2.44836,1.69686,0.43898,-2.62455,1.66368,0.56768,-2.49432,1.75345,0.25775,-2.48412,1.59938,0.18013,-2.48091,1.37710,0.16168,-2.52687,1.36493,0.21926,-2.39896,1.19419,0.15444,-2.36402,1.11279,0.15395,-2.33941,1.12511,0.22167,-2.32353,1.04610,0.17389,-2.49814,1.73268,0.62373,-2.50904,1.59075,0.69370,-2.54467,1.37272,0.70169,-2.56652,1.37221,0.62673,-2.51593,1.27420,0.72138,-2.47855,1.10833,0.72231,-2.42145,1.11433,0.66807,-2.43667,1.03547,0.72242,-2.43973,1.25226,0.29845,-2.41506,1.25246,0.54986,-2.63128,1.27659,0.39661,-2.61955,1.28102,0.49414,-2.52043,1.16430,0.24260,-2.46506,0.95216,0.25399,-2.42732,0.76290,0.27443,-2.56656,0.48711,0.26347,-2.63092,0.31097,0.28296,-2.69315,0.26852,0.34517,-2.41718,0.24458,0.31413,-2.52091,0.21892,0.23569,-2.48235,1.14275,0.62330,0.00000,0.00000,0.00000,-2.48517,0.73903,0.56148,-2.57938,0.58790,0.59500,-2.65522,0.29141,0.54751,-2.70391,0.24160,0.48568,-2.42379,0.25403,0.51475,-2.52108,0.22154,0.59676,0.00000,0.00000,0.00000,0.00000,0.00000,0.00000,0.00000,0.00000,0.00000,0.00000,0.00000,0.00000,0.00000,0.00000,0.00000,0.00000,0.00000,0.00000
1.03000,  104,-2.45947,1.95678,0.36589,-2.39742,2.03912,0.46150,-2.47776,1.94939,0.54625,-2.34736,1.96634,0.43381,-2.55830,1.79824,0.45021,-2.63392,1.45257,0.43346,-2.63287,1.25485,0.44726,-2.37902,1.30959,0.41828,-2.44072,1.52860,0.44148,-2.44420,1.69528,0.44009,-2.62057,1.66252,0.56934,-2.49176,1.75274,0.25912,-2.48238,1.59861,0.18131,-2.47925,1.37635,0.16254,-2.52479,1.36410,0.22030,-2.39674,1.19362,0.15516,-2.36154,1.11234,0.15453,-2.33643,1.12473,0.22223,-2.32053,1.04600,0.17443,-2.49346,1.73058,0.62497,-2.50523,1.58864,0.69486,-2.54255,1.37078,0.70328,-2.56461,1.37033,0.62848,-2.51371,1.27208,0.72289,-2.47697,1.10626,0.72375,-2.41904,1.11206,0.66928,-2.43525,1.03354,0.72385,-2.43839,1.25115,0.29852,-2.41168,1.25146,0.55006,-2.62988,1.27532,0.39757,-2.61734,1.28015,0.49507,-2.51783,1.16329,0.24297,-2.45681,0.95204,0.25518,-2.41512,0.76397,0.27562,-2.55833,0.49074,0.26439,-2.62677,0.31616,0.28332,-2.68953,0.27638,0.34652,-2.41615,0.24411,0.31327,-2.52068,0.21970,0.23623,-2.48081,1.14272,0.62385,0.00000,0.00000,0.00000,-2.48361,0.73826,0.56212,-2.57805,0.58737,0.59581,-2.65538,0.29121,0.54774,-2.70403,0.24150,0.48576,-2.42479,0.25425,0.51561,-2.52114,0.22138,0.59688,0.00000,0.00000,0.00000,0.00000,0.00000,0.00000,0.00000,0.00000,0.00000,0.00000,0.00000,0.00000,0.00000,0.00000,0.00000,0.00000,0.00000,0.00000
1.04000,  105,-2.45525,1.95558,0.36733,-2.39334,2.03785,0.46296,-2.47323,1.94799,0.54764,-2.34308,1.96534,0.43486,-2.55399,1.79761,0.45202,-2.63176,1.45230,0.43457,-2.63114,1.25391,0.44811,-2.37751,1.30789,0.41688,-2.43833,1.52707,0.44097,-2.44026,1.69407,0.44086,-2.61643,1.66156,0.57099,-2.48892,1.75204,0.26046,-2.48059,1.59792,0.18232,-2.47752,1.37570,0.16329,-2.52263,1.36326,0.22133,-2.39449,1.19311,0.15583,-2.35905,1.11194,0.15522,-2.33366,1.12442,0.22288,-2.31755,1.04588,0.17494,-2.48856,1.72845,0.62615,-2.50137,1.58653,0.69613,-2.53961,1.36891,0.70470,-2.56236,1.36842,0.63007,-2.51164,1.27011,0.72443,-2.47494,1.10401,0.72501,-2.41709,1.10969,0.67055,-2.43363,1.03136,0.72535,-2.43718,1.25032,0.29845,-2.40885,1.25095,0.55009,-2.62820,1.27454,0.39849,-2.61558,1.27953,0.49584,-2.51519,1.16257,0.24336,-2.44888,0.95238,0.25593,-2.40305,0.76546,0.27670,-2.54909,0.49454,0.26538,-2.62161,0.32175,0.28406,-2.68494,0.28509,0.34834,-2.41469,0.24365,0.31225,-2.51991,0.22102,0.23710,-2.47964,1.14283,0.62448,0.00000,0.00000,0.00000,-2.48194,0.73763,0.56269,-2.57725,0.58713,0.59626,-2.65546,0.29103,0.54790,-2.70408,0.24136,0.48583,-2.42494,0.25435,0.51569,-2.52120,0.22127,0.59697,0.00000,0.00000,0.00000,0.00000,0.00000,0.00000,0.00000,0.00000,0.00000,0.00000,0.00000,0.00000,0.00000,0.00000,0.00000,0.00000,0.00000,0.00000
1.05000,  106,-2.45077,1.95454,0.36872,-2.38876,2.03677,0.46463,-2.46827,1.94656,0.54896,-2.33855,1.96441,0.43617,-2.54957,1.79706,0.45372,-2.62938,1.45218,0.43553,-2.62921,1.25316,0.44892,-2.37603,1.30671,0.41507,-2.43634,1.52619,0.44051,-2.43622,1.69252,0.44140,-2.61214,1.66078,0.57260,-2.48614,1.75166,0.26127,-2.47877,1.59740,0.18330,-2.47570,1.37517,0.16412,-2.52048,1.36264,0.22229,-2.39230,1.19273,0.15651,-2.35667,1.11169,0.15585,-2.33111,1.12444,0.22341,-2.31469,1.04607,0.17525,-2.48324,1.72641,0.62704,-2.49672,1.58445,0.69706,-2.53676,1.36713,0.70621,-2.55959,1.36650,0.63161,-2.50886,1.26811,0.72582,-2.47297,1.10204,0.72626,-2.41548,1.10753,0.67139,-2.43202,1.02940,0.72670,-2.43577,1.24965,0.29860,-2.40692,1.25054,0.54991,-2.62639,1.27380,0.39938,-2.61343,1.27893,0.49662,-2.51231,1.16199,0.24391,-2.44087,0.95275,0.25671,-2.39070,0.76716,0.27776,-2.53928,0.49850,0.26650,-2.61595,0.32777,0.28532,-2.67956,0.29408,0.35064,-2.41182,0.24260,0.31111,-2.51836,0.22327,0.23832,-2.47736,1.14264,0.62502,0.00000,0.00000,0.00000,-2.48077,0.73715,0.56308,-2.57653,0.58686,0.59649,-2.65550,0.29092,0.54803,-2.70414,0.24126,0.48592,-2.42493,0.25436,0.51568,-2.52118,0.22118,0.59704,0.00000,0.00000,0.00000,0.00000,0.00000,0.00000,0.00000,0.00000,0.00000,0.00000,0.00000,0.00000,0.00000,0.00000,0.00000,0.00000,0.00000,0.00000
1.06000,  107,-2.44604,1.95357,0.36999,-2.38387,2.03583,0.46590,-2.46311,1.94522,0.55026,-2.33363,1.96347,0.43704,-2.54497,1.79658,0.45528,-2.62685,1.45211,0.43666,-2.62708,1.25261,0.44956,-2.37438,1.30564,0.41413,-2.43354,1.52481,0.44075,-2.43255,1.69129,0.44182,-2.60775,1.66016,0.57402,-2.48316,1.75139,0.26219,-2.47688,1.59714,0.18408,-2.47387,1.37487,0.16468,-2.51831,1.36229,0.22320,-2.39010,1.19249,0.15726,-2.35433,1.11163,0.15642,-2.32873,1.12469,0.22393,-2.31185,1.04637,0.17539,-2.47803,1.72459,0.62795,-2.49168,1.58234,0.69783,-2.53350,1.36571,0.70752,-2.55673,1.36478,0.63321,-2.50616,1.26645,0.72722,-2.47096,1.10015,0.72741,-2.41307,1.10539,0.67174,-2.43045,1.02756,0.72804,-2.43444,1.24931,0.29842,-2.40555,1.24974,0.54966,-2.62452,1.27314,0.40007,-2.61104,1.27847,0.49727,-2.50945,1.16152,0.24430,-2.43305,0.95331,0.25739,-2.37859,0.76909,0.27872,-2.52906,0.50245,0.26785,-2.60973,0.33397,0.28727,-2.67345,0.30232,0.35340,-2.40704,0.24162,0.31016,-2.51550,0.22678,0.23942,-2.47410,1.14210,0.62565,0.00000,0.00000,0.00000,-2.47947,0.73674,0.56338,-2.57580,0.58671,0.59655,-2.65556,0.29088,0.54811,-2.70422,0.24122,0.48597,-2.42500,0.25441,0.51570,-2.52119,0.22116,0.59704,0.00000,0.00000,0.00000,0.00000,0.00000,0.00000,0.00000,0.00000,0.00000,0.00000,0.00000,0.00000,0.00000,0.00000,0.00000,0.00000,0.00000,0.00000
1.07000,  108,-2.44089,1.95271,0.37134,-2.37872,2.03457,0.46709,-2.45767,1.94398,0.55156,-2.32839,1.96238,0.43818,-2.54032,1.79610,0.45668,-2.62423,1.45215,0.43757,-2.62485,1.25209,0.45028,-2.37246,1.30533,0.41292,-2.43001,1.52371,0.44009,-2.42934,1.69041,0.44228,-2.60321,1.65960,0.57540,-2.47985,1.75124,0.26330,-2.47488,1.59709,0.18470,-2.47200,1.37477,0.16527,-2.51617,1.36220,0.22399,-2.38799,1.19243,0.15775,-2.35206,1.11164,0.15706,-2.32584,1.12486,0.22443,-2.30909,1.04678,0.17561,-2.47277,1.72299,0.62863,-2.48645,1.58070,0.69852,-2.52972,1.36440,0.70878,-2.55390,1.36352,0.63474,-2.50307,1.26499,0.72837,-2.46895,1.09866,0.72862,-2.41178,1.10335,0.67292,-2.42872,1.02582,0.72914,-2.43307,1.24923,0.29820,-2.40403,1.24937,0.54976,-2.62235,1.27261,0.40082,-2.60832,1.27801,0.49801,-2.50676,1.16115,0.24447,-2.42562,0.95404,0.25777,-2.36670,0.77130,0.27932,-2.51886,0.50653,0.26956,-2.60275,0.33990,0.28954,-2.66632,0.30878,0.35621,-2.39982,0.24075,0.30947,-2.51034,0.23108,0.24042,-2.47074,1.14176,0.62623,0.00000,0.00000,0.00000,-2.47803,0.73626,0.56335,-2.57502,0.58650,0.59648,-2.65556,0.29082,0.54812,-2.70427,0.24118,0.48598,-2.42500,0.25437,0.51561,-2.52113,0.22113,0.59703,0.00000,0.00000,0.00000,0.00000,0.00000,0.00000,0.00000,0.00000,0.00000,0.00000,0.00000,0.00000,0.00000,0.00000,0.00000,0.00000,0.00000,0.00000
1.08000,  109,-2.43561,1.95194,0.37254,-2.37310,2.03359,0.46829,-2.45216,1.94269,0.55279,-2.32298,1.96142,0.43917,-2.53556,1.79565,0.45799,-2.62128,1.45223,0.43850,-2.62241,1.25171,0.45090,-2.37029,1.30519,0.41216,-2.42661,1.52306,0.44002,-2.42558,1.68920,0.44252,-2.59858,1.65918,0.57665,-2.47634,1.75123,0.26430,-2.47257,1.59716,0.18534,-2.47015,1.37486,0.16573,-2.51399,1.36236,0.22470,-2.38588,1.19260,0.15814,-2.34984,1.11181,0.15752,-2.32338,1.12511,0.22468,-2.30649,1.04732,0.17571,-2.46712,1.72153,0.62918,-2.48078,1.57912,0.69894,-2.52573,1.36336,0.70991,-2.55025,1.36250,0.63589,-2.49981,1.26399,0.72955,-2.46661,1.09734,0.72982,-2.41032,1.10158,0.67375,-2.42709,1.02431,0.73027,-2.43138,1.24926,0.29809,-2.40170,1.24906,0.54983,-2.61997,1.27222,0.40145,-2.60563,1.27765,0.49865,-2.50400,1.16084,0.24459,-2.41865,0.95503,0.25803,-2.35500,0.77370,0.28029,-2.50866,0.51076,0.27160,-2.59450,0.34537,0.29194,-2.65788,0.31444,0.35895,-2.39207,0.24234,0.30990,-2.50345,0.23584,0.24154,-2.46754,1.14151,0.62657,0.00000,0.00000,0.00000,-2.47703,0.73587,0.56344,-2.57433,0.58639,0.59636,-2.65552,0.29087,0.54810,-2.70429,0.24118,0.48602,-2.42495,0.25414,0.51551,-2.52108,0.22106,0.59698,0.00000,0.00000,0.00000,0.00000,0.00000,0.00000,0.00000,0.00000,0.00000,0.00000,0.00000,0.00000,0.00000,0.00000,0.00000,0.00000,0.00000,0.00000
1.09000,  110,-2.43002,1.95127,0.37361,-2.36717,2.03246,0.46977,-2.44637,1.94151,0.55391,-2.31724,1.96037,0.44016,-2.53064,1.79536,0.45917,-2.61791,1.45241,0.43932,-2.61981,1.25157,0.45139,-2.36780,1.30526,0.41184,-2.42300,1.52208,0.43985,-2.42167,1.68864,0.44224,-2.59371,1.65890,0.57775,-2.47284,1.75138,0.26484,-2.47009,1.59744,0.18575,-2.46829,1.37504,0.16605,-2.51182,1.36270,0.22521,-2.38375,1.19279,0.15845,-2.34766,1.11213,0.15777,-2.32085,1.12555,0.22482,-2.30402,1.04787,0.17572,-2.46152,1.72039,0.62969,-2.47533,1.57798,0.69929,-2.52177,1.36263,0.71097,-2.54683,1.36193,0.63713,-2.49608,1.26320,0.73044,-2.46440,1.09630,0.73099,-2.40890,1.10021,0.67432,-2.42499,1.02289,0.73120,-2.42935,1.24952,0.29813,-2.39876,1.24867,0.54971,-2.61736,1.27211,0.40210,-2.60276,1.27745,0.49923,-2.50113,1.16076,0.24470,-2.41188,0.95619,0.25856,-2.34392,0.77654,0.28098,-2.49817,0.51501,0.27371,-2.58496,0.35010,0.29430,-2.64828,0.31916,0.36155,-2.38311,0.24595,0.31081,-2.49510,0.24068,0.24252,-2.46440,1.14118,0.62694,0.00000,0.00000,0.00000,-2.47574,0.73539,0.56337,-2.57344,0.58625,0.59630,-2.65534,0.29090,0.54807,-2.70426,0.24124,0.48602,-2.42483,0.25381,0.51547,-2.52105,0.22102,0.59705,0.00000,0.00000,0.00000,0.00000,0.00000,0.00000,0.00000,0.00000,0.00000,0.00000,0.00000,0.00000,0.00000,0.00000,0.00000,0.00000,0.00000,0.00000
1.10000,  111,-2.42403,1.95089,0.37479,-2.36112,2.03169,0.47068,-2.44007,1.94039,0.55488,-2.31122,1.95951,0.44128,-2.52555,1.79525,0.46014,-2.61480,1.45274,0.43996,-2.61701,1.25154,0.45188,-2.36472,1.30574,0.41187,-2.41985,1.52130,0.43922,-2.41736,1.68799,0.44234,-2.58861,1.65879,0.57872,-2.46899,1.75160,0.26529,-2.46737,1.59778,0.18608,-2.46639,1.37533,0.16617,-2.50960,1.36313,0.22562,-2.38169,1.19310,0.15854,-2.34543,1.11252,0.15793,-2.31853,1.12616,0.22490,-2.30143,1.04846,0.17577,-2.45588,1.71955,0.63011,-2.46966,1.57695,0.69960,-2.51705,1.36214,0.71172,-2.54287,1.36152,0.63803,-2.49206,1.26273,0.73132,-2.46173,1.09546,0.73198,-2.40662,1.09865,0.67497,-2.42318,1.02160,0.73206,-2.42698,1.24999,0.29814,-2.39577,1.24855,0.54968,-2.61462,1.27216,0.40264,-2.59964,1.27741,0.49972,-2.49818,1.16096,0.24478,-2.40647,0.95866,0.25613,-2.33331,0.77963,0.28170,-2.48724,0.51881,0.27563,-2.57427,0.35390,0.29667,-2.63733,0.32273,0.36415,-2.37242,0.24954,0.31197,-2.48480,0.24478,0.24398,-2.46028,1.14109,0.62721,0.00000,0.00000,0.00000,-2.47422,0.73504,0.56317,-2.57266,0.58613,0.59627,-2.65515,0.29095,0.54797,-2.70421,0.24136,0.48600,-2.42468,0.25338,0.51531,-2.52113,0.22091,0.59714,0.00000,0.00000,0.00000,0.00000,0.00000,0.00000,0.00000,0.00000,0.00000,0.00000,0.00000,0.00000,0.00000,0.00000,0.00000,0.00000,0.00000,0.00000
1.11000,  112,-2.41789,1.95055,0.37572,-2.35451,2.03080,0.47246,-2.43387,1.93944,0.55587,-2.30501,1.95863,0.44209,-2.52021,1.79522,0.46100,-2.61110,1.45313,0.44063,-2.61384,1.25145,0.45243,-2.36167,1.30619,0.41210,-2.41686,1.52090,0.43853,-2.41277,1.68713,0.44229,-2.58335,1.65888,0.57962,-2.46480,1.75181,0.26591,-2.46434,1.59820,0.18636,-2.46444,1.37577,0.16616,-2.50730,1.36371,0.22585,-2.37954,1.19342,0.15858,-2.34320,1.11295,0.15795,-2.31621,1.12687,0.22483,-2.29895,1.04897,0.17578,-2.45023,1.71895,0.63048,-2.46385,1.57626,0.69977,-2.51191,1.36179,0.71233,-2.53850,1.36121,0.63880,-2.48784,1.26232,0.73200,-2.45905,1.09487,0.73298,-2.40408,1.09724,0.67542,-2.42127,1.02060,0.73283,-2.42417,1.25056,0.29846,-2.39236,1.24861,0.54971,-2.61153,1.27248,0.40320,-2.59635,1.27737,0.50026,-2.49488,1.16146,0.24486,-2.40034,0.96051,0.25579,-2.32322,0.78291,0.28221,-2.47583,0.52207,0.27735,-2.56227,0.35684,0.29884,-2.62495,0.32544,0.36660,-2.36015,0.25282,0.31360,-2.47277,0.24801,0.24576,-2.45594,1.14046,0.62761,0.00000,0.00000,0.00000,-2.47305,0.73478,0.56306,-2.57189,0.58604,0.59624,-2.65488,0.29106,0.54787,-2.70414,0.24145,0.48597,-2.42456,0.25270,0.51513,-2.52100,0.22074,0.59723,0.00000,0.00000,0.00000,0.00000,0.00000,0.00000,0.00000,0.00000,0.00000,0.00000,0.00000,0.00000,0.00000,0.00000,0.00000,0.00000,0.00000,0.00000
1.12000,  113,-2.41159,1.95025,0.37666,-2.34783,2.03006,0.47340,-2.42725,1.93859,0.55668,-2.29862,1.95777,0.44267,-2.51464,1.79529,0.46169,-2.60722,1.45358,0.44120,-2.61069,1.25167,0.45276,-2.35800,1.30635,0.41275,-2.41287,1.52062,0.43808,-2.40783,1.68704,0.44209,-2.57793,1.65912,0.58038,-2.46034,1.75205,0.26624,-2.46113,1.59860,0.18650,-2.46241,1.37617,0.16595,-2.50493,1.36431,0.22580,-2.37737,1.19375,0.15839,-2.34092,1.11337,0.15783,-2.31371,1.12738,0.22464,-2.29643,1.04938,0.17576,-2.44422,1.71839,0.63072,-2.45809,1.57586,0.69991,-2.50694,1.36168,0.71290,-2.53412,1.36123,0.63954,-2.48331,1.26224,0.73249,-2.45633,1.09445,0.73378,-2.40226,1.09636,0.67568,-2.41896,1.01968,0.73346,-2.42133,1.25134,0.29831,-2.38827,1.24846,0.54958,-2.60833,1.27286,0.40359,-2.59294,1.27746,0.50077,-2.49149,1.16211,0.24488,-2.39377,0.96210,0.25623,-2.31331,0.78625,0.28270,-2.46400,0.52471,0.27892,-2.54895,0.35867,0.30089,-2.61138,0.32705,0.36876,-2.34618,0.25584,0.31547,-2.45884,0.25031,0.24782,-2.45119,1.14011,0.62759,0.00000,0.00000,0.00000,-2.47238,0.73472,0.56302,-2.57118,0.58593,0.59618,-2.65459,0.29121,0.54775,-2.70406,0.24158,0.48595,-2.42429,0.25195,0.51490,-2.52089,0.22052,0.59732,0.00000,0.00000,0.00000,0.00000,0.00000,0.00000,0.00000,0.00000,0.00000,0.00000,0.00000,0.00000,0.00000,0.00000,0.00000,0.00000,0.00000,0.00000
1.13000,  114,-2.40507,1.95015,0.37725,-2.34095,2.02924,0.47416,-2.42062,1.93786,0.55734,-2.29195,1.95694,0.44337,-2.50887,1.79539,0.46221,-2.60308,1.45404,0.44171,-2.60720,1.25197,0.45297,-2.35444,1.30634,0.41346,-2.40767,1.52045,0.43800,-2.40259,1.68662,0.44231,-2.57238,1.65950,0.58105,-2.45553,1.75223,0.26663,-2.45759,1.59902,0.18663,-2.46027,1.37658,0.16563,-2.50245,1.36486,0.22567,-2.37516,1.19404,0.15806,-2.33865,1.11369,0.15750,-2.31119,1.12790,0.22431,-2.29400,1.04979,0.17569,-2.43803,1.71810,0.63090,-2.45218,1.57554,0.69999,-2.50178,1.36171,0.71328,-2.52954,1.36147,0.64004,-2.47884,1.26225,0.73285,-2.45329,1.09411,0.73436,-2.39995,1.09557,0.67611,-2.41670,1.01899,0.73388,-2.41812,1.25192,0.29843,-2.38370,1.24795,0.54940,-2.60498,1.27319,0.40388,-2.58934,1.27757,0.50107,-2.48795,1.16292,0.24487,-2.38712,0.96365,0.25681,-2.30383,0.78970,0.28296,-2.45165,0.52673,0.28032,-2.53446,0.35955,0.30277,-2.59662,0.32732,0.37059,-2.33060,0.25873,0.31774,-2.44318,0.25206,0.24986,-2.44747,1.14027,0.62602,0.00000,0.00000,0.00000,-2.47185,0.73466,0.56307,-2.57052,0.58589,0.59606,-2.65421,0.29132,0.54757,-2.70399,0.24171,0.48590,-2.42399,0.25138,0.51480,-2.52087,0.22037,0.59746,0.00000,0.00000,0.00000,0.00000,0.00000,0.00000,0.00000,0.00000,0.00000,0.00000,0.00000,0.00000,0.00000,0.00000,0.00000,0.00000,0.00000,0.00000
1.14000,  115,-2.39835,1.94995,0.37785,-2.33394,2.02856,0.47515,-2.41404,1.93719,0.55790,-2.28522,1.95614,0.44400,-2.50285,1.79544,0.46271,-2.59872,1.45460,0.44231,-2.60365,1.25231,0.45310,-2.35054,1.30629,0.41392,-2.40214,1.52017,0.43803,-2.39674,1.68650,0.44275,-2.56650,1.65990,0.58176,-2.45051,1.75237,0.26685,-2.45393,1.59935,0.18653,-2.45794,1.37692,0.16514,-2.49990,1.36552,0.22529,-2.37292,1.19425,0.15762,-2.33629,1.11393,0.15716,-2.30858,1.12843,0.22378,-2.29175,1.05011,0.17509,-2.43216,1.71799,0.63118,-2.44644,1.57547,0.70009,-2.49657,1.36180,0.71351,-2.52461,1.36162,0.64038,-2.47423,1.26224,0.73308,-2.44997,1.09394,0.73478,-2.39617,1.09444,0.67621,-2.41438,1.01854,0.73431,-2.41482,1.25252,0.29862,-2.37942,1.24775,0.54965,-2.60134,1.27376,0.40417,-2.58560,1.27768,0.50132,-2.48419,1.16375,0.24476,-2.38057,0.96514,0.25778,-2.29479,0.79297,0.28309,-2.43877,0.52793,0.28155,-2.51881,0.35946,0.30437,-2.58058,0.32641,0.37213,-2.31369,0.26171,0.32007,-2.42581,0.25307,0.25194,-2.44521,1.13986,0.62534,0.00000,0.00000,0.00000,-2.47130,0.73461,0.56301,-2.56989,0.58586,0.59584,-2.65387,0.29149,0.54739,-2.70390,0.24185,0.48583,-2.42336,0.25053,0.51445,-2.52090,0.22023,0.59753,0.00000,0.00000,0.00000,0.00000,0.00000,0.00000,0.00000,0.00000,0.00000,0.00000,0.00000,0.00000,0.00000,0.00000,0.00000,0.00000,0.00000,0.00000
1.15000,  116,-2.39157,1.94968,0.37829,-2.32668,2.02774,0.47557,-2.40726,1.93656,0.55830,-2.27826,1.95539,0.44452,-2.49654,1.79549,0.46304,-2.59401,1.45503,0.44281,-2.59989,1.25268,0.45319,-2.34634,1.30608,0.41420,-2.39673,1.51986,0.43819,-2.39056,1.68634,0.44287,-2.56050,1.66038,0.58225,-2.44502,1.75237,0.26721,-2.44996,1.59967,0.18649,-2.45548,1.37735,0.16449,-2.49725,1.36609,0.22476,-2.37059,1.19437,0.15703,-2.33391,1.11402,0.15663,-2.30606,1.12868,0.22304,-2.28943,1.05029,0.17463,-2.42557,1.71777,0.63123,-2.44048,1.57544,0.70018,-2.49106,1.36189,0.71363,-2.51954,1.36196,0.64053,-2.46934,1.26236,0.73314,-2.44641,1.09379,0.73507,-2.39300,1.09382,0.67619,-2.41191,1.01819,0.73460,-2.41131,1.25295,0.29870,-2.37564,1.24747,0.54950,-2.59782,1.27426,0.40423,-2.58175,1.27792,0.50141,-2.48027,1.16461,0.24465,-2.37376,0.96639,0.25943,-2.28622,0.79603,0.28318,-2.42543,0.52849,0.28264,-2.50194,0.35836,0.30581,-2.56334,0.32452,0.37343,-2.29560,0.26479,0.32150,-2.40679,0.25347,0.25407,-2.44400,1.13913,0.62498,0.00000,0.00000,0.00000,-2.47075,0.73458,0.56301,-2.56946,0.58595,0.59566,-2.65365,0.29165,0.54715,-2.70383,0.24195,0.48573,-2.42314,0.24997,0.51420,-2.52093,0.22017,0.59765,0.00000,0.00000,0.00000,0.00000,0.00000,0.00000,0.00000,0.00000,0.00000,0.00000,0.00000,0.00000,0.00000,0.00000,0.00000,0.00000,0.00000,0.00000
1.16000,  117,-2.38450,1.94933,0.37853,-2.31942,2.02705,0.47562,-2.40004,1.93599,0.55846,-2.27116,1.95446,0.44469,-2.49009,1.79553,0.46325,-2.58918,1.45548,0.44324,-2.59594,1.25302,0.45315,-2.34195,1.30553,0.41446,-2.39178,1.51934,0.43826,-2.38440,1.68593,0.44267,-2.55420,1.66086,0.58277,-2.43940,1.75226,0.26727,-2.44571,1.59986,0.18636,-2.45296,1.37764,0.16373,-2.49438,1.36653,0.22410,-2.36815,1.19434,0.15630,-2.33149,1.11401,0.15592,-2.30358,1.12887,0.22228,-2.28696,1.05022,0.17417,-2.41899,1.71762,0.63132,-2.43429,1.57537,0.70023,-2.48565,1.36210,0.71360,-2.51419,1.36221,0.64050,-2.46442,1.26239,0.73304,-2.44291,1.09375,0.73512,-2.39000,1.09337,0.67612,-2.40878,1.01779,0.73474,-2.40755,1.25304,0.29909,-2.37178,1.24654,0.54953,-2.59355,1.27478,0.40434,-2.57775,1.27804,0.50149,-2.47614,1.16534,0.24447,-2.36747,0.96801,0.25979,-2.27808,0.79893,0.28311,-2.41152,0.52828,0.28345,-2.48395,0.35652,0.30702,-2.54488,0.32158,0.37451,-2.27525,0.26641,0.32501,-2.38654,0.25342,0.25574,-2.44328,1.13844,0.62444,0.00000,0.00000,0.00000,-2.47034,0.73449,0.56305,-2.56917,0.58604,0.59542,-2.65335,0.29183,0.54688,-2.70377,0.24202,0.48566,-2.42327,0.24954,0.51419,-2.52092,0.22007,0.59774,0.00000,0.00000,0.00000,0.00000,0.00000,0.00000,0.00000,0.00000,0.00000,0.00000,0.00000,0.00000,0.00000,0.00000,0.00000,0.00000,0.00000,0.00000
1.17000,  118,-2.37740,1.94881,0.37861,-2.31192,2.02625,0.47588,-2.39294,1.93541,0.55855,-2.26398,1.95358,0.44469,-2.48335,1.79548,0.46341,-2.58412,1.45583,0.44365,-2.59203,1.25336,0.45295,-2.33744,1.30503,0.41480,-2.38651,1.51865,0.43864,-2.37817,1.68530,0.44273,-2.54786,1.66123,0.58312,-2.43336,1.75197,0.26740,-2.44122,1.59991,0.18617,-2.44993,1.37780,0.16292,-2.49133,1.36691,0.22329,-2.36567,1.19420,0.15538,-2.32906,1.11385,0.15510,-2.30100,1.12886,0.22144,-2.28451,1.04996,0.17342,-2.41225,1.71750,0.63132,-2.42847,1.57539,0.70045,-2.48040,1.36225,0.71363,-2.50882,1.36255,0.64033,-2.45967,1.26244,0.73295,-2.43955,1.09382,0.73517,-2.38654,1.09288,0.67595,-2.40525,1.01734,0.73458,-2.40365,1.25310,0.29947,-2.36779,1.24551,0.54982,-2.58943,1.27535,0.40430,-2.57360,1.27815,0.50147,-2.47178,1.16601,0.24420,-2.36145,0.96983,0.25955,-2.27023,0.80153,0.28315,-2.39714,0.52740,0.28416,-2.46515,0.35409,0.30790,-2.52521,0.31787,0.37528,-2.25429,0.26838,0.32704,-2.36511,0.25310,0.25714,-2.44254,1.13730,0.62381,0.00000,0.00000,0.00000,-2.46957,0.73420,0.56295,-2.56895,0.58609,0.59524,-2.65305,0.29198,0.54666,-2.70368,0.24212,0.48556,-2.42481,0.24972,0.51488,-2.52096,0.22000,0.59779,0.00000,0.00000,0.00000,0.00000,0.00000,0.00000,0.00000,0.00000,0.00000,0.00000,0.00000,0.00000,0.00000,0.00000,0.00000,0.00000,0.00000,0.00000
1.18000,  119,-2.37004,1.94819,0.37850,-2.30442,2.02550,0.47617,-2.38545,1.93470,0.55846,-2.25665,1.95266,0.44445,-2.47645,1.79531,0.46349,-2.57882,1.45617,0.44406,-2.58786,1.25366,0.45276,-2.33286,1.30421,0.41509,-2.38135,1.51830,0.43853,-2.37229,1.68421,0.44224,-2.54122,1.66157,0.58344,-2.42701,1.75156,0.26746,-2.43646,1.59984,0.18583,-2.44688,1.37784,0.16198,-2.48810,1.36714,0.22237,-2.36311,1.19391,0.15435,-2.32652,1.11346,0.15425,-2.29826,1.12849,0.22033,-2.28208,1.04949,0.17250,-2.40545,1.71731,0.63139,-2.42198,1.57529,0.70048,-2.47526,1.36239,0.71361,-2.50345,1.36286,0.64017,-2.45480,1.26241,0.73292,-2.43576,1.09384,0.73503,-2.38250,1.09251,0.67585,-2.40203,1.01717,0.73450,-2.39884,1.25331,0.29991,-2.36393,1.24484,0.54999,-2.58525,1.27562,0.40416,-2.56935,1.27823,0.50140,-2.46713,1.16657,0.24397,-2.35518,0.97138,0.25975,-2.26278,0.80390,0.28312,-2.38222,0.52598,0.28460,-2.44525,0.35098,0.30848,-2.50453,0.31340,0.37580,-2.23233,0.27042,0.32843,-2.34248,0.25256,0.25811,-2.44508,1.13727,0.62163,0.00000,0.00000,0.00000,-2.46828,0.73379,0.56279,-2.56865,0.58618,0.59505,-2.65272,0.29184,0.54622,-2.70363,0.24219,0.48551,-2.42408,0.24904,0.51453,-2.52083,0.21991,0.59781,0.00000,0.00000,0.00000,0.00000,0.00000,0.00000,0.00000,0.00000,0.00000,0.00000,0.00000,0.00000,0.00000,0.00000,0.00000,0.00000,0.00000,0.00000
1.19000,  120,-2.36279,1.94746,0.37828,-2.29681,2.02462,0.47556,-2.37780,1.93395,0.55815,-2.24926,1.95180,0.44377,-2.46923,1.79509,0.46344,-2.57336,1.45637,0.44444,-2.58354,1.25379,0.45242,-2.32802,1.30316,0.41555,-2.37615,1.51755,0.43886,-2.36664,1.68395,0.44230,-2.53443,1.66189,0.58378,-2.42046,1.75102,0.26726,-2.43138,1.59955,0.18554,-2.44346,1.37774,0.16101,-2.48472,1.36725,0.22133,-2.36029,1.19338,0.15334,-2.32411,1.11286,0.15308,-2.29558,1.12786,0.21926,-2.27977,1.04889,0.17127,-2.39827,1.71698,0.63139,-2.41559,1.57514,0.70056,-2.46969,1.36233,0.71350,-2.49791,1.36311,0.64001,-2.44998,1.26239,0.73273,-2.43114,1.09343,0.73475,-2.37835,1.09216,0.67555,-2.39850,1.01691,0.73415,-2.39604,1.25310,0.29989,-2.35959,1.24361,0.55003,-2.58067,1.27604,0.40405,-2.56497,1.27817,0.50122,-2.46227,1.16703,0.24369,-2.34876,0.97267,0.25994,-2.25538,0.80593,0.28329,-2.36684,0.52409,0.28482,-2.42454,0.34743,0.30883,-2.48288,0.30831,0.37610,-2.20944,0.27263,0.32922,-2.31891,0.25201,0.25869,-2.44364,1.13695,0.62182,0.00000,0.00000,0.00000,-2.46683,0.73337,0.56265,-2.56805,0.58609,0.59493,-2.65266,0.29235,0.54612,-2.70359,0.24226,0.48542,-2.42404,0.24876,0.51451,-2.52086,0.21989,0.59788,0.00000,0.00000,0.00000,0.00000,0.00000,0.00000,0.00000,0.00000,0.00000,0.00000,0.00000,0.00000,0.00000,0.00000,0.00000,0.00000,0.00000,0.00000
1.20000,  121,-2.35507,1.94642,0.37798,-2.28905,2.02364,0.47518,-2.37014,1.93324,0.55787,-2.24158,1.95072,0.44355,-2.46181,1.79471,0.46333,-2.56773,1.45652,0.44474,-2.57905,1.25400,0.45202,-2.32302,1.30209,0.41558,-2.37118,1.51630,0.43883,-2.35984,1.68296,0.44218,-2.52741,1.66210,0.58396,-2.41352,1.75023,0.26726,-2.42600,1.59907,0.18519,-2.43978,1.37744,0.15998,-2.48104,1.36710,0.22031,-2.35749,1.19273,0.15209,-2.32147,1.11202,0.15188,-2.29263,1.12705,0.21783,-2.27737,1.04794,0.17001,-2.39103,1.71660,0.63124,-2.40911,1.57489,0.70065,-2.46424,1.36234,0.71340,-2.49229,1.36323,0.63987,-2.44496,1.26218,0.73263,-2.42686,1.09332,0.73432,-2.37432,1.09185,0.67504,-2.39379,1.01640,0.73355,-2.39152,1.25219,0.29960,-2.35514,1.24287,0.54992,-2.57592,1.27620,0.40381,-2.56065,1.27812,0.50094,-2.45722,1.16747,0.24341,-2.34256,0.97389,0.25977,-2.24824,0.80766,0.28337,-2.35108,0.52181,0.28477,-2.40295,0.34356,0.30891,-2.46016,0.30256,0.37618,-2.18570,0.27520,0.32950,-2.29452,0.25155,0.25875,-2.43963,1.13613,0.62128,0.00000,0.00000,0.00000,-2.46548,0.73292,0.56262,-2.56717,0.58587,0.59480,-2.65248,0.29247,0.54591,-2.70356,0.24232,0.48537,-2.42399,0.24853,0.51450,-2.52088,0.21982,0.59795,0.00000,0.00000,0.00000,0.00000,0.00000,0.00000,0.00000,0.00000,0.00000,0.00000,0.00000,0.00000,0.00000,0.00000,0.00000,0.00000,0.00000,0.00000
1.21000,  122,-2.34739,1.94535,0.37735,-2.28125,2.02259,0.47462,-2.36241,1.93238,0.55740,-2.23372,1.94947,0.44345,-2.45413,1.79422,0.46315,-2.56202,1.45665,0.44488,-2.57425,1.25398,0.45164,-2.31808,1.30086,0.41586,-2.36579,1.51552,0.43874,-2.35249,1.68156,0.44155,-2.52027,1.66220,0.58410,-2.40637,1.74924,0.26704,-2.42022,1.59839,0.18484,-2.43591,1.37697,0.15897,-2.47715,1.36682,0.21925,-2.35436,1.19185,0.15093,-2.31882,1.11101,0.15051,-2.28981,1.12582,0.21665,-2.27477,1.04672,0.16860,-2.38335,1.71602,0.63103,-2.40235,1.57453,0.70057,-2.45865,1.36218,0.71329,-2.48686,1.36331,0.63984,-2.43981,1.26189,0.73238,-2.42205,1.09284,0.73383,-2.36982,1.09148,0.67450,-2.38967,1.01599,0.73297,-2.38631,1.25111,0.29968,-2.35066,1.24119,0.55032,-2.57114,1.27636,0.40353,-2.55606,1.27797,0.50058,-2.45193,1.16776,0.24307,-2.33649,0.97487,0.25937,-2.24118,0.80905,0.28361,-2.33496,0.51924,0.28456,-2.38069,0.33948,0.30872,-2.43636,0.29700,0.37596,-2.16125,0.27794,0.32944,-2.26911,0.25116,0.25850,-2.43563,1.13531,0.62077,0.00000,0.00000,0.00000,-2.46397,0.73240,0.56252,-2.56618,0.58562,0.59477,-2.65219,0.29260,0.54571,-2.70351,0.24236,0.48533,-2.42418,0.24793,0.51444,-2.52088,0.21971,0.59800,0.00000,0.00000,0.00000,0.00000,0.00000,0.00000,0.00000,0.00000,0.00000,0.00000,0.00000,0.00000,0.00000,0.00000,0.00000,0.00000,0.00000,0.00000
1.22000,  123,-2.33957,1.94414,0.37670,-2.27315,2.02146,0.47380,-2.35445,1.93137,0.55682,-2.22586,1.94834,0.44234,-2.44631,1.79364,0.46287,-2.55610,1.45666,0.44496,-2.56939,1.25383,0.45121,-2.31298,1.29959,0.41570,-2.35987,1.51427,0.43903,-2.34486,1.68035,0.44163,-2.51300,1.66221,0.58412,-2.39898,1.74814,0.26665,-2.41420,1.59751,0.18440,-2.43166,1.37634,0.15793,-2.47297,1.36632,0.21820,-2.35125,1.19080,0.14960,-2.31606,1.10975,0.14923,-2.28692,1.12452,0.21512,-2.27223,1.04526,0.16699,-2.37599,1.71535,0.63080,-2.39542,1.57387,0.70049,-2.45313,1.36188,0.71329,-2.48126,1.36321,0.63978,-2.43442,1.26142,0.73216,-2.41743,1.09242,0.73334,-2.36438,1.09102,0.67420,-2.38480,1.01544,0.73222,-2.38221,1.25082,0.29949,-2.34646,1.23964,0.55045,-2.56614,1.27637,0.40322,-2.55121,1.27759,0.50027,-2.44643,1.16793,0.24282,-2.33020,0.97555,0.25928,-2.23427,0.81010,0.28385,-2.31850,0.51657,0.28426,-2.35781,0.33534,0.30816,-2.41262,0.29093,0.37437,-2.13626,0.28110,0.32892,-2.24321,0.25129,0.25786,-2.43161,1.13439,0.62033,0.00000,0.00000,0.00000,-2.46237,0.73184,0.56242,-2.56499,0.58536,0.59468,-2.65185,0.29268,0.54557,-2.70343,0.24247,0.48528,-2.42381,0.24778,0.51453,-2.52092,0.21961,0.59807,0.00000,0.00000,0.00000,0.00000,0.00000,0.00000,0.00000,0.00000,0.00000,0.00000,0.00000,0.00000,0.00000,0.00000,0.00000,0.00000,0.00000,0.00000
1.23000,  124,-2.33152,1.94276,0.37613,-2.26497,2.02011,0.47296,-2.34621,1.93021,0.55616,-2.21777,1.94703,0.44153,-2.43825,1.79292,0.46241,-2.54936,1.45642,0.44507,-2.56444,1.25361,0.45063,-2.30744,1.29824,0.41614,-2.35317,1.51322,0.43892,-2.33737,1.67918,0.44136,-2.50556,1.66214,0.58404,-2.39133,1.74692,0.26619,-2.40786,1.59646,0.18386,-2.42714,1.37559,0.15701,-2.46849,1.36571,0.21722,-2.34781,1.18948,0.14828,-2.31319,1.10822,0.14761,-2.28374,1.12281,0.21341,-2.26974,1.04363,0.16516,-2.36826,1.71458,0.63052,-2.38854,1.57325,0.70039,-2.44743,1.36157,0.71323,-2.47552,1.36305,0.63976,-2.42888,1.26086,0.73205,-2.41175,1.09166,0.73263,-2.35921,1.09047,0.67347,-2.37984,1.01474,0.73136,-2.37793,1.25037,0.29955,-2.34186,1.23783,0.55054,-2.56086,1.27630,0.40279,-2.54619,1.27721,0.49986,-2.44079,1.16789,0.24251,-2.32378,0.97578,0.25951,-2.22753,0.81090,0.28403,-2.30180,0.51371,0.28363,-2.33410,0.33127,0.30731,-2.38698,0.28438,0.37425,-2.11078,0.28432,0.32839,-2.21668,0.25159,0.25681,-2.42760,1.13348,0.62003,0.00000,0.00000,0.00000,-2.46080,0.73136,0.56236,-2.56346,0.58503,0.59467,-2.65156,0.29292,0.54545,-2.70333,0.24256,0.48524,-2.42368,0.24744,0.51446,-2.52093,0.21955,0.59814,0.00000,0.00000,0.00000,0.00000,0.00000,0.00000,0.00000,0.00000,0.00000,0.00000,0.00000,0.00000,0.00000,0.00000,0.00000,0.00000,0.00000,0.00000
1.24000,  125,-2.32327,1.94119,0.37539,-2.25666,2.01882,0.47178,-2.33765,1.92894,0.55535,-2.20950,1.94556,0.44063,-2.43000,1.79205,0.46188,-2.54367,1.45632,0.44479,-2.55910,1.25326,0.45001,-2.30203,1.29667,0.41612,-2.34604,1.51168,0.43893,-2.32916,1.67771,0.44087,-2.49798,1.66192,0.58374,-2.38344,1.74545,0.26582,-2.40114,1.59516,0.18341,-2.42239,1.37459,0.15602,-2.46367,1.36486,0.21632,-2.34433,1.18801,0.14684,-2.31037,1.10649,0.14605,-2.28062,1.12080,0.21190,-2.26713,1.04166,0.16314,-2.36028,1.71354,0.63007,-2.38152,1.57239,0.70010,-2.44154,1.36097,0.71314,-2.46967,1.36260,0.63970,-2.42328,1.26028,0.73173,-2.40665,1.09106,0.73212,-2.35380,1.08994,0.67292,-2.37433,1.01398,0.73052,-2.37233,1.24946,0.29974,-2.33755,1.23612,0.55082,-2.55551,1.27600,0.40233,-2.54104,1.27672,0.49942,-2.43492,1.16770,0.24225,-2.31781,0.97603,0.25914,-2.22103,0.81127,0.28428,-2.28488,0.51083,0.28285,-2.31005,0.32745,0.30609,-2.36137,0.27853,0.37286,-2.08512,0.28779,0.32765,-2.18966,0.25208,0.25580,-2.42356,1.13255,0.61977,0.00000,0.00000,0.00000,-2.45840,0.73057,0.56196,-2.56194,0.58472,0.59460,-2.65110,0.29288,0.54517,-2.70326,0.24268,0.48517,-2.42351,0.24702,0.51445,-2.52083,0.21943,0.59815,0.00000,0.00000,0.00000,0.00000,0.00000,0.00000,0.00000,0.00000,0.00000,0.00000,0.00000,0.00000,0.00000,0.00000,0.00000,0.00000,0.00000,0.00000
1.25000,  126,-2.31487,1.93963,0.37437,-2.24813,2.01721,0.47106,-2.32933,1.92761,0.55453,-2.20104,1.94395,0.43964,-2.42161,1.79113,0.46124,-2.53727,1.45605,0.44451,-2.55377,1.25264,0.44943,-2.29624,1.29526,0.41627,-2.33913,1.51056,0.43891,-2.32113,1.67603,0.44025,-2.49029,1.66162,0.58331,-2.37521,1.74384,0.26541,-2.39417,1.59374,0.18278,-2.41723,1.37346,0.15516,-2.45861,1.36388,0.21546,-2.34072,1.18634,0.14542,-2.30726,1.10456,0.14440,-2.27735,1.11859,0.21011,-2.26451,1.03940,0.16121,-2.35224,1.71250,0.62959,-2.37444,1.57155,0.69983,-2.43539,1.36029,0.71299,-2.46365,1.36211,0.63971,-2.41723,1.25943,0.73145,-2.40069,1.09024,0.73138,-2.34803,1.08925,0.67223,-2.36864,1.01305,0.72956,-2.36580,1.24876,0.29958,-2.33237,1.23457,0.55072,-2.54979,1.27557,0.40190,-2.53562,1.27612,0.49894,-2.42880,1.16732,0.24196,-2.31235,0.97635,0.25821,-2.21456,0.81115,0.28469,-2.26777,0.50807,0.28189,-2.28555,0.32390,0.30459,-2.33534,0.27307,0.37121,-2.05939,0.29170,0.32684,-2.16242,0.25313,0.25450,-2.41912,1.13164,0.61950,0.00000,0.00000,0.00000,-2.45615,0.72982,0.56170,-2.56056,0.58447,0.59455,-2.65062,0.29298,0.54491,-2.70316,0.24282,0.48510,-2.42329,0.24652,0.51454,-2.52090,0.21938,0.59819,0.00000,0.00000,0.00000,0.00000,0.00000,0.00000,0.00000,0.00000,0.00000,0.00000,0.00000,0.00000,0.00000,0.00000,0.00000,0.00000,0.00000,0.00000
1.26000,  127,-2.30618,1.93783,0.37355,-2.23950,2.01569,0.46983,-2.32079,1.92616,0.55364,-2.19239,1.94227,0.43856,-2.41307,1.79006,0.46047,-2.53077,1.45567,0.44405,-2.54795,1.25204,0.44890,-2.29007,1.29384,0.41641,-2.33224,1.50865,0.43871,-2.31325,1.67462,0.43994,-2.48251,1.66119,0.58282,-2.36693,1.74215,0.26465,-2.38699,1.59213,0.18208,-2.41185,1.37215,0.15425,-2.45318,1.36272,0.21470,-2.33693,1.18442,0.14392,-2.30426,1.10244,0.14256,-2.27387,1.11601,0.20839,-2.26195,1.03700,0.15898,-2.34430,1.71134,0.62904,-2.36714,1.57051,0.69942,-2.42912,1.35951,0.71285,-2.45764,1.36146,0.63966,-2.41132,1.25855,0.73111,-2.39466,1.08919,0.73079,-2.34229,1.08849,0.67145,-2.36218,1.01202,0.72854,-2.35858,1.24738,0.29989,-2.32653,1.23355,0.55076,-2.54402,1.27501,0.40148,-2.53009,1.27538,0.49844,-2.42247,1.16679,0.24167,-2.30735,0.97671,0.25635,-2.20823,0.81068,0.28512,-2.25053,0.50544,0.28073,-2.26084,0.32075,0.30295,-2.30904,0.26815,0.36916,-2.03365,0.29563,0.32625,-2.13502,0.25447,0.25321,-2.41412,1.13055,0.61924,0.00000,0.00000,0.00000,-2.45453,0.72930,0.56180,-2.55882,0.58414,0.59440,-2.65026,0.29314,0.54470,-2.70312,0.24300,0.48502,-2.42309,0.24614,0.51452,-2.52077,0.21929,0.59821,0.00000,0.00000,0.00000,0.00000,0.00000,0.00000,0.00000,0.00000,0.00000,0.00000,0.00000,0.00000,0.00000,0.00000,0.00000,0.00000,0.00000,0.00000
1.27000,  128,-2.29728,1.93604,0.37244,-2.23070,2.01389,0.46872,-2.31189,1.92453,0.55260,-2.18351,1.94053,0.43777,-2.40435,1.78885,0.45961,-2.52389,1.45512,0.44359,-2.54216,1.25128,0.44821,-2.28394,1.29231,0.41666,-2.32486,1.50706,0.43830,-2.30546,1.67250,0.43899,-2.47462,1.66069,0.58208,-2.35845,1.74030,0.26384,-2.37946,1.59041,0.18145,-2.40612,1.37075,0.15336,-2.44742,1.36144,0.21397,-2.33294,1.18249,0.14241,-2.30101,1.10016,0.14083,-2.27008,1.11310,0.20665,-2.25920,1.03422,0.15682,-2.33623,1.71004,0.62835,-2.35938,1.56920,0.69881,-2.42281,1.35866,0.71264,-2.45149,1.36074,0.63963,-2.40478,1.25749,0.73077,-2.38828,1.08823,0.73000,-2.33608,1.08764,0.67081,-2.35617,1.01105,0.72766,-2.35103,1.24671,0.29984,-2.32039,1.23191,0.55132,-2.53789,1.27425,0.40102,-2.52432,1.27458,0.49795,-2.41595,1.16607,0.24131,-2.29963,0.97510,0.25750,-2.20186,0.80987,0.28577,-2.23317,0.50306,0.27940,-2.23625,0.31822,0.30064,-2.28281,0.26384,0.36693,-2.00797,0.29969,0.32564,-2.10750,0.25583,0.25218,-2.40915,1.12958,0.61906,0.00000,0.00000,0.00000,-2.45229,0.72859,0.56159,-2.55705,0.58373,0.59431,-2.64982,0.29332,0.54451,-2.70302,0.24313,0.48497,-2.42285,0.24571,0.51460,-2.52062,0.21914,0.59822,0.00000,0.00000,0.00000,0.00000,0.00000,0.00000,0.00000,0.00000,0.00000,0.00000,0.00000,0.00000,0.00000,0.00000,0.00000,0.00000,0.00000,0.00000
1.28000,  129,-2.28846,1.93412,0.37155,-2.22162,2.01206,0.46746,-2.30287,1.92281,0.55156,-2.17449,1.93866,0.43664,-2.39554,1.78759,0.45860,-2.51693,1.45450,0.44307,-2.53594,1.25043,0.44770,-2.27747,1.29069,0.41697,-2.31781,1.50505,0.43789,-2.29729,1.67051,0.43845,-2.46662,1.66008,0.58129,-2.34982,1.73835,0.26281,-2.37164,1.58850,0.18073,-2.40002,1.36912,0.15252,-2.44136,1.36007,0.21329,-2.32867,1.18025,0.14098,-2.29760,1.09768,0.13899,-2.26659,1.11019,0.20475,-2.25651,1.03144,0.15454,-2.32788,1.70862,0.62752,-2.35179,1.56800,0.69821,-2.41620,1.35767,0.71228,-2.44508,1.35989,0.63941,-2.39822,1.25633,0.73027,-2.38184,1.08712,0.72945,-2.32944,1.08648,0.66989,-2.35008,1.01020,0.72681,-2.34373,1.24527,0.29988,-2.31452,1.23039,0.55136,-2.53156,1.27345,0.40059,-2.51825,1.27357,0.49742,-2.40931,1.16515,0.24084,-2.29239,0.97354,0.25810,-2.19571,0.80870,0.28633,-2.21588,0.50090,0.27787,-2.21100,0.31568,0.29921,-2.25668,0.26028,0.36446,-1.98274,0.30392,0.32486,-2.08048,0.25769,0.25072,-2.40371,1.12838,0.61879,0.00000,0.00000,0.00000,-2.44981,0.72786,0.56127,-2.55540,0.58346,0.59426,-2.64935,0.29350,0.54429,-2.70291,0.24330,0.48493,-2.42262,0.24528,0.51467,-2.52067,0.21909,0.59827,0.00000,0.00000,0.00000,0.00000,0.00000,0.00000,0.00000,0.00000,0.00000,0.00000,0.00000,0.00000,0.00000,0.00000,0.00000,0.00000,0.00000,0.00000
1.29000,  130,-2.27921,1.93215,0.37011,-2.21256,2.01011,0.46631,-2.29387,1.92097,0.55033,-2.16540,1.93655,0.43549,-2.38663,1.78620,0.45750,-2.50976,1.45375,0.44236,-2.52941,1.24925,0.44717,-2.27078,1.28915,0.41714,-2.31080,1.50357,0.43763,-2.28964,1.66882,0.43759,-2.45845,1.65935,0.58031,-2.34089,1.73631,0.26193,-2.36358,1.58651,0.17988,-2.39358,1.36738,0.15170,-2.43496,1.35858,0.21263,-2.32431,1.17797,0.13935,-2.29405,1.09507,0.13715,-2.26268,1.10696,0.20294,-2.25364,1.02823,0.15234,-2.31951,1.70715,0.62659,-2.34391,1.56667,0.69741,-2.40933,1.35661,0.71186,-2.43824,1.35884,0.63902,-2.39147,1.25527,0.72974,-2.37494,1.08601,0.72860,-2.32293,1.08560,0.66919,-2.34305,1.00892,0.72595,-2.33684,1.24423,0.29981,-2.30806,1.22915,0.55155,-2.52497,1.27228,0.40007,-2.51193,1.27255,0.49687,-2.40225,1.16405,0.24048,-2.28605,0.97227,0.25699,-2.18935,0.80667,0.28765,-2.19868,0.49894,0.27632,-2.18623,0.31393,0.29715,-2.23064,0.25738,0.36205,-1.95747,0.30794,0.32464,-2.05381,0.25978,0.24931,-2.39796,1.12721,0.61843,0.00000,0.00000,0.00000,-2.44754,0.72723,0.56125,-2.55364,0.58332,0.59416,-2.64886,0.29370,0.54414,-2.70281,0.24351,0.48492,-2.42241,0.24493,0.51465,-2.52069,0.21903,0.59834,0.00000,0.00000,0.00000,0.00000,0.00000,0.00000,0.00000,0.00000,0.00000,0.00000,0.00000,0.00000,0.00000,0.00000,0.00000,0.00000,0.00000,0.00000
1.30000,  131,-2.27003,1.93012,0.36898,-2.20324,2.00815,0.46488,-2.28463,1.91907,0.54912,-2.15616,1.93458,0.43391,-2.37761,1.78478,0.45624,-2.50234,1.45289,0.44164,-2.52263,1.24812,0.44656,-2.26377,1.28764,0.41731,-2.30363,1.50187,0.43698,-2.28212,1.66658,0.43667,-2.45018,1.65857,0.57931,-2.33188,1.73420,0.26083,-2.35524,1.58438,0.17898,-2.38691,1.36559,0.15089,-2.42829,1.35698,0.21200,-2.31973,1.17549,0.13787,-2.29042,1.09236,0.13517,-2.25874,1.10361,0.20106,-2.25079,1.02505,0.15009,-2.31114,1.70563,0.62570,-2.33624,1.56534,0.69661,-2.40229,1.35552,0.71137,-2.43159,1.35783,0.63873,-2.38453,1.25403,0.72905,-2.36794,1.08477,0.72788,-2.31628,1.08436,0.66833,-2.33602,1.00779,0.72508,-2.32986,1.24207,0.29938,-2.30165,1.22772,0.55134,-2.51796,1.27118,0.39963,-2.50534,1.27140,0.49634,-2.39507,1.16289,0.23998,-2.27970,0.97077,0.25572,-2.18357,0.80482,0.28774,-2.18170,0.49734,0.27460,-2.16182,0.31274,0.29482,-2.20508,0.25526,0.35954,-1.93322,0.31261,0.32314,-2.02771,0.26210,0.24785,-2.39147,1.12578,0.61796,0.00000,0.00000,0.00000,-2.44532,0.72659,0.56128,-2.55222,0.58327,0.59418,-2.64851,0.29391,0.54405,-2.70274,0.24370,0.48490,-2.42225,0.24460,0.51465,-2.52064,0.21893,0.59837,0.00000,0.00000,0.00000,0.00000,0.00000,0.00000,0.00000,0.00000,0.00000,0.00000,0.00000,0.00000,0.00000,0.00000,0.00000,0.00000,0.00000,0.00000
1.31000,  132,-2.26053,1.92807,0.36760,-2.19375,2.00599,0.46358,-2.27501,1.91701,0.54767,-2.14677,1.93243,0.43251,-2.36852,1.78320,0.45492,-2.49472,1.45191,0.44084,-2.51550,1.24672,0.44600,-2.25668,1.28598,0.41752,-2.29618,1.49953,0.43640,-2.27372,1.66424,0.43574,-2.44176,1.65767,0.57815,-2.32274,1.73199,0.25959,-2.34658,1.58214,0.17804,-2.38000,1.36367,0.15006,-2.42138,1.35530,0.21128,-2.31478,1.17292,0.13633,-2.28653,1.08954,0.13326,-2.25430,1.10018,0.19922,-2.24770,1.02174,0.14778,-2.30258,1.70409,0.62458,-2.32843,1.56394,0.69573,-2.39504,1.35434,0.71072,-2.42433,1.35675,0.63818,-2.37730,1.25285,0.72839,-2.36063,1.08358,0.72703,-2.30897,1.08315,0.66755,-2.32873,1.00658,0.72429,-2.32253,1.24073,0.29913,-2.29493,1.22611,0.55112,-2.51090,1.26995,0.39905,-2.49848,1.27012,0.49568,-2.38772,1.16151,0.23945,-2.27352,0.96918,0.25393,-2.17829,0.80265,0.28730,-2.16507,0.49600,0.27283,-2.13787,0.31217,0.29253,-2.18000,0.25371,0.35704,-1.90938,0.31731,0.32227,-2.00202,0.26494,0.24661,-2.38503,1.12446,0.61751,0.00000,0.00000,0.00000,-2.44317,0.72604,0.56131,-2.55054,0.58313,0.59424,-2.64814,0.29409,0.54396,-2.70263,0.24391,0.48491,-2.42214,0.24430,0.51461,-2.52064,0.21885,0.59841,0.00000,0.00000,0.00000,0.00000,0.00000,0.00000,0.00000,0.00000,0.00000,0.00000,0.00000,0.00000,0.00000,0.00000,0.00000,0.00000,0.00000,0.00000
1.32000,  133,-2.25100,1.92589,0.36614,-2.18405,2.00386,0.46200,-2.26564,1.91512,0.54633,-2.13718,1.93021,0.43121,-2.35926,1.78159,0.45350,-2.48675,1.45079,0.43988,-2.50820,1.24535,0.44529,-2.24901,1.28430,0.41745,-2.28831,1.49764,0.43577,-2.26448,1.66227,0.43462,-2.43323,1.65669,0.57687,-2.31354,1.72972,0.25810,-2.33774,1.57976,0.17699,-2.37270,1.36160,0.14917,-2.41416,1.35346,0.21057,-2.30975,1.17039,0.13470,-2.28233,1.08661,0.13139,-2.25013,1.09655,0.19729,-2.24445,1.01824,0.14560,-2.29367,1.70255,0.62326,-2.32010,1.56251,0.69465,-2.38756,1.35317,0.70999,-2.41698,1.35554,0.63754,-2.36993,1.25160,0.72762,-2.35347,1.08239,0.72630,-2.30120,1.08179,0.66672,-2.32148,1.00541,0.72344,-2.31512,1.23893,0.29837,-2.28879,1.22443,0.55099,-2.50344,1.26849,0.39832,-2.49123,1.26879,0.49496,-2.38016,1.16012,0.23883,-2.26703,0.96705,0.25216,-2.17304,0.80014,0.28675,-2.14877,0.49489,0.27097,-2.11468,0.31219,0.29012,-2.15561,0.25265,0.35432,-1.88617,0.32252,0.32185,-1.97712,0.26846,0.24535,-2.37891,1.12323,0.61727,0.00000,0.00000,0.00000,-2.44101,0.72548,0.56148,-2.54899,0.58315,0.59423,-2.64771,0.29436,0.54389,-2.70255,0.24413,0.48489,-2.42202,0.24406,0.51468,-2.52058,0.21874,0.59848,0.00000,0.00000,0.00000,0.00000,0.00000,0.00000,0.00000,0.00000,0.00000,0.00000,0.00000,0.00000,0.00000,0.00000,0.00000,0.00000,0.00000,0.00000
1.33000,  134,-2.24142,1.92375,0.36456,-2.17441,2.00164,0.46045,-2.25626,1.91311,0.54484,-2.12754,1.92794,0.42979,-2.35000,1.77991,0.45192,-2.47869,1.44953,0.43886,-2.50044,1.24379,0.44459,-2.24141,1.28255,0.41713,-2.28004,1.49551,0.43474,-2.25523,1.66022,0.43346,-2.42453,1.65561,0.57552,-2.30399,1.72735,0.25692,-2.32869,1.57736,0.17587,-2.36519,1.35955,0.14817,-2.40667,1.35160,0.20979,-2.30437,1.16776,0.13313,-2.27795,1.08369,0.12946,-2.24574,1.09311,0.19532,-2.24108,1.01468,0.14345,-2.28493,1.70106,0.62200,-2.31144,1.56108,0.69344,-2.37982,1.35191,0.70916,-2.40932,1.35440,0.63672,-2.36233,1.25040,0.72679,-2.34605,1.08127,0.72554,-2.29374,1.08052,0.66574,-2.31408,1.00430,0.72274,-2.30739,1.23708,0.29804,-2.28224,1.22287,0.55030,-2.49568,1.26693,0.39754,-2.48374,1.26725,0.49423,-2.37228,1.15855,0.23813,-2.26066,0.96448,0.25031,-2.16796,0.79733,0.28583,-2.13291,0.49405,0.26902,-2.09223,0.31258,0.28788,-2.13209,0.25177,0.35156,-1.86410,0.32858,0.32185,-1.95299,0.27275,0.24431,-2.37289,1.12196,0.61709,0.00000,0.00000,0.00000,-2.43884,0.72490,0.56168,-2.54728,0.58314,0.59420,-2.64736,0.29466,0.54392,-2.70244,0.24436,0.48487,-2.42193,0.24387,0.51480,-2.52064,0.21857,0.59855,0.00000,0.00000,0.00000,0.00000,0.00000,0.00000,0.00000,0.00000,0.00000,0.00000,0.00000,0.00000,0.00000,0.00000,0.00000,0.00000,0.00000,0.00000
1.34000,  135,-2.23161,1.92156,0.36302,-2.16457,1.99938,0.45872,-2.24663,1.91107,0.54316,-2.11789,1.92558,0.42792,-2.34063,1.77812,0.45025,-2.47031,1.44814,0.43767,-2.49268,1.24230,0.44369,-2.23330,1.28089,0.41669,-2.27111,1.49365,0.43407,-2.23869,1.65936,0.43260,-2.41566,1.65446,0.57403,-2.29459,1.72497,0.25515,-2.31944,1.57491,0.17466,-2.35744,1.35738,0.14720,-2.39892,1.34972,0.20900,-2.29871,1.16508,0.13149,-2.27338,1.08073,0.12741,-2.24076,1.08947,0.19358,-2.23749,1.01117,0.14132,-2.27589,1.69944,0.62064,-2.30315,1.55966,0.69229,-2.37184,1.35073,0.70820,-2.40149,1.35317,0.63579,-2.35473,1.24916,0.72596,-2.33831,1.08006,0.72467,-2.28575,1.07917,0.66503,-2.30642,1.00302,0.72204,-2.29928,1.23602,0.29726,-2.27490,1.22104,0.54993,-2.48766,1.26544,0.39673,-2.47595,1.26576,0.49335,-2.36423,1.15684,0.23737,-2.25477,0.96166,0.24818,-2.16254,0.79439,0.28485,-2.11761,0.49349,0.26724,-2.07097,0.31330,0.28566,-2.10953,0.25088,0.34860,-1.84355,0.33565,0.32235,-1.93017,0.27817,0.24345,-2.36602,1.12042,0.61673,0.00000,0.00000,0.00000,-2.43689,0.72436,0.56202,-2.54576,0.58323,0.59424,-2.64707,0.29507,0.54399,-2.70234,0.24463,0.48489,-2.42185,0.24374,0.51485,-2.52072,0.21845,0.59868,0.00000,0.00000,0.00000,0.00000,0.00000,0.00000,0.00000,0.00000,0.00000,0.00000,0.00000,0.00000,0.00000,0.00000,0.00000,0.00000,0.00000,0.00000
1.35000,  136,-2.22182,1.91932,0.36120,-2.15459,1.99715,0.45690,-2.23663,1.90902,0.54130,-2.10805,1.92317,0.42613,-2.33115,1.77629,0.44848,-2.46173,1.44666,0.43637,-2.48450,1.24065,0.44266,-2.22490,1.27900,0.41655,-2.26189,1.49191,0.43310,-2.22773,1.65694,0.43103,-2.40662,1.65317,0.57247,-2.28496,1.72253,0.25362,-2.30994,1.57233,0.17356,-2.34956,1.35516,0.14615,-2.39101,1.34776,0.20806,-2.29282,1.16233,0.12990,-2.26839,1.07781,0.12540,-2.23591,1.08597,0.19166,-2.23360,1.00759,0.13923,-2.26700,1.69790,0.61917,-2.29466,1.55822,0.69103,-2.36376,1.34952,0.70718,-2.39326,1.35196,0.63466,-2.34653,1.24794,0.72493,-2.33040,1.07880,0.72381,-2.27832,1.07794,0.66397,-2.29852,1.00179,0.72130,-2.28995,1.23405,0.29672,-2.26728,1.21920,0.54942,-2.47939,1.26376,0.39570,-2.46796,1.26416,0.49236,-2.35595,1.15503,0.23663,-2.24876,0.95844,0.24632,-2.15690,0.79136,0.28373,-2.10293,0.49316,0.26555,-2.05092,0.31422,0.28365,-2.08829,0.24987,0.34558,-1.82487,0.34343,0.32331,-1.90864,0.28409,0.24286,-2.35862,1.11879,0.61612,0.00000,0.00000,0.00000,-2.43438,0.72369,0.56220,-2.54408,0.58347,0.59415,-2.64681,0.29549,0.54407,-2.70223,0.24493,0.48493,-2.42176,0.24360,0.51493,-2.52057,0.21820,0.59878,0.00000,0.00000,0.00000,0.00000,0.00000,0.00000,0.00000,0.00000,0.00000,0.00000,0.00000,0.00000,0.00000,0.00000,0.00000,0.00000,0.00000,0.00000
1.36000,  137,-2.21199,1.91703,0.35917,-2.14450,1.99483,0.45466,-2.22682,1.90702,0.53958,-2.09813,1.92068,0.42426,-2.32158,1.77440,0.44657,-2.45291,1.44505,0.43500,-2.47610,1.23915,0.44156,-2.21637,1.27700,0.41616,-2.25236,1.48970,0.43164,-2.22026,1.65405,0.42986,-2.39747,1.65177,0.57083,-2.27515,1.72000,0.25201,-2.30058,1.56975,0.17218,-2.34151,1.35288,0.14500,-2.38296,1.34578,0.20700,-2.28673,1.15961,0.12816,-2.26326,1.07476,0.12337,-2.23048,1.08242,0.18956,-2.22934,1.00406,0.13727,-2.25762,1.69628,0.61757,-2.28579,1.55691,0.68962,-2.35561,1.34837,0.70608,-2.38869,1.35154,0.63412,-2.33829,1.24663,0.72387,-2.32193,1.07749,0.72291,-2.26851,1.07711,0.66279,-2.29005,1.00045,0.72040,-2.28043,1.23171,0.29587,-2.25969,1.21715,0.54856,-2.47094,1.26223,0.39466,-2.45975,1.26255,0.49122,-2.34740,1.15308,0.23573,-2.24277,0.95502,0.24495,-2.15063,0.78867,0.28276,-2.08892,0.49293,0.26396,-2.03225,0.31523,0.28194,-2.06789,0.24848,0.34326,-1.80765,0.35086,0.32477,-1.88867,0.29007,0.24242,-2.35154,1.11729,0.61559,0.00000,0.00000,0.00000,-2.43156,0.72306,0.56228,-2.54241,0.58370,0.59408,-2.64641,0.29599,0.54420,-2.70221,0.24522,0.48494,-2.42170,0.24345,0.51502,-2.52059,0.21805,0.59890,0.00000,0.00000,0.00000,0.00000,0.00000,0.00000,0.00000,0.00000,0.00000,0.00000,0.00000,0.00000,0.00000,0.00000,0.00000,0.00000,0.00000,0.00000
1.37000,  138,-2.20208,1.91474,0.35719,-2.13434,1.99257,0.45265,-2.21677,1.90501,0.53743,-2.08817,1.91835,0.42198,-2.31193,1.77244,0.44455,-2.44393,1.44344,0.43351,-2.46762,1.23746,0.44026,-2.20771,1.27507,0.41500,-2.24299,1.48727,0.43066,-2.21513,1.65178,0.42816,-2.38817,1.65029,0.56904,-2.26534,1.71746,0.25002,-2.29103,1.56712,0.17078,-2.33317,1.35056,0.14383,-2.37463,1.34368,0.20592,-2.28042,1.15696,0.12639,-2.25771,1.07183,0.12143,-2.22479,1.07885,0.18766,-2.22482,1.00052,0.13527,-2.24824,1.69474,0.61584,-2.27657,1.55538,0.68812,-2.34720,1.34709,0.70488,-2.38107,1.35051,0.63294,-2.32965,1.24535,0.72271,-2.31351,1.07620,0.72208,-2.26105,1.07518,0.66238,-2.28172,0.99916,0.71958,-2.27121,1.22984,0.29531,-2.25128,1.21525,0.54793,-2.46226,1.26045,0.39341,-2.45139,1.26091,0.49004,-2.33869,1.15108,0.23474,-2.23663,0.95184,0.24390,-2.14333,0.78644,0.28212,-2.07555,0.49266,0.26275,-2.01534,0.31599,0.28038,-2.04994,0.24756,0.34045,-1.79245,0.35740,0.32633,-1.87069,0.29535,0.24236,-2.34462,1.11580,0.61518,0.00000,0.00000,0.00000,-2.42855,0.72243,0.56228,-2.54025,0.58402,0.59383,-2.64603,0.29683,0.54429,-2.70214,0.24549,0.48499,-2.42163,0.24330,0.51506,-2.52060,0.21791,0.59898,0.00000,0.00000,0.00000,0.00000,0.00000,0.00000,0.00000,0.00000,0.00000,0.00000,0.00000,0.00000,0.00000,0.00000,0.00000,0.00000,0.00000,0.00000
1.38000,  139,-2.19216,1.91250,0.35495,-2.12420,1.99031,0.45033,-2.20664,1.90304,0.53532,-2.07812,1.91604,0.41972,-2.30205,1.77045,0.44253,-2.43486,1.44177,0.43198,-2.45902,1.23585,0.43893,-2.19882,1.27292,0.41420,-2.23439,1.48536,0.42943,-2.20928,1.64936,0.42634,-2.37856,1.64881,0.56725,-2.25527,1.71485,0.24817,-2.28147,1.56447,0.16921,-2.32479,1.34822,0.14258,-2.36630,1.34161,0.20471,-2.27386,1.15418,0.12461,-2.25199,1.06886,0.11934,-2.21878,1.07544,0.18571,-2.22005,0.99705,0.13316,-2.23856,1.69307,0.61406,-2.26745,1.55408,0.68653,-2.33832,1.34584,0.70356,-2.37182,1.34913,0.63150,-2.32073,1.24420,0.72166,-2.30490,1.07491,0.72112,-2.25341,1.07393,0.66129,-2.27338,0.99788,0.71877,-2.26225,1.22777,0.29463,-2.24309,1.21327,0.54726,-2.45343,1.25882,0.39215,-2.44284,1.25925,0.48879,-2.32975,1.14913,0.23375,-2.23042,0.94900,0.24271,-2.13534,0.78477,0.28130,-2.06306,0.49240,0.26138,-2.00029,0.31631,0.27928,-2.03433,0.24676,0.33803,-1.77907,0.36226,0.32777,-1.85495,0.29912,0.24237,-2.33727,1.11423,0.61461,0.00000,0.00000,0.00000,-2.42524,0.72180,0.56218,-2.53784,0.58435,0.59364,-2.64566,0.29761,0.54438,-2.70203,0.24584,0.48503,-2.42158,0.24321,0.51510,-2.52076,0.21787,0.59911,0.00000,0.00000,0.00000,0.00000,0.00000,0.00000,0.00000,0.00000,0.00000,0.00000,0.00000,0.00000,0.00000,0.00000,0.00000,0.00000,0.00000,0.00000
1.39000,  140,-2.18224,1.91017,0.35268,-2.11402,1.98816,0.44747,-2.19648,1.90106,0.53299,-2.06807,1.91375,0.41712,-2.29202,1.76847,0.44033,-2.42554,1.44015,0.43040,-2.45021,1.23433,0.43749,-2.18975,1.27065,0.41387,-2.22532,1.48328,0.42840,-2.20102,1.64708,0.42440,-2.36894,1.64729,0.56528,-2.24510,1.71224,0.24621,-2.27177,1.56181,0.16758,-2.31619,1.34579,0.14111,-2.35771,1.33938,0.20339,-2.26691,1.15139,0.12276,-2.24586,1.06594,0.11718,-2.21282,1.07207,0.18377,-2.21483,0.99371,0.13109,-2.22901,1.69153,0.61219,-2.25786,1.55267,0.68479,-2.32944,1.34466,0.70222,-2.36260,1.34782,0.63001,-2.31113,1.24314,0.72037,-2.29607,1.07359,0.72010,-2.24430,1.07254,0.66047,-2.26461,0.99660,0.71782,-2.25327,1.22530,0.29376,-2.23526,1.21098,0.54650,-2.44455,1.25730,0.39078,-2.43407,1.25761,0.48745,-2.32036,1.14718,0.23281,-2.22359,0.94683,0.24176,-2.12675,0.78350,0.28020,-2.05137,0.49177,0.26029,-1.98756,0.31602,0.27828,-2.02127,0.24569,0.33646,-1.76755,0.36482,0.32901,-1.84176,0.30086,0.24265,-2.32974,1.11263,0.61394,-2.39698,0.83029,0.58327,-2.42090,0.72096,0.56176,-2.53509,0.58477,0.59320,-2.64525,0.29868,0.54452,-2.70197,0.24643,0.48513,-2.42150,0.24314,0.51516,-2.52078,0.21777,0.59919,0.00000,0.00000,0.00000,0.00000,0.00000,0.00000,0.00000,0.00000,0.00000,0.00000,0.00000,0.00000,0.00000,0.00000,0.00000,0.00000,0.00000,0.00000
1.40000,  141,-2.17216,1.90796,0.35024,-2.10379,1.98601,0.44503,-2.18611,1.89908,0.53056,-2.05790,1.91142,0.41495,-2.28183,1.76655,0.43807,-2.41609,1.43851,0.42883,-2.44139,1.23272,0.43589,-2.18051,1.26823,0.41316,-2.21559,1.48119,0.42688,-2.19103,1.64465,0.42238,-2.35903,1.64582,0.56326,-2.23483,1.70965,0.24405,-2.26206,1.55915,0.16566,-2.30753,1.34334,0.13969,-2.34884,1.33714,0.20202,-2.25990,1.14869,0.12086,-2.23945,1.06297,0.11519,-2.20654,1.06864,0.18175,-2.20922,0.99021,0.12929,-2.21889,1.68994,0.61008,-2.24865,1.55135,0.68305,-2.32041,1.34347,0.70078,-2.35332,1.34656,0.62854,-2.30105,1.24154,0.71907,-2.28732,1.07248,0.71903,-2.23531,1.07122,0.65938,-2.25555,0.99529,0.71689,-2.24451,1.22303,0.29307,-2.22707,1.20886,0.54581,-2.43547,1.25570,0.38927,-2.42521,1.25597,0.48606,-2.31100,1.14544,0.23153,-2.21663,0.94538,0.24104,-2.11759,0.78214,0.27896,-2.04082,0.49074,0.25927,-1.97711,0.31497,0.27761,-2.01089,0.24418,0.33537,-1.75782,0.36460,0.32976,-1.83097,0.30016,0.24284,-2.32221,1.11105,0.61308,-2.39207,0.82928,0.58293,-2.41658,0.71993,0.56121,-2.53182,0.58504,0.59252,-2.64467,0.29982,0.54471,-2.70178,0.24745,0.48520,-2.42138,0.24302,0.51517,-2.52079,0.21762,0.59928,0.00000,0.00000,0.00000,0.00000,0.00000,0.00000,0.00000,0.00000,0.00000,0.00000,0.00000,0.00000,0.00000,0.00000,0.00000,0.00000,0.00000,0.00000
1.41000,  142,-2.16193,1.90569,0.34772,-2.09351,1.98393,0.44250,-2.17586,1.89706,0.52806,-2.04771,1.90933,0.41236,-2.27150,1.76461,0.43566,-2.40639,1.43693,0.42717,-2.43229,1.23124,0.43423,-2.17100,1.26601,0.41213,-2.20548,1.47901,0.42521,-2.17982,1.64253,0.42068,-2.34890,1.64438,0.56114,-2.22439,1.70703,0.24192,-2.25215,1.55646,0.16391,-2.29867,1.34092,0.13810,-2.33987,1.33494,0.20048,-2.25244,1.14596,0.11898,-2.23279,1.06004,0.11316,-2.19991,1.06554,0.17957,-2.20323,0.98705,0.12728,-2.20886,1.68845,0.60801,-2.23922,1.55009,0.68120,-2.31108,1.34237,0.69932,-2.34283,1.34583,0.62698,-2.29094,1.23979,0.71757,-2.27835,1.07137,0.71794,-2.22605,1.06978,0.65840,-2.24656,0.99417,0.71597,-2.23524,1.22080,0.29221,-2.21822,1.20709,0.54504,-2.42607,1.25421,0.38781,-2.41615,1.25438,0.48454,-2.30143,1.14377,0.23032,-2.20775,0.94372,0.23977,-2.10822,0.78086,0.27738,-2.03132,0.48920,0.25848,-1.96882,0.31290,0.27677,-2.00337,0.24238,0.33437,-1.74962,0.36162,0.32987,-1.82268,0.29730,0.24261,-2.31455,1.10942,0.61208,-2.38542,0.82777,0.58193,-2.41184,0.71896,0.56053,-2.52812,0.58540,0.59175,-2.64391,0.30122,0.54484,-2.70149,0.24883,0.48523,-2.42127,0.24296,0.51515,-2.52083,0.21746,0.59939,0.00000,0.00000,0.00000,0.00000,0.00000,0.00000,0.00000,0.00000,0.00000,0.00000,0.00000,0.00000,0.00000,0.00000,0.00000,0.00000,0.00000,0.00000
1.42000,  143,-2.15184,1.90385,0.34506,-2.08332,1.98207,0.43940,-2.16542,1.89523,0.52535,-2.03736,1.90741,0.40969,-2.26104,1.76274,0.43312,-2.39660,1.43539,0.42547,-2.42282,1.22962,0.43245,-2.16142,1.26353,0.41120,-2.19588,1.47685,0.42368,-2.16860,1.64062,0.41866,-2.33869,1.64300,0.55893,-2.21391,1.70454,0.23935,-2.24225,1.55384,0.16179,-2.28968,1.33848,0.13646,-2.33085,1.33266,0.19890,-2.24487,1.14322,0.11705,-2.22593,1.05721,0.11111,-2.19267,1.06229,0.17758,-2.19707,0.98395,0.12507,-2.19873,1.68690,0.60588,-2.22925,1.54882,0.67912,-2.30152,1.34125,0.69780,-2.33338,1.34400,0.62528,-2.28085,1.23813,0.71610,-2.26907,1.07025,0.71684,-2.21655,1.06865,0.65745,-2.23738,0.99300,0.71504,-2.22484,1.21888,0.29111,-2.20917,1.20528,0.54412,-2.41651,1.25268,0.38607,-2.40690,1.25285,0.48286,-2.29187,1.14235,0.22882,-2.19938,0.94236,0.23818,-2.09794,0.77939,0.27618,-2.02313,0.48721,0.25786,-1.96278,0.31015,0.27597,-1.99834,0.24003,0.33316,-1.74317,0.35602,0.32917,-1.81701,0.29293,0.24168,-2.30716,1.10793,0.61108,-2.37776,0.82605,0.58062,-2.40619,0.71780,0.55938,-2.52412,0.58583,0.59063,-2.64304,0.30274,0.54496,-2.70107,0.25076,0.48524,-2.42110,0.24281,0.51511,-2.52087,0.21730,0.59949,0.00000,0.00000,0.00000,0.00000,0.00000,0.00000,0.00000,0.00000,0.00000,0.00000,0.00000,0.00000,0.00000,0.00000,0.00000,0.00000,0.00000,0.00000
1.43000,  144,-2.14152,1.90176,0.34224,-2.07300,1.98020,0.43659,-2.15509,1.89344,0.52258,-2.02707,1.90566,0.40637,-2.25047,1.76100,0.43044,-2.38659,1.43395,0.42360,-2.41328,1.22807,0.43050,-2.15150,1.26141,0.41047,-2.18557,1.47499,0.42186,-2.15713,1.63878,0.41653,-2.32827,1.64173,0.55658,-2.20322,1.70210,0.23678,-2.23211,1.55125,0.15970,-2.28049,1.33612,0.13468,-2.32148,1.33046,0.19734,-2.23711,1.14067,0.11505,-2.21858,1.05449,0.10902,-2.18600,1.05923,0.17552,-2.19035,0.98099,0.12317,-2.18835,1.68553,0.60345,-2.21874,1.54761,0.67693,-2.29180,1.34026,0.69622,-2.32305,1.34278,0.62355,-2.27039,1.23655,0.71471,-2.25953,1.06922,0.71570,-2.20693,1.06753,0.65630,-2.22798,0.99206,0.71398,-2.21407,1.21682,0.28939,-2.20009,1.20296,0.54297,-2.40653,1.25114,0.38429,-2.39740,1.25136,0.48104,-2.28192,1.14092,0.22745,-2.18728,0.93931,0.23478,-2.08694,0.77803,0.27554,-2.01580,0.48477,0.25743,-1.95889,0.30709,0.27494,-1.99599,0.23844,0.33235,-1.73836,0.34847,0.32746,-1.81386,0.28714,0.24003,-2.29905,1.10641,0.60974,-2.37032,0.82472,0.57929,-2.40000,0.71665,0.55815,-2.51978,0.58645,0.58937,-2.64206,0.30467,0.54494,-2.70051,0.25320,0.48521,-2.42093,0.24273,0.51507,-2.52080,0.21705,0.59959,0.00000,0.00000,0.00000,0.00000,0.00000,0.00000,0.00000,0.00000,0.00000,0.00000,0.00000,0.00000,0.00000,0.00000,0.00000,0.00000,0.00000,0.00000
1.44000,  145,-2.13110,1.89986,0.33935,-2.06273,1.97850,0.43326,-2.14437,1.89178,0.51960,-2.01640,1.90429,0.40281,-2.23981,1.75937,0.42770,-2.37633,1.43249,0.42162,-2.40321,1.22668,0.42846,-2.14126,1.25938,0.40942,-2.17513,1.47328,0.42014,-2.14647,1.63685,0.41417,-2.31777,1.64054,0.55417,-2.19245,1.69977,0.23403,-2.22185,1.54881,0.15740,-2.27119,1.33389,0.13289,-2.31197,1.32843,0.19558,-2.22902,1.13814,0.11319,-2.21118,1.05184,0.10703,-2.17773,1.05645,0.17351,-2.18325,0.97815,0.12097,-2.17749,1.68419,0.60085,-2.20851,1.54644,0.67474,-2.28206,1.33944,0.69462,-2.31329,1.34158,0.62191,-2.26457,1.23710,0.71357,-2.25005,1.06833,0.71455,-2.19748,1.06647,0.65504,-2.21838,0.99111,0.71295,-2.20337,1.21475,0.28755,-2.19054,1.20095,0.54183,-2.39622,1.24970,0.38233,-2.38760,1.24995,0.47906,-2.27156,1.13959,0.22583,-2.17448,0.93859,0.23261,-2.07538,0.77707,0.27522,-2.00952,0.48203,0.25724,-1.95620,0.30394,0.27422,-1.99439,0.23726,0.33220,-1.73366,0.34021,0.32339,-1.81153,0.28019,0.23772,-2.29235,1.10566,0.60942,-2.36235,0.82332,0.57762,-2.39391,0.71585,0.55691,-2.51511,0.58738,0.58790,-2.64068,0.30676,0.54492,-2.69979,0.25609,0.48510,-2.42072,0.24254,0.51506,-2.52088,0.21695,0.59967,0.00000,0.00000,0.00000,0.00000,0.00000,0.00000,0.00000,0.00000,0.00000,0.00000,0.00000,0.00000,0.00000,0.00000,0.00000,0.00000,0.00000,0.00000
1.45000,  146,-2.12065,1.89817,0.33624,-2.05232,1.97705,0.42998,-2.13390,1.89034,0.51665,-2.00593,1.90286,0.39957,-2.22902,1.75790,0.42469,-2.36587,1.43125,0.41947,-2.39293,1.22529,0.42627,-2.13088,1.25759,0.40848,-2.16446,1.47146,0.41800,-2.13601,1.63497,0.41140,-2.30706,1.63953,0.55156,-2.18138,1.69757,0.23138,-2.21135,1.54650,0.15514,-2.26165,1.33175,0.13103,-2.30234,1.32647,0.19383,-2.22075,1.13587,0.11115,-2.20348,1.04937,0.10506,-2.16980,1.05384,0.17128,-2.17595,0.97561,0.11886,-2.16662,1.68293,0.59818,-2.19817,1.54552,0.67222,-2.27198,1.33870,0.69298,-2.30264,1.34114,0.62022,-2.25546,1.23660,0.71226,-2.23998,1.06752,0.71330,-2.18784,1.06558,0.65371,-2.20831,0.99031,0.71181,-2.19280,1.21318,0.28599,-2.18144,1.19940,0.54035,-2.38571,1.24837,0.38022,-2.37750,1.24859,0.47691,-2.26067,1.13832,0.22422,-2.16082,0.93936,0.23209,-2.06320,0.77599,0.27551,-2.00372,0.47920,0.25734,-1.95345,0.30128,0.27381,-1.99210,0.23668,0.33297,-1.72876,0.33145,0.31895,-1.80985,0.27385,0.23499,-2.28534,1.10490,0.60864,-2.35387,0.82215,0.57597,-2.38693,0.71507,0.55545,-2.50978,0.58846,0.58630,-2.63915,0.30932,0.54489,-2.69879,0.25947,0.48501,-2.42059,0.24246,0.51500,-2.52091,0.21689,0.59974,0.00000,0.00000,0.00000,0.00000,0.00000,0.00000,0.00000,0.00000,0.00000,0.00000,0.00000,0.00000,0.00000,0.00000,0.00000,0.00000,0.00000,0.00000
1.46000,  147,-2.11011,1.89664,0.33307,-2.04183,1.97586,0.42666,-2.12300,1.88908,0.51346,-1.99538,1.90171,0.39619,-2.21802,1.75670,0.42169,-2.35528,1.43022,0.41718,-2.38248,1.22421,0.42396,-2.12003,1.25620,0.40740,-2.15397,1.47006,0.41602,-2.12554,1.63362,0.40861,-2.29627,1.63876,0.54883,-2.17014,1.69561,0.22869,-2.20066,1.54437,0.15259,-2.25193,1.32981,0.12898,-2.29241,1.32474,0.19188,-2.21221,1.13370,0.10912,-2.19549,1.04719,0.10308,-2.16161,1.05150,0.16921,-2.16823,0.97342,0.11652,-2.15589,1.68205,0.59529,-2.18694,1.54458,0.66957,-2.26175,1.33827,0.69124,-2.29165,1.34009,0.61831,-2.24517,1.23601,0.71068,-2.22982,1.06696,0.71208,-2.17799,1.06497,0.65248,-2.19846,0.98983,0.71071,-2.18126,1.21141,0.28428,-2.17189,1.19793,0.53949,-2.37509,1.24728,0.37808,-2.36718,1.24738,0.47471,-2.24915,1.13736,0.22255,-2.14769,0.93853,0.23075,-2.05136,0.77529,0.27554,-1.99728,0.47685,0.25744,-1.94957,0.29965,0.27411,-1.98918,0.23731,0.33429,-1.72400,0.32264,0.31452,-1.80825,0.26784,0.23282,-2.27645,1.10383,0.60707,-2.34505,0.82120,0.57412,-2.37939,0.71445,0.55389,-2.50404,0.58977,0.58456,-2.63725,0.31232,0.54489,-2.69753,0.26348,0.48500,-2.42047,0.24239,0.51494,-2.52084,0.21683,0.59980,0.00000,0.00000,0.00000,0.00000,0.00000,0.00000,0.00000,0.00000,0.00000,0.00000,0.00000,0.00000,0.00000,0.00000,0.00000,0.00000,0.00000,0.00000
1.47000,  148,-2.09936,1.89560,0.32983,-2.03117,1.97492,0.42329,-2.11225,1.88819,0.51015,-1.98462,1.90085,0.39293,-2.20707,1.75576,0.41835,-2.34454,1.42943,0.41490,-2.37182,1.22331,0.42159,-2.10881,1.25514,0.40627,-2.14392,1.46872,0.41367,-2.11481,1.63204,0.40577,-2.28546,1.63827,0.54587,-2.15905,1.69394,0.22536,-2.18976,1.54248,0.14999,-2.24189,1.32807,0.12701,-2.28227,1.32325,0.18989,-2.20339,1.13178,0.10716,-2.18716,1.04520,0.10100,-2.15295,1.04932,0.16720,-2.16018,0.97139,0.11424,-2.14491,1.68133,0.59240,-2.17599,1.54394,0.66673,-2.25111,1.33803,0.68940,-2.28087,1.33957,0.61644,-2.23418,1.23562,0.70908,-2.21941,1.06658,0.71083,-2.16813,1.06461,0.65125,-2.18798,0.98953,0.70958,-2.16990,1.21056,0.28302,-2.16162,1.19699,0.53832,-2.36420,1.24663,0.37595,-2.35650,1.24627,0.47249,-2.23739,1.13687,0.22073,-2.13176,0.94005,0.23037,-2.04007,0.77484,0.27501,-1.98979,0.47548,0.25765,-1.94472,0.29823,0.27434,-1.98623,0.23865,0.33496,-1.71884,0.31235,0.31249,-1.80597,0.26179,0.23200,-2.26735,1.10321,0.60556,-2.33473,0.82000,0.57184,-2.37071,0.71395,0.55205,-2.49757,0.59138,0.58282,-2.63489,0.31582,0.54499,-2.69599,0.26815,0.48503,-2.42039,0.24231,0.51492,-2.52077,0.21683,0.59982,0.00000,0.00000,0.00000,0.00000,0.00000,0.00000,0.00000,0.00000,0.00000,0.00000,0.00000,0.00000,0.00000,0.00000,0.00000,0.00000,0.00000,0.00000
1.48000,  149,-2.08859,1.89482,0.32645,-2.02052,1.97446,0.41997,-2.10163,1.88761,0.50691,-1.97400,1.90038,0.38930,-2.19591,1.75514,0.41503,-2.33366,1.42888,0.41270,-2.36081,1.22266,0.41925,-2.09721,1.25453,0.40490,-2.13259,1.46810,0.41108,-2.10318,1.63138,0.40267,-2.27456,1.63809,0.54286,-2.14768,1.69267,0.22201,-2.17866,1.54084,0.14735,-2.23170,1.32669,0.12484,-2.27188,1.32203,0.18785,-2.19415,1.13005,0.10515,-2.17844,1.04341,0.09910,-2.14392,1.04744,0.16509,-2.15188,0.96964,0.11208,-2.13408,1.68108,0.58931,-2.16462,1.54360,0.66368,-2.24027,1.33803,0.68739,-2.26998,1.33935,0.61448,-2.22352,1.23569,0.70732,-2.20867,1.06655,0.70953,-2.15782,1.06459,0.64972,-2.17753,0.98955,0.70843,-2.15805,1.20990,0.28165,-2.15119,1.19618,0.53716,-2.35309,1.24621,0.37390,-2.34559,1.24542,0.47033,-2.22586,1.13705,0.21867,-2.12106,0.93960,0.23004,-2.02959,0.77492,0.27332,-1.98168,0.47452,0.25733,-1.94028,0.29704,0.27377,-1.98387,0.24013,0.33488,-1.71437,0.30353,0.31181,-1.80318,0.25553,0.23215,-2.25750,1.10249,0.60380,-2.32314,0.81902,0.56944,-2.36121,0.71354,0.55027,-2.49011,0.59324,0.58104,-2.63216,0.31976,0.54515,-2.69412,0.27356,0.48513,-2.42031,0.24222,0.51494,-2.52059,0.21687,0.59982,0.00000,0.00000,0.00000,0.00000,0.00000,0.00000,0.00000,0.00000,0.00000,0.00000,0.00000,0.00000,0.00000,0.00000,0.00000,0.00000,0.00000,0.00000
1.49000,  150,-2.07772,1.89441,0.32305,-2.00988,1.97418,0.41643,-2.09063,1.88721,0.50343,-1.96298,1.90022,0.38601,-2.18477,1.75488,0.41156,-2.32268,1.42860,0.41053,-2.34969,1.22239,0.41702,-2.08560,1.25446,0.40361,-2.12149,1.46772,0.40847,-2.09171,1.63110,0.39976,-2.26368,1.63827,0.53969,-2.13623,1.69164,0.21887,-2.16749,1.53963,0.14440,-2.22126,1.32554,0.12264,-2.26120,1.32116,0.18585,-2.18478,1.12890,0.10306,-2.16961,1.04213,0.09706,-2.13483,1.04609,0.16285,-2.14337,0.96842,0.10961,-2.12285,1.68105,0.58612,-2.15361,1.54378,0.66060,-2.22925,1.33849,0.68530,-2.25906,1.33946,0.61244,-2.21260,1.23620,0.70555,-2.19833,1.06722,0.70821,-2.14709,1.06466,0.64829,-2.16671,0.98998,0.70724,-2.14605,1.20964,0.28009,-2.14020,1.19622,0.53569,-2.34187,1.24612,0.37189,-2.33434,1.24495,0.46829,-2.21435,1.13786,0.21681,-2.11116,0.93929,0.22963,-2.01915,0.77546,0.27118,-1.97388,0.47402,0.25604,-1.93651,0.29608,0.27307,-1.98208,0.24148,0.33464,-1.71008,0.29538,0.31297,-1.80041,0.25000,0.23339,-2.24715,1.10210,0.60164,-2.31142,0.81822,0.56716,-2.35100,0.71340,0.54862,-2.48233,0.59557,0.57937,-2.62885,0.32422,0.54536,-2.69175,0.27971,0.48519,-2.42024,0.24214,0.51497,-2.52038,0.21704,0.59989,0.00000,0.00000,0.00000,0.00000,0.00000,0.00000,0.00000,0.00000,0.00000,0.00000,0.00000,0.00000,0.00000,0.00000,0.00000,0.00000,0.00000,0.00000
1.50000,  151,-2.06685,1.89437,0.31942,-1.99904,1.97436,0.41275,-2.07962,1.88720,0.49986,-1.95206,1.90041,0.38246,-2.17367,1.75497,0.40793,-2.31144,1.42872,0.40846,-2.33832,1.22250,0.41497,-2.07376,1.25511,0.40203,-2.10996,1.46785,0.40548,-2.08008,1.63095,0.39653,-2.25267,1.63874,0.53637,-2.12474,1.69103,0.21565,-2.15607,1.53874,0.14158,-2.21041,1.32481,0.12054,-2.25021,1.32056,0.18368,-2.17499,1.12788,0.10099,-2.16027,1.04106,0.09500,-2.12522,1.04494,0.16075,-2.13398,0.96720,0.10772,-2.11183,1.68152,0.58287,-2.14224,1.54432,0.65744,-2.21825,1.33934,0.68314,-2.24807,1.34019,0.61018,-2.20177,1.23712,0.70374,-2.18732,1.06799,0.70692,-2.13661,1.06536,0.64671,-2.15571,0.99083,0.70595,-2.13371,1.21005,0.27826,-2.12778,1.19642,0.53380,-2.33049,1.24650,0.37000,-2.32296,1.24500,0.46637,-2.20252,1.13900,0.21491,-2.10118,0.93947,0.22891,-2.00765,0.77679,0.26930,-1.96680,0.47387,0.25438,-1.93345,0.29528,0.27255,-1.98064,0.24256,0.33435,-1.70661,0.28866,0.31420,-1.79841,0.24585,0.23421,-2.23692,1.10200,0.59966,-2.30039,0.81822,0.56514,-2.33991,0.71326,0.54695,-2.47354,0.59799,0.57779,-2.62500,0.32921,0.54570,-2.68870,0.28657,0.48541,-2.42016,0.24207,0.51506,-2.52007,0.21720,0.59998,0.00000,0.00000,0.00000,0.00000,0.00000,0.00000,0.00000,0.00000,0.00000,0.00000,0.00000,0.00000,0.00000,0.00000,0.00000,0.00000,0.00000,0.00000
1.51000,  152,-2.05586,1.89477,0.31575,-1.98819,1.97489,0.40899,-2.06842,1.88763,0.49623,-1.94118,1.90101,0.37864,-2.16261,1.75547,0.40445,-2.30016,1.42911,0.40637,-2.32671,1.22296,0.41310,-2.06180,1.25610,0.40024,-2.09898,1.46790,0.40271,-2.06897,1.63140,0.39370,-2.24153,1.63956,0.53317,-2.11346,1.69089,0.21213,-2.14445,1.53830,0.13860,-2.19930,1.32440,0.11837,-2.23906,1.32042,0.18144,-2.16481,1.12736,0.09885,-2.15050,1.04044,0.09295,-2.11525,1.04435,0.15860,-2.12482,0.96669,0.10533,-2.10087,1.68243,0.57955,-2.13105,1.54525,0.65424,-2.20741,1.34071,0.68093,-2.23683,1.34121,0.60789,-2.19053,1.23845,0.70166,-2.17644,1.06937,0.70535,-2.12572,1.06634,0.64522,-2.14467,0.99206,0.70474,-2.12151,1.21094,0.27677,-2.11537,1.19639,0.53215,-2.31891,1.24714,0.36819,-2.31114,1.24527,0.46455,-2.19017,1.14036,0.21339,-2.09128,0.93987,0.22797,-1.99494,0.77849,0.26791,-1.95979,0.47399,0.25300,-1.93125,0.29471,0.27176,-1.97940,0.24363,0.33412,-1.70426,0.28363,0.31353,-1.79718,0.24227,0.23414,-2.22543,1.10192,0.59737,-2.28859,0.81850,0.56312,-2.32803,0.71328,0.54548,-2.46355,0.60059,0.57626,-2.62025,0.33460,0.54621,-2.68489,0.29434,0.48573,-2.42008,0.24206,0.51510,-2.51968,0.21742,0.60006,0.00000,0.00000,0.00000,0.00000,0.00000,0.00000,0.00000,0.00000,0.00000,0.00000,0.00000,0.00000,0.00000,0.00000,0.00000,0.00000,0.00000,0.00000
1.52000,  153,-2.04482,1.89561,0.31208,-1.97718,1.97579,0.40523,-2.05782,1.88855,0.49270,-1.93000,1.90194,0.37526,-2.15164,1.75635,0.40079,-2.28872,1.42991,0.40435,-2.31494,1.22378,0.41121,-2.04966,1.25741,0.39873,-2.08801,1.46891,0.39994,-2.05794,1.63175,0.39026,-2.23054,1.64083,0.52978,-2.10220,1.69117,0.20869,-2.13279,1.53825,0.13561,-2.18787,1.32441,0.11605,-2.22756,1.32064,0.17921,-2.15418,1.12724,0.09665,-2.14040,1.04023,0.09072,-2.10494,1.04398,0.15643,-2.11501,0.96642,0.10308,-2.08955,1.68369,0.57604,-2.11969,1.54672,0.65105,-2.19647,1.34254,0.67872,-2.22542,1.34265,0.60555,-2.17922,1.24019,0.69954,-2.16516,1.07101,0.70380,-2.11484,1.06778,0.64342,-2.13370,0.99398,0.70351,-2.10944,1.21193,0.27470,-2.10284,1.19743,0.53019,-2.30744,1.24817,0.36639,-2.29939,1.24605,0.46271,-2.17844,1.14160,0.21173,-2.08048,0.94150,0.22662,-1.98175,0.78037,0.26649,-1.95311,0.47436,0.25163,-1.92953,0.29416,0.27071,-1.97854,0.24459,0.33388,-1.70257,0.27943,0.31169,-1.79666,0.23895,0.23316,-2.21389,1.10228,0.59517,-2.27495,0.81848,0.56099,-2.31477,0.71333,0.54418,-2.45244,0.60338,0.57486,-2.61459,0.34057,0.54678,-2.68016,0.30298,0.48597,-2.42005,0.24205,0.51518,-2.51918,0.21783,0.60021,0.00000,0.00000,0.00000,0.00000,0.00000,0.00000,0.00000,0.00000,0.00000,0.00000,0.00000,0.00000,0.00000,0.00000,0.00000,0.00000,0.00000,0.00000
1.53000,  154,-2.03373,1.89681,0.30837,-1.96625,1.97708,0.40167,-2.04669,1.88990,0.48891,-1.91917,1.90324,0.37129,-2.14085,1.75766,0.39711,-2.27723,1.43087,0.40219,-2.30316,1.22496,0.40934,-2.03768,1.25927,0.39656,-2.07691,1.47032,0.39695,-2.04693,1.63324,0.38684,-2.21949,1.64239,0.52650,-2.09118,1.69191,0.20514,-2.12102,1.53865,0.13269,-2.17613,1.32471,0.11380,-2.21581,1.32116,0.17690,-2.14337,1.12755,0.09446,-2.12982,1.04044,0.08847,-2.09430,1.04415,0.15405,-2.10438,0.96636,0.10117,-2.07851,1.68551,0.57266,-2.10857,1.54870,0.64785,-2.18511,1.34467,0.67642,-2.21384,1.34457,0.60307,-2.16798,1.24240,0.69737,-2.15405,1.07325,0.70230,-2.10342,1.06988,0.64203,-2.12306,0.99632,0.70239,-2.09289,1.21429,0.27303,-2.09052,1.19881,0.52779,-2.29576,1.24921,0.36452,-2.28762,1.24731,0.46089,-2.16718,1.14286,0.20986,-2.06814,0.94361,0.22515,-1.96842,0.78232,0.26515,-1.94692,0.47489,0.24996,-1.92827,0.29384,0.26934,-1.97773,0.24546,0.33338,-1.70111,0.27626,0.30997,-1.79606,0.23571,0.23238,-2.20171,1.10276,0.59312,-2.26119,0.81879,0.55911,-2.29982,0.71337,0.54274,-2.44005,0.60633,0.57350,-2.60792,0.34703,0.54720,-2.67427,0.31244,0.48604,-2.41978,0.24208,0.51526,-2.51854,0.21867,0.60025,0.00000,0.00000,0.00000,0.00000,0.00000,0.00000,0.00000,0.00000,0.00000,0.00000,0.00000,0.00000,0.00000,0.00000,0.00000,0.00000,0.00000,0.00000
1.54000,  155,-2.02278,1.89837,0.30461,-1.95515,1.97879,0.39785,-2.03570,1.89159,0.48508,-1.90811,1.90475,0.36771,-2.13010,1.75927,0.39352,-2.26580,1.43216,0.39981,-2.29121,1.22631,0.40759,-2.02558,1.26138,0.39430,-2.06511,1.47194,0.39384,-2.03630,1.63535,0.38368,-2.20861,1.64427,0.52322,-2.08017,1.69310,0.20170,-2.10932,1.53953,0.12979,-2.16417,1.32548,0.11158,-2.20392,1.32210,0.17457,-2.13186,1.12828,0.09222,-2.11887,1.04111,0.08618,-2.08332,1.04466,0.15180,-2.09384,0.96682,0.09905,-2.06786,1.68774,0.56931,-2.09758,1.55111,0.64480,-2.17385,1.34724,0.67406,-2.20241,1.34685,0.60056,-2.15662,1.24497,0.69523,-2.14302,1.07591,0.70059,-2.09185,1.07209,0.64042,-2.11164,0.99885,0.70094,-2.08046,1.21631,0.27041,-2.07904,1.20043,0.52560,-2.28400,1.25047,0.36259,-2.27572,1.24887,0.45909,-2.15617,1.14411,0.20816,-2.05421,0.94611,0.22375,-1.95560,0.78375,0.26374,-1.94143,0.47549,0.24796,-1.92711,0.29340,0.26785,-1.97702,0.24628,0.33293,-1.70008,0.27321,0.30915,-1.79535,0.23299,0.23211,-2.18962,1.10357,0.59117,-2.24621,0.81914,0.55733,-2.28568,0.71379,0.54294,-2.42631,0.60928,0.57238,-2.60012,0.35376,0.54742,-2.66704,0.32271,0.48577,-2.41941,0.24184,0.51570,-2.51794,0.21979,0.60029,0.00000,0.00000,0.00000,0.00000,0.00000,0.00000,0.00000,0.00000,0.00000,0.00000,0.00000,0.00000,0.00000,0.00000,0.00000,0.00000,0.00000,0.00000
1.55000,  156,-2.01177,1.90023,0.30093,-1.94424,1.98060,0.39397,-2.02487,1.89369,0.48133,-1.89712,1.90651,0.36419,-2.11963,1.76121,0.38975,-2.25439,1.43362,0.39729,-2.27928,1.22779,0.40598,-2.01357,1.26366,0.39198,-2.05334,1.47391,0.39129,-2.02561,1.63776,0.38039,-2.19782,1.64638,0.51988,-2.06939,1.69470,0.19817,-2.09763,1.54081,0.12671,-2.15194,1.32660,0.10930,-2.19176,1.32338,0.17218,-2.12018,1.12944,0.08990,-2.10733,1.04222,0.08397,-2.07173,1.04572,0.14958,-2.08265,0.96761,0.09710,-2.05704,1.69028,0.56561,-2.08643,1.55398,0.64163,-2.16262,1.35016,0.67155,-2.19128,1.34951,0.59811,-2.14537,1.24800,0.69310,-2.13142,1.07876,0.69884,-2.08057,1.07490,0.63869,-2.09985,1.00179,0.69936,-2.06934,1.21855,0.26741,-2.06804,1.20202,0.52307,-2.27193,1.25185,0.36078,-2.26401,1.25062,0.45733,-2.14600,1.14538,0.20611,-2.04004,0.94895,0.22242,-1.94379,0.78456,0.26195,-1.93676,0.47592,0.24585,-1.92579,0.29296,0.26678,-1.97641,0.24688,0.33271,-1.69886,0.27059,0.30932,-1.79450,0.23069,0.23238,-2.17739,1.10466,0.58928,-2.22995,0.81929,0.55563,-2.27027,0.71426,0.54312,-2.41142,0.61229,0.57140,-2.59090,0.36091,0.54747,-2.65841,0.33370,0.48513,-2.41887,0.24124,0.51620,-2.51689,0.22142,0.60016,0.00000,0.00000,0.00000,0.00000,0.00000,0.00000,0.00000,0.00000,0.00000,0.00000,0.00000,0.00000,0.00000,0.00000,0.00000,0.00000,0.00000,0.00000
1.56000,  157,-2.00097,1.90236,0.29714,-1.93318,1.98266,0.39037,-2.01452,1.89610,0.47773,-1.88643,1.90842,0.36024,-2.10937,1.76332,0.38600,-2.24300,1.43516,0.39471,-2.26718,1.22939,0.40451,-2.00156,1.26626,0.38975,-2.04162,1.47642,0.38835,-2.01492,1.63997,0.37698,-2.18730,1.64879,0.51647,-2.05867,1.69666,0.19464,-2.08615,1.54250,0.12353,-2.13955,1.32810,0.10686,-2.17947,1.32503,0.16972,-2.10799,1.13101,0.08755,-2.09538,1.04369,0.08155,-2.05983,1.04684,0.14721,-2.07113,0.96896,0.09475,-2.04658,1.69319,0.56205,-2.07589,1.55719,0.63858,-2.15154,1.35336,0.66914,-2.18008,1.35252,0.59575,-2.13374,1.25120,0.69089,-2.11992,1.08202,0.69722,-2.06957,1.07820,0.63705,-2.08832,1.00505,0.69782,-2.06056,1.22023,0.26470,-2.05683,1.20414,0.52055,-2.25986,1.25331,0.35900,-2.25201,1.25256,0.45575,-2.13503,1.14690,0.20451,-2.02705,0.95163,0.22054,-1.93342,0.78480,0.25963,-1.93272,0.47624,0.24363,-1.92513,0.29269,0.26580,-1.97579,0.24710,0.33262,-1.69799,0.26848,0.30936,-1.79395,0.22915,0.23226,-2.16528,1.10581,0.58739,-2.21310,0.81930,0.55418,-2.25161,0.71390,0.54231,-2.39478,0.61508,0.57039,-2.58024,0.36854,0.54709,-2.64824,0.34554,0.48422,-2.41838,0.24060,0.51608,-2.51530,0.22378,0.59993,0.00000,0.00000,0.00000,0.00000,0.00000,0.00000,0.00000,0.00000,0.00000,0.00000,0.00000,0.00000,0.00000,0.00000,0.00000,0.00000,0.00000,0.00000
1.57000,  158,-1.99029,1.90467,0.29346,-1.92237,1.98490,0.38649,-2.00403,1.89874,0.47401,-1.87583,1.91046,0.35666,-2.09930,1.76558,0.38227,-2.23165,1.43687,0.39211,-2.25528,1.23112,0.40296,-1.98963,1.26903,0.38735,-2.03046,1.47925,0.38529,-2.00488,1.64231,0.37374,-2.17694,1.65126,0.51310,-2.04801,1.69880,0.19116,-2.07463,1.54449,0.12050,-2.12700,1.32981,0.10442,-2.16706,1.32683,0.16720,-2.09541,1.13287,0.08514,-2.08293,1.04551,0.07899,-2.04760,1.04859,0.14484,-2.05903,0.97053,0.09259,-2.03623,1.69620,0.55844,-2.06484,1.56056,0.63537,-2.14032,1.35671,0.66685,-2.16915,1.35577,0.59326,-2.12237,1.25466,0.68871,-2.10827,1.08541,0.69553,-2.05811,1.08156,0.63507,-2.07647,1.00844,0.69613,-2.05163,1.22227,0.26213,-2.04536,1.20660,0.51815,-2.24784,1.25497,0.35721,-2.24050,1.25466,0.45405,-2.12342,1.14869,0.20276,-2.01517,0.95405,0.21840,-1.92466,0.78481,0.25693,-1.92869,0.47588,0.24243,-1.92461,0.29236,0.26516,-1.97558,0.24729,0.33230,-1.69755,0.26727,0.30896,-1.79350,0.22809,0.23202,-2.15250,1.10685,0.58536,-2.19557,0.81921,0.55303,-2.23124,0.71322,0.54149,-2.37723,0.61788,0.56938,-2.56824,0.37674,0.54625,-2.63660,0.35834,0.48276,-2.41721,0.23987,0.51662,-2.51357,0.22748,0.59966,0.00000,0.00000,0.00000,0.00000,0.00000,0.00000,0.00000,0.00000,0.00000,0.00000,0.00000,0.00000,0.00000,0.00000,0.00000,0.00000,0.00000,0.00000
1.58000,  159,-1.97987,1.90710,0.28980,-1.91173,1.98712,0.38290,-1.99371,1.90138,0.47038,-1.86545,1.91266,0.35293,-2.08935,1.76786,0.37865,-2.22049,1.43859,0.38946,-2.24349,1.23297,0.40137,-1.97795,1.27179,0.38501,-2.01979,1.48179,0.38247,-1.99404,1.64543,0.37002,-2.16681,1.65381,0.50970,-2.03745,1.70103,0.18779,-2.06321,1.54662,0.11742,-2.11441,1.33168,0.10187,-2.15467,1.32878,0.16448,-2.08260,1.13490,0.08269,-2.06991,1.04750,0.07654,-2.03488,1.05065,0.14239,-2.04652,0.97237,0.09023,-2.02648,1.69929,0.55504,-2.05439,1.56411,0.63221,-2.12917,1.36013,0.66461,-2.15837,1.35906,0.59085,-2.11093,1.25811,0.68656,-2.09672,1.08911,0.69385,-2.04608,1.08492,0.63350,-2.06441,1.01190,0.69442,-2.04153,1.22460,0.26065,-2.03362,1.20899,0.51577,-2.23601,1.25676,0.35526,-2.22913,1.25681,0.45227,-2.11142,1.15085,0.20123,-2.00505,0.95561,0.21622,-1.91701,0.78477,0.25388,-1.92497,0.47548,0.24143,-1.92442,0.29220,0.26473,-1.97558,0.24749,0.33195,-1.69740,0.26685,0.30890,-1.79328,0.22762,0.23188,-2.13944,1.10769,0.58289,-2.17667,0.81873,0.55181,-2.20992,0.71233,0.54058,-2.35848,0.62071,0.56818,-2.55525,0.38583,0.54498,-2.62347,0.37216,0.48092,-2.41525,0.23887,0.51741,-2.51106,0.23267,0.59908,0.00000,0.00000,0.00000,0.00000,0.00000,0.00000,0.00000,0.00000,0.00000,0.00000,0.00000,0.00000,0.00000,0.00000,0.00000,0.00000,0.00000,0.00000
1.59000,  160,-1.96961,1.90960,0.28620,-1.90129,1.98956,0.37947,-1.98340,1.90410,0.46668,-1.85503,1.91486,0.34974,-2.07953,1.77015,0.37498,-2.20943,1.44042,0.38684,-2.23214,1.23491,0.39974,-1.96653,1.27467,0.38313,-2.00925,1.48459,0.37936,-1.98359,1.64835,0.36709,-2.15705,1.65633,0.50627,-2.02707,1.70337,0.18436,-2.05197,1.54891,0.11432,-2.10174,1.33367,0.09924,-2.14226,1.33083,0.16168,-2.06942,1.13706,0.08017,-2.05646,1.04965,0.07401,-2.02185,1.05281,0.13980,-2.03334,0.97426,0.08820,-2.01676,1.70248,0.55165,-2.04415,1.56769,0.62920,-2.11881,1.36365,0.66252,-2.14766,1.36234,0.58864,-2.09970,1.26166,0.68450,-2.08455,1.09259,0.69222,-2.03488,1.08878,0.63188,-2.05241,1.01552,0.69276,-2.03096,1.22672,0.25912,-2.02171,1.21156,0.51367,-2.22430,1.25872,0.35331,-2.21800,1.25898,0.45055,-2.09899,1.15339,0.19975,-1.99633,0.95601,0.21384,-1.90999,0.78435,0.25110,-1.92200,0.47533,0.24040,-1.92431,0.29203,0.26440,-1.97590,0.24787,0.33128,-1.69736,0.26656,0.30896,-1.79311,0.22725,0.23188,-2.12657,1.10836,0.58051,-2.15697,0.81803,0.55052,-2.18745,0.71114,0.53956,-2.33860,0.62340,0.56670,-2.54081,0.39548,0.54321,-2.60843,0.38688,0.47865,-2.41218,0.23741,0.51809,-2.50749,0.23951,0.59808,0.00000,0.00000,0.00000,0.00000,0.00000,0.00000,0.00000,0.00000,0.00000,0.00000,0.00000,0.00000,0.00000,0.00000,0.00000,0.00000,0.00000,0.00000
1.60000,  161,-1.95961,1.91205,0.28265,-1.89130,1.99210,0.37557,-1.97363,1.90678,0.46320,-1.84519,1.91721,0.34609,-2.06976,1.77241,0.37148,-2.19855,1.44224,0.38428,-2.22098,1.23694,0.39785,-1.95517,1.27749,0.38151,-1.99858,1.48716,0.37655,-1.97318,1.65076,0.36426,-2.14723,1.65882,0.50304,-2.01662,1.70560,0.18120,-2.04070,1.55116,0.11123,-2.08918,1.33558,0.09647,-2.12986,1.33276,0.15878,-2.05604,1.13922,0.07751,-2.04270,1.05186,0.07144,-2.00841,1.05495,0.13768,-2.01962,0.97626,0.08598,-2.00705,1.70558,0.54832,-2.03428,1.57121,0.62636,-2.10855,1.36706,0.66045,-2.13718,1.36547,0.58648,-2.08912,1.26521,0.68271,-2.07285,1.09626,0.69072,-2.02325,1.09245,0.63004,-2.04040,1.01923,0.69107,-2.01903,1.22903,0.25773,-2.01011,1.21424,0.51168,-2.21288,1.26082,0.35124,-2.20708,1.26108,0.44881,-2.08653,1.15592,0.19837,-1.98733,0.95620,0.21203,-1.90328,0.78373,0.24865,-1.91954,0.47538,0.23929,-1.92420,0.29187,0.26394,-1.97595,0.24796,0.33111,-1.69725,0.26623,0.30890,-1.79300,0.22689,0.23180,-2.11395,1.10916,0.57839,-2.13649,0.81729,0.54920,-2.16457,0.71003,0.53860,-2.31752,0.62630,0.56497,-2.52500,0.40554,0.54110,-2.59135,0.40207,0.47598,-2.40834,0.23591,0.51783,-2.50342,0.24810,0.59687,0.00000,0.00000,0.00000,0.00000,0.00000,0.00000,0.00000,0.00000,0.00000,0.00000,0.00000,0.00000,0.00000,0.00000,0.00000,0.00000,0.00000,0.00000
1.61000,  162,-1.94974,1.91446,0.27927,-1.88149,1.99443,0.37218,-1.96393,1.90941,0.45971,-1.83540,1.91958,0.34284,-2.06008,1.77459,0.36819,-2.18785,1.44413,0.38175,-2.21000,1.23887,0.39587,-1.94400,1.28011,0.38022,-1.98800,1.48938,0.37392,-1.96345,1.65327,0.36145,-2.13767,1.66124,0.49973,-2.00636,1.70781,0.17797,-2.02954,1.55341,0.10817,-2.07665,1.33744,0.09367,-2.11745,1.33453,0.15581,-2.04236,1.14126,0.07486,-2.02856,1.05393,0.06873,-1.99443,1.05718,0.13521,-2.00545,0.97829,0.08376,-1.99781,1.70858,0.54529,-2.02506,1.57466,0.62368,-2.09799,1.37030,0.65851,-2.12697,1.36849,0.58452,-2.07824,1.26855,0.68086,-2.06114,1.09977,0.68926,-2.01244,1.09620,0.62825,-2.02756,1.02268,0.68934,-2.00609,1.23163,0.25687,-1.99877,1.21679,0.50984,-2.20171,1.26294,0.34915,-2.19634,1.26315,0.44686,-2.07434,1.15842,0.19696,-1.97996,0.95514,0.20997,-1.89680,0.78296,0.24640,-1.91730,0.47548,0.23800,-1.92413,0.29163,0.26350,-1.97594,0.24803,0.33092,-1.69733,0.26619,0.30861,-1.79292,0.22658,0.23160,-2.10190,1.11023,0.57678,-2.11548,0.81683,0.54801,-2.14114,0.70933,0.53766,-2.29609,0.62953,0.56297,-2.50757,0.41562,0.53852,-2.57215,0.41733,0.47262,-2.40377,0.23424,0.51795,-2.49793,0.25802,0.59511,0.00000,0.00000,0.00000,0.00000,0.00000,0.00000,0.00000,0.00000,0.00000,0.00000,0.00000,0.00000,0.00000,0.00000,0.00000,0.00000,0.00000,0.00000
1.62000,  163,-1.94015,1.91682,0.27599,-1.87193,1.99695,0.36872,-1.95445,1.91201,0.45642,-1.82578,1.92202,0.33955,-2.05040,1.77675,0.36501,-2.17732,1.44602,0.37931,-2.19924,1.24081,0.39377,-1.93275,1.28276,0.37943,-1.97763,1.49185,0.37124,-1.95409,1.65619,0.35862,-2.12813,1.66368,0.49676,-1.99594,1.70988,0.17517,-2.01841,1.55557,0.10522,-2.06402,1.33918,0.09078,-2.10506,1.33616,0.15266,-2.02846,1.14320,0.07224,-2.01411,1.05597,0.06623,-1.98006,1.05932,0.13277,-1.99071,0.98035,0.08161,-1.98869,1.71149,0.54250,-2.01544,1.57787,0.62120,-2.08807,1.37341,0.65673,-2.11699,1.37128,0.58261,-2.06725,1.27170,0.67906,-2.04914,1.10301,0.68776,-2.00083,1.09987,0.62675,-2.01502,1.02619,0.68769,-1.99327,1.23424,0.25629,-1.98792,1.21931,0.50834,-2.19069,1.26509,0.34702,-2.18571,1.26513,0.44475,-2.06244,1.16052,0.19571,-1.97441,0.95447,0.20821,-1.89086,0.78242,0.24420,-1.91543,0.47553,0.23673,-1.92413,0.29154,0.26302,-1.97597,0.24819,0.33068,-1.69741,0.26624,0.30837,-1.79291,0.22628,0.23139,-2.08977,1.11139,0.57536,-2.09412,0.81674,0.54667,-2.11756,0.70916,0.53662,-2.27617,0.63404,0.56127,-2.48876,0.42561,0.53575,-2.55072,0.43232,0.46893,-2.39858,0.23288,0.51955,-2.49147,0.26815,0.59295,0.00000,0.00000,0.00000,0.00000,0.00000,0.00000,0.00000,0.00000,0.00000,0.00000,0.00000,0.00000,0.00000,0.00000,0.00000,0.00000,0.00000,0.00000
1.63000,  164,-1.93079,1.91911,0.27267,-1.86264,1.99948,0.36541,-1.94507,1.91456,0.45325,-1.81645,1.92454,0.33634,-2.04076,1.77895,0.36194,-2.16695,1.44796,0.37690,-2.18869,1.24276,0.39165,-1.92170,1.28494,0.37894,-1.96729,1.49442,0.36872,-1.94436,1.65870,0.35601,-2.11882,1.66606,0.49372,-1.98560,1.71179,0.17261,-2.00716,1.55753,0.10254,-2.05144,1.34083,0.08785,-2.09269,1.33759,0.14942,-2.01445,1.14504,0.06956,-1.99939,1.05792,0.06377,-1.96570,1.06160,0.13027,-1.97569,0.98243,0.07916,-1.97937,1.71427,0.53975,-2.00656,1.58097,0.61897,-2.07852,1.37641,0.65507,-2.10717,1.37391,0.58091,-2.05692,1.27483,0.67751,-2.03722,1.10613,0.68618,-1.98814,1.10350,0.62536,-2.00291,1.02974,0.68619,-1.98147,1.23658,0.25588,-1.97805,1.22210,0.50741,-2.17990,1.26732,0.34491,-2.17522,1.26702,0.44265,-2.05145,1.16230,0.19416,-1.96940,0.95500,0.20651,-1.88548,0.78226,0.24201,-1.91394,0.47553,0.23557,-1.92415,0.29149,0.26254,-1.97597,0.24841,0.33033,-1.69749,0.26638,0.30803,-1.79289,0.22599,0.23113,-2.07702,1.11263,0.57360,-2.07272,0.81740,0.54544,-2.09376,0.70963,0.53578,-2.25394,0.63805,0.55939,-2.46921,0.43489,0.53292,-2.52754,0.44615,0.46469,-2.39181,0.23069,0.51959,-2.48292,0.27834,0.58983,0.00000,0.00000,0.00000,0.00000,0.00000,0.00000,0.00000,0.00000,0.00000,0.00000,0.00000,0.00000,0.00000,0.00000,0.00000,0.00000,0.00000,0.00000
1.64000,  165,-1.92145,1.92129,0.26961,-1.85347,2.00202,0.36222,-1.93589,1.91714,0.45027,-1.80745,1.92676,0.33401,-2.03117,1.78115,0.35914,-2.15682,1.44993,0.37452,-2.17834,1.24475,0.38949,-1.91067,1.28669,0.37911,-1.95646,1.49661,0.36653,-1.93409,1.66098,0.35371,-2.10949,1.66844,0.49094,-1.97535,1.71365,0.16980,-1.99584,1.55933,0.10000,-2.03871,1.34233,0.08494,-2.08035,1.33886,0.14605,-2.00025,1.14674,0.06690,-1.98447,1.05982,0.06127,-1.95111,1.06371,0.12790,-1.96034,0.98465,0.07666,-1.97025,1.71694,0.53727,-1.99759,1.58388,0.61689,-2.06920,1.37919,0.65344,-2.09756,1.37640,0.57928,-2.04667,1.27768,0.67589,-2.02557,1.10919,0.68473,-1.97587,1.10692,0.62413,-1.99049,1.03322,0.68478,-1.97034,1.23826,0.25480,-1.96767,1.22437,0.50642,-2.16937,1.26948,0.34279,-2.16483,1.26889,0.44056,-2.04117,1.16383,0.19269,-1.96306,0.95552,0.20466,-1.88054,0.78240,0.23970,-1.91275,0.47544,0.23448,-1.92421,0.29144,0.26208,-1.97596,0.24858,0.33003,-1.69766,0.26660,0.30761,-1.79294,0.22572,0.23087,-2.06430,1.11417,0.57188,-2.05197,0.81899,0.54462,-2.07066,0.71095,0.53520,-2.23060,0.64164,0.55744,-2.44896,0.44363,0.52951,-2.50309,0.45832,0.45972,-2.38478,0.22742,0.51995,-2.47280,0.28854,0.58661,0.00000,0.00000,0.00000,0.00000,0.00000,0.00000,0.00000,0.00000,0.00000,0.00000,0.00000,0.00000,0.00000,0.00000,0.00000,0.00000,0.00000,0.00000
1.65000,  166,-1.91218,1.92340,0.26675,-1.84435,2.00444,0.35917,-1.92654,1.91975,0.44729,-1.79796,1.92909,0.33137,-2.02163,1.78334,0.35644,-2.14676,1.45186,0.37217,-2.16800,1.24666,0.38743,-1.89983,1.28862,0.37845,-1.94652,1.49872,0.36498,-1.92326,1.66333,0.35176,-2.10040,1.67075,0.48818,-1.96504,1.71536,0.16752,-1.98460,1.56113,0.09747,-2.02593,1.34374,0.08211,-2.06796,1.33999,0.14282,-1.98593,1.14842,0.06440,-1.96950,1.06168,0.05891,-1.93632,1.06599,0.12568,-1.94447,0.98678,0.07436,-1.96161,1.71965,0.53500,-1.98878,1.58672,0.61486,-2.05982,1.38190,0.65180,-2.08804,1.37870,0.57771,-2.03638,1.28045,0.67441,-2.01416,1.11225,0.68322,-1.96387,1.11039,0.62292,-1.97777,1.03649,0.68343,-1.96283,1.23964,0.25395,-1.95836,1.22695,0.50600,-2.15891,1.27162,0.34087,-2.15460,1.27082,0.43855,-2.03172,1.16538,0.19109,-1.95635,0.95650,0.20285,-1.87592,0.78227,0.23768,-1.91202,0.47536,0.23338,-1.92426,0.29129,0.26155,-1.97598,0.24872,0.32979,-1.69782,0.26684,0.30722,-1.79292,0.22545,0.23068,-2.05167,1.11597,0.57010,-2.03142,0.82109,0.54394,-2.04736,0.71267,0.53475,-2.20677,0.64472,0.55541,-2.42775,0.45160,0.52579,-2.47815,0.46840,0.45446,-2.37786,0.22355,0.52068,-2.46115,0.29811,0.58315,0.00000,0.00000,0.00000,0.00000,0.00000,0.00000,0.00000,0.00000,0.00000,0.00000,0.00000,0.00000,0.00000,0.00000,0.00000,0.00000,0.00000,0.00000
1.66000,  167,-1.90300,1.92554,0.26397,-1.83545,2.00689,0.35598,-1.91745,1.92229,0.44455,-1.78895,1.93157,0.32868,-2.01210,1.78548,0.35393,-2.13678,1.45389,0.36995,-2.15779,1.24867,0.38558,-1.88922,1.29016,0.37837,-1.93747,1.50106,0.36370,-1.91296,1.66550,0.34987,-2.09126,1.67302,0.48552,-1.95480,1.71707,0.16548,-1.97341,1.56286,0.09508,-2.01294,1.34511,0.07932,-2.05540,1.34103,0.13964,-1.97146,1.15018,0.06193,-1.95422,1.06350,0.05663,-1.92085,1.06800,0.12316,-1.92843,0.98911,0.07178,-1.95265,1.72230,0.53277,-1.98016,1.58952,0.61302,-2.05053,1.38453,0.65019,-2.07853,1.38094,0.57606,-2.02661,1.28320,0.67299,-2.00268,1.11511,0.68166,-1.95226,1.11383,0.62170,-1.96545,1.04001,0.68222,-1.95057,1.24137,0.25260,-1.94896,1.22931,0.50508,-2.14875,1.27382,0.33898,-2.14445,1.27274,0.43665,-2.02303,1.16710,0.18937,-1.94904,0.95761,0.20126,-1.87140,0.78190,0.23582,-1.91131,0.47532,0.23246,-1.92432,0.29124,0.26107,-1.97593,0.24887,0.32955,-1.69796,0.26713,0.30682,-1.79294,0.22518,0.23047,-2.03907,1.11799,0.56824,-2.01157,0.82357,0.54361,-2.02480,0.71514,0.53447,-2.18284,0.64804,0.55362,-2.40610,0.45877,0.52188,-2.45286,0.47673,0.44913,-2.36968,0.22142,0.52054,-2.44729,0.30634,0.57954,0.00000,0.00000,0.00000,0.00000,0.00000,0.00000,0.00000,0.00000,0.00000,0.00000,0.00000,0.00000,0.00000,0.00000,0.00000,0.00000,0.00000,0.00000
1.67000,  168,-1.89389,1.92756,0.26133,-1.82640,2.00942,0.35313,-1.90843,1.92482,0.44200,-1.77992,1.93413,0.32578,-2.00275,1.78762,0.35151,-2.12687,1.45585,0.36779,-2.14772,1.25081,0.38395,-1.87874,1.29202,0.37790,-1.92770,1.50326,0.36188,-1.90390,1.66805,0.34814,-2.08215,1.67528,0.48310,-1.94496,1.71885,0.16310,-1.96261,1.56469,0.09274,-1.99990,1.34653,0.07665,-2.04280,1.34207,0.13648,-1.95667,1.15189,0.05962,-1.93892,1.06550,0.05432,-1.90542,1.07004,0.12116,-1.91183,0.99139,0.06971,-1.94376,1.72491,0.53076,-1.97176,1.59242,0.61126,-2.04132,1.38707,0.64850,-2.06908,1.38323,0.57431,-2.01687,1.28587,0.67146,-1.99138,1.11803,0.68022,-1.94125,1.11742,0.62069,-1.95311,1.04341,0.68104,-1.93799,1.24356,0.25187,-1.93949,1.23232,0.50428,-2.13866,1.27596,0.33730,-2.13433,1.27484,0.43483,-2.01451,1.16877,0.18792,-1.94141,0.95877,0.19987,-1.86744,0.78159,0.23390,-1.91063,0.47528,0.23159,-1.92436,0.29121,0.26066,-1.97593,0.24897,0.32938,-1.69811,0.26741,0.30645,-1.79296,0.22485,0.23022,-2.02720,1.12013,0.56646,-1.99232,0.82618,0.54336,-2.00169,0.71753,0.53415,-2.15873,0.65102,0.55191,-2.38390,0.46495,0.51804,-2.42775,0.48366,0.44425,-2.35514,0.22572,0.51873,-2.43093,0.31394,0.57567,0.00000,0.00000,0.00000,0.00000,0.00000,0.00000,0.00000,0.00000,0.00000,0.00000,0.00000,0.00000,0.00000,0.00000,0.00000,0.00000,0.00000,0.00000
1.68000,  169,-1.88474,1.92957,0.25891,-1.81736,2.01164,0.35057,-1.89947,1.92731,0.43952,-1.77079,1.93649,0.32286,-1.99334,1.78969,0.34926,-2.11717,1.45785,0.36570,-2.13776,1.25297,0.38251,-1.86825,1.29374,0.37714,-1.91724,1.50542,0.36066,-1.89493,1.66997,0.34650,-2.07311,1.67750,0.48080,-1.93505,1.72043,0.16128,-1.95148,1.56639,0.09076,-1.98663,1.34795,0.07410,-2.03019,1.34312,0.13348,-1.94167,1.15375,0.05743,-1.92320,1.06753,0.05227,-1.89025,1.07245,0.11899,-1.89528,0.99388,0.06715,-1.93481,1.72752,0.52879,-1.96304,1.59526,0.60969,-2.03536,1.39023,0.64730,-2.05951,1.38558,0.57259,-2.00713,1.28860,0.67005,-1.98047,1.12089,0.67884,-1.92965,1.12085,0.61978,-1.94127,1.04684,0.68015,-1.92739,1.24523,0.25016,-1.92938,1.23512,0.50291,-2.12860,1.27792,0.33581,-2.12432,1.27690,0.43328,-2.00622,1.17071,0.18617,-1.93647,0.96077,0.19636,-1.86325,0.78081,0.23266,-1.90973,0.47524,0.23070,-1.92436,0.29118,0.26030,-1.97591,0.24914,0.32917,-1.69816,0.26764,0.30612,-1.79298,0.22460,0.22996,-2.01559,1.12235,0.56486,-1.97362,0.82893,0.54315,-1.97902,0.72041,0.53401,-2.13490,0.65377,0.55043,-2.36170,0.47039,0.51417,-2.40395,0.48887,0.43935,-2.33413,0.23241,0.51604,-2.41149,0.32086,0.57224,0.00000,0.00000,0.00000,0.00000,0.00000,0.00000,0.00000,0.00000,0.00000,0.00000,0.00000,0.00000,0.00000,0.00000,0.00000,0.00000,0.00000,0.00000
1.69000,  170,-1.87558,1.93154,0.25664,-1.80828,2.01391,0.34845,-1.89017,1.92975,0.43724,-1.76174,1.93860,0.32072,-1.98401,1.79174,0.34717,-2.10736,1.45977,0.36383,-2.12785,1.25513,0.38125,-1.85837,1.29561,0.37615,-1.90776,1.50798,0.35992,-1.88525,1.67190,0.34479,-2.06392,1.67964,0.47870,-1.92511,1.72214,0.15938,-1.94008,1.56805,0.08881,-1.97327,1.34942,0.07184,-2.01738,1.34409,0.13070,-1.92658,1.15572,0.05534,-1.90738,1.06960,0.05025,-1.87491,1.07463,0.11698,-1.87837,0.99650,0.06481,-1.92599,1.73007,0.52700,-1.95430,1.59799,0.60799,-2.02734,1.39306,0.64596,-2.04993,1.38786,0.57082,-1.99737,1.29117,0.66851,-1.96979,1.12382,0.67751,-1.91878,1.12391,0.61841,-1.92938,1.05013,0.67917,-1.91777,1.24679,0.24830,-1.91933,1.23782,0.50169,-2.11885,1.27985,0.33443,-2.11443,1.27898,0.43190,-1.99760,1.17208,0.18496,-1.92786,0.96115,0.19643,-1.86018,0.78082,0.23041,-1.90871,0.47511,0.22984,-1.92434,0.29112,0.26004,-1.97589,0.24922,0.32900,-1.69825,0.26785,0.30585,-1.79300,0.22438,0.22974,-2.00486,1.12465,0.56351,-1.95530,0.83191,0.54306,-1.95711,0.72350,0.53411,-2.11149,0.65657,0.54917,-2.33925,0.47457,0.51027,-2.38132,0.49227,0.43500,-2.30921,0.23724,0.51337,-2.38790,0.32510,0.56901,0.00000,0.00000,0.00000,0.00000,0.00000,0.00000,0.00000,0.00000,0.00000,0.00000,0.00000,0.00000,0.00000,0.00000,0.00000,0.00000,0.00000,0.00000
1.70000,  171,-1.86644,1.93350,0.25447,-1.79925,2.01615,0.34591,-1.88111,1.93208,0.43513,-1.75237,1.94085,0.31897,-1.97468,1.79373,0.34523,-2.09772,1.46170,0.36208,-2.11803,1.25715,0.38014,-1.84860,1.29777,0.37467,-1.89774,1.50984,0.35867,-1.87627,1.67415,0.34365,-2.05473,1.68176,0.47670,-1.91530,1.72377,0.15792,-1.92871,1.56966,0.08772,-1.95991,1.35101,0.06962,-2.00453,1.34519,0.12803,-1.91135,1.15776,0.05337,-1.89137,1.07180,0.04830,-1.85917,1.07708,0.11513,-1.86111,0.99906,0.06274,-1.91723,1.73263,0.52536,-1.94590,1.60077,0.60652,-2.01829,1.39566,0.64449,-2.04036,1.39013,0.56912,-1.98781,1.29381,0.66716,-1.95917,1.12665,0.67625,-1.90673,1.12749,0.61811,-1.91831,1.05346,0.67847,-1.90824,1.24833,0.24642,-1.90959,1.24011,0.49969,-2.10912,1.28175,0.33315,-2.10457,1.28110,0.43061,-1.98878,1.17365,0.18355,-1.92121,0.96201,0.19547,-1.85682,0.78058,0.22935,-1.90770,0.47515,0.22906,-1.92442,0.29115,0.25975,-1.97593,0.24936,0.32884,-1.69840,0.26805,0.30564,-1.79308,0.22430,0.22950,-1.99391,1.12688,0.56203,-1.93696,0.83504,0.54304,-1.93532,0.72702,0.53411,-2.08863,0.65959,0.54789,-2.31615,0.47740,0.50667,-2.35914,0.49395,0.43118,-2.28089,0.24093,0.51106,-2.36129,0.32734,0.56621,0.00000,0.00000,0.00000,0.00000,0.00000,0.00000,0.00000,0.00000,0.00000,0.00000,0.00000,0.00000,0.00000,0.00000,0.00000,0.00000,0.00000,0.00000
1.71000,  172,-1.85729,1.93541,0.25246,-1.79014,2.01832,0.34353,-1.87222,1.93441,0.43322,-1.74335,1.94300,0.31700,-1.96529,1.79568,0.34338,-2.08810,1.46355,0.36054,-2.10829,1.25906,0.37914,-1.83897,1.29999,0.37271,-1.88842,1.51195,0.35803,-1.86679,1.67625,0.34249,-2.04563,1.68377,0.47485,-1.90576,1.72580,0.15688,-1.91787,1.57144,0.08613,-1.94645,1.35254,0.06763,-1.99172,1.34627,0.12560,-1.89586,1.15983,0.05159,-1.87525,1.07410,0.04653,-1.84392,1.07954,0.11354,-1.84415,1.00209,0.06039,-1.90817,1.73497,0.52375,-1.93713,1.60338,0.60519,-2.00898,1.39809,0.64310,-2.03080,1.39234,0.56755,-1.97845,1.29645,0.66604,-1.94839,1.12933,0.67493,-1.89527,1.13071,0.61745,-1.90687,1.05664,0.67763,-1.89911,1.25009,0.24427,-1.89937,1.24247,0.49751,-2.09947,1.28348,0.33193,-2.09487,1.28319,0.42950,-1.97989,1.17528,0.18210,-1.91516,0.96288,0.19420,-1.85352,0.78050,0.22828,-1.90652,0.47514,0.22850,-1.92440,0.29114,0.25958,-1.97598,0.24947,0.32869,-1.69849,0.26815,0.30551,-1.79319,0.22424,0.22929,-1.98340,1.12912,0.56073,-1.91853,0.83845,0.54290,-1.91380,0.73089,0.53392,-2.06638,0.66292,0.54644,-2.29246,0.47891,0.50328,-2.33672,0.49404,0.42809,-2.24979,0.24415,0.50938,-2.33280,0.32795,0.56352,0.00000,0.00000,0.00000,0.00000,0.00000,0.00000,0.00000,0.00000,0.00000,0.00000,0.00000,0.00000,0.00000,0.00000,0.00000,0.00000,0.00000,0.00000
1.72000,  173,-1.84793,1.93696,0.25046,-1.78088,2.02029,0.34199,-1.86266,1.93654,0.43127,-1.73411,1.94504,0.31516,-1.95599,1.79761,0.34170,-2.07848,1.46534,0.35904,-2.09875,1.26090,0.37811,-1.82849,1.30286,0.37036,-1.87945,1.51396,0.35659,-1.85719,1.67816,0.34098,-2.03632,1.68567,0.47322,-1.89607,1.72745,0.15465,-1.90689,1.57317,0.08492,-1.93303,1.35413,0.06582,-1.97875,1.34727,0.12344,-1.88048,1.16208,0.04991,-1.85905,1.07663,0.04482,-1.82857,1.08217,0.11174,-1.82690,1.00510,0.05825,-1.89915,1.73731,0.52225,-1.92838,1.60594,0.60388,-1.99968,1.40031,0.64173,-2.02119,1.39441,0.56612,-1.96851,1.29882,0.66475,-1.93766,1.13190,0.67405,-1.88685,1.13382,0.61719,-1.89553,1.05957,0.67685,-1.88994,1.25175,0.24207,-1.88899,1.24449,0.49479,-2.08995,1.28513,0.33077,-2.08510,1.28520,0.42845,-1.97078,1.17676,0.18083,-1.90912,0.96366,0.19326,-1.85021,0.78033,0.22758,-1.90532,0.47514,0.22807,-1.92437,0.29120,0.25945,-1.97602,0.24950,0.32862,-1.69855,0.26820,0.30545,-1.79326,0.22412,0.22912,-1.97316,1.13127,0.55947,-1.90023,0.84221,0.54273,-1.89249,0.73498,0.53345,-2.04440,0.66644,0.54432,-2.26790,0.47891,0.50024,-2.31374,0.49260,0.42527,-2.21666,0.24650,0.50565,-2.30270,0.32694,0.56088,0.00000,0.00000,0.00000,0.00000,0.00000,0.00000,0.00000,0.00000,0.00000,0.00000,0.00000,0.00000,0.00000,0.00000,0.00000,0.00000,0.00000,0.00000
1.73000,  174,-1.83862,1.93876,0.24894,-1.77183,2.02229,0.33995,-1.85329,1.93869,0.42963,-1.72476,1.94688,0.31357,-1.94655,1.79943,0.34023,-2.06900,1.46709,0.35761,-2.08916,1.26261,0.37724,-1.82129,1.30409,0.36753,-1.87000,1.51625,0.35536,-1.84826,1.68031,0.33962,-2.02697,1.68752,0.47175,-1.88672,1.72920,0.15300,-1.89614,1.57497,0.08368,-1.91965,1.35576,0.06425,-1.96584,1.34838,0.12145,-1.86502,1.16436,0.04847,-1.84272,1.07908,0.04335,-1.81439,1.08509,0.11042,-1.80950,1.00809,0.05658,-1.89007,1.73937,0.52084,-1.91916,1.60822,0.60260,-1.99047,1.40245,0.64048,-2.01159,1.39642,0.56480,-1.95883,1.30102,0.66374,-1.92710,1.13436,0.67300,-1.87697,1.13667,0.61668,-1.88441,1.06225,0.67605,-1.88106,1.25346,0.23982,-1.87862,1.24627,0.49271,-2.08049,1.28670,0.32967,-2.07551,1.28711,0.42742,-1.96166,1.17820,0.17937,-1.90313,0.96439,0.19243,-1.84722,0.78014,0.22698,-1.90427,0.47511,0.22788,-1.92428,0.29121,0.25950,-1.97601,0.24952,0.32862,-1.69863,0.26816,0.30542,-1.79335,0.22407,0.22893,-1.96272,1.13331,0.55821,-1.88230,0.84620,0.54244,-1.87121,0.73921,0.53284,-2.02225,0.66961,0.54179,-2.24275,0.47761,0.49742,-2.28997,0.48956,0.42278,-2.18248,0.24767,0.50254,-2.27126,0.32441,0.55823,0.00000,0.00000,0.00000,0.00000,0.00000,0.00000,0.00000,0.00000,0.00000,0.00000,0.00000,0.00000,0.00000,0.00000,0.00000,0.00000,0.00000,0.00000
1.74000,  175,-1.82929,1.94045,0.24728,-1.76252,2.02417,0.33835,-1.84418,1.94062,0.42810,-1.71558,1.94883,0.31176,-1.93713,1.80121,0.33883,-2.05939,1.46878,0.35636,-2.07960,1.26425,0.37622,-1.81502,1.30588,0.36469,-1.86032,1.51834,0.35435,-1.83901,1.68232,0.33826,-2.01761,1.68929,0.47035,-1.87734,1.73112,0.15150,-1.88530,1.57676,0.08265,-1.90635,1.35741,0.06279,-1.95277,1.34944,0.11983,-1.84955,1.16667,0.04713,-1.82638,1.08183,0.04196,-1.80118,1.08717,0.10928,-1.79222,1.01130,0.05487,-1.88060,1.74129,0.51951,-1.91016,1.61035,0.60144,-1.98066,1.40432,0.63934,-2.00194,1.39823,0.56360,-1.94914,1.30310,0.66275,-1.91604,1.13648,0.67210,-1.86635,1.13910,0.61567,-1.87351,1.06473,0.67534,-1.87208,1.25517,0.23769,-1.86882,1.24798,0.49045,-2.07102,1.28822,0.32859,-2.06596,1.28899,0.42624,-1.95245,1.17952,0.17821,-1.89710,0.96499,0.19186,-1.84442,0.77999,0.22657,-1.90315,0.47512,0.22793,-1.92415,0.29128,0.25966,-1.97599,0.24952,0.32867,-1.69848,0.26776,0.30576,-1.79341,0.22400,0.22882,-1.95197,1.13531,0.55688,-1.86476,0.85025,0.54197,-1.85043,0.74373,0.53223,-2.00012,0.67229,0.53896,-2.21694,0.47492,0.49495,-2.26538,0.48506,0.42045,-2.14698,0.24792,0.50011,-2.23884,0.32060,0.55548,0.00000,0.00000,0.00000,0.00000,0.00000,0.00000,0.00000,0.00000,0.00000,0.00000,0.00000,0.00000,0.00000,0.00000,0.00000,0.00000,0.00000,0.00000
1.75000,  176,-1.81989,1.94206,0.24608,-1.75315,2.02592,0.33696,-1.83478,1.94232,0.42685,-1.70618,1.95063,0.31027,-1.92768,1.80286,0.33765,-2.04992,1.47039,0.35505,-2.07012,1.26590,0.37523,-1.80764,1.30772,0.36165,-1.85058,1.51995,0.35270,-1.82927,1.68421,0.33701,-2.00806,1.69090,0.46911,-1.86766,1.73280,0.15079,-1.87468,1.57858,0.08159,-1.89324,1.35906,0.06148,-1.93988,1.35052,0.11842,-1.83419,1.16905,0.04603,-1.81002,1.08455,0.04086,-1.78529,1.08998,0.10826,-1.77502,1.01463,0.05330,-1.87148,1.74309,0.51835,-1.90095,1.61214,0.60030,-1.97121,1.40617,0.63829,-1.99225,1.39993,0.56260,-1.93947,1.30506,0.66187,-1.90559,1.13864,0.67138,-1.85571,1.14149,0.61539,-1.86267,1.06693,0.67458,-1.86302,1.25675,0.23592,-1.85891,1.24994,0.48847,-2.06160,1.28965,0.32739,-2.05633,1.29073,0.42511,-1.94353,1.18071,0.17682,-1.89116,0.96560,0.19149,-1.84186,0.77983,0.22638,-1.90232,0.47523,0.22817,-1.92394,0.29138,0.25999,-1.97602,0.24950,0.32876,-1.69799,0.26710,0.30668,-1.79341,0.22399,0.22873,-1.94105,1.13725,0.55550,-1.84737,0.85443,0.54128,-1.83013,0.74845,0.53145,-1.97781,0.67422,0.53601,-2.19045,0.47089,0.49274,-2.23980,0.47892,0.41835,-2.11044,0.24724,0.49751,-2.20540,0.31554,0.55289,0.00000,0.00000,0.00000,0.00000,0.00000,0.00000,0.00000,0.00000,0.00000,0.00000,0.00000,0.00000,0.00000,0.00000,0.00000,0.00000,0.00000,0.00000
1.76000,  177,-1.81054,1.94363,0.24466,-1.74377,2.02756,0.33566,-1.82541,1.94406,0.42558,-1.69666,1.95229,0.30905,-1.91814,1.80442,0.33654,-2.04029,1.47187,0.35386,-2.06046,1.26738,0.37411,-1.79901,1.30961,0.35877,-1.84061,1.52150,0.35116,-1.82017,1.68547,0.33621,-1.99852,1.69238,0.46806,-1.85843,1.73446,0.14975,-1.86414,1.58036,0.08067,-1.88022,1.36076,0.06036,-1.92698,1.35158,0.11728,-1.81887,1.17148,0.04507,-1.79370,1.08735,0.03987,-1.76923,1.09294,0.10736,-1.75802,1.01804,0.05199,-1.86179,1.74463,0.51719,-1.89123,1.61377,0.59922,-1.96136,1.40767,0.63732,-1.98247,1.40144,0.56162,-1.92968,1.30671,0.66108,-1.89516,1.14033,0.67053,-1.84229,1.14299,0.61486,-1.85167,1.06867,0.67383,-1.85404,1.25825,0.23429,-1.84895,1.25203,0.48623,-2.05212,1.29110,0.32626,-2.04687,1.29230,0.42378,-1.93476,1.18171,0.17556,-1.88529,0.96611,0.19104,-1.83928,0.77955,0.22655,-1.90175,0.47530,0.22851,-1.92365,0.29156,0.26049,-1.97612,0.24955,0.32877,-1.69817,0.26672,0.30653,-1.79344,0.22403,0.22867,-1.93005,1.13921,0.55415,-1.82991,0.85851,0.54039,-1.81028,0.75329,0.53058,-1.95540,0.67543,0.53333,-2.16355,0.46577,0.49069,-2.21338,0.47148,0.41639,-2.07279,0.24601,0.49545,-2.17089,0.30974,0.55055,0.00000,0.00000,0.00000,0.00000,0.00000,0.00000,0.00000,0.00000,0.00000,0.00000,0.00000,0.00000,0.00000,0.00000,0.00000,0.00000,0.00000,0.00000
1.77000,  178,-1.80103,1.94496,0.24361,-1.73424,2.02895,0.33427,-1.81573,1.94551,0.42448,-1.68726,1.95361,0.30793,-1.90868,1.80577,0.33568,-2.03083,1.47326,0.35255,-2.05095,1.26878,0.37289,-1.78917,1.31177,0.35597,-1.83111,1.52301,0.34982,-1.81093,1.68696,0.33528,-1.98889,1.69362,0.46704,-1.84919,1.73630,0.14845,-1.85366,1.58214,0.07984,-1.86735,1.36234,0.05929,-1.91412,1.35265,0.11631,-1.80371,1.17385,0.04420,-1.77742,1.09017,0.03909,-1.75306,1.09599,0.10646,-1.74102,1.02141,0.05073,-1.85198,1.74598,0.51608,-1.88157,1.61523,0.59826,-1.95144,1.40904,0.63647,-1.97260,1.40272,0.56087,-1.91962,1.30810,0.66019,-1.88445,1.14188,0.66983,-1.83473,1.14517,0.61357,-1.84094,1.07022,0.67306,-1.84530,1.25979,0.23238,-1.83931,1.25382,0.48445,-2.04276,1.29247,0.32490,-2.03726,1.29372,0.42245,-1.92626,1.18249,0.17445,-1.87941,0.96636,0.19092,-1.83661,0.77916,0.22715,-1.90085,0.47529,0.22905,-1.92360,0.29203,0.26088,-1.97611,0.24945,0.32905,-1.69792,0.26594,0.30708,-1.79342,0.22414,0.22875,-1.91942,1.14118,0.55290,-1.81293,0.86252,0.53928,-1.79022,0.75789,0.52935,-1.93297,0.67590,0.53112,-2.13545,0.45938,0.48888,-2.18608,0.46270,0.41463,-2.03428,0.24463,0.49325,-2.13534,0.30311,0.54832,0.00000,0.00000,0.00000,0.00000,0.00000,0.00000,0.00000,0.00000,0.00000,0.00000,0.00000,0.00000,0.00000,0.00000,0.00000,0.00000,0.00000,0.00000
1.78000,  179,-1.79146,1.94610,0.24268,-1.72484,2.03018,0.33284,-1.80599,1.94674,0.42355,-1.67756,1.95487,0.30723,-1.89908,1.80699,0.33491,-2.02121,1.47446,0.35137,-2.04135,1.27001,0.37177,-1.77932,1.31353,0.35376,-1.82171,1.52461,0.34839,-1.80079,1.68857,0.33358,-1.97921,1.69479,0.46617,-1.83978,1.73783,0.14757,-1.84331,1.58388,0.07892,-1.85470,1.36389,0.05831,-1.90139,1.35368,0.11544,-1.78860,1.17621,0.04362,-1.76128,1.09294,0.03849,-1.73708,1.09913,0.10588,-1.72392,1.02479,0.05004,-1.84246,1.74705,0.51516,-1.87136,1.61624,0.59728,-1.94144,1.41005,0.63565,-1.96268,1.40374,0.56002,-1.90989,1.30930,0.65949,-1.87451,1.14328,0.66910,-1.82492,1.14637,0.61330,-1.83075,1.07165,0.67241,-1.83638,1.26105,0.23073,-1.83008,1.25539,0.48309,-2.03321,1.29357,0.32364,-2.02772,1.29497,0.42116,-1.91794,1.18315,0.17327,-1.87350,0.96651,0.19076,-1.83391,0.77879,0.22766,-1.89985,0.47526,0.22974,-1.92322,0.29215,0.26164,-1.97614,0.24925,0.32939,-1.69762,0.26505,0.30770,-1.79339,0.22429,0.22883,-1.90896,1.14309,0.55172,-1.79627,0.86649,0.53812,-1.77126,0.76254,0.52810,-1.91091,0.67586,0.52928,-2.10673,0.45212,0.48722,-2.15799,0.45283,0.41296,-1.99463,0.24286,0.49144,-2.09827,0.29589,0.54646,0.00000,0.00000,0.00000,0.00000,0.00000,0.00000,0.00000,0.00000,0.00000,0.00000,0.00000,0.00000,0.00000,0.00000,0.00000,0.00000,0.00000,0.00000
1.79000,  180,-1.78193,1.94709,0.24187,-1.71505,2.03127,0.33272,-1.79671,1.94787,0.42282,-1.66782,1.95602,0.30620,-1.88944,1.80803,0.33420,-2.01171,1.47552,0.35010,-2.03176,1.27115,0.37053,-1.76940,1.31455,0.35184,-1.81265,1.52560,0.34744,-1.79058,1.68949,0.33269,-1.96945,1.69570,0.46537,-1.83045,1.73934,0.14698,-1.83311,1.58550,0.07807,-1.84222,1.36538,0.05740,-1.88883,1.35468,0.11471,-1.77362,1.17855,0.04304,-1.74511,1.09564,0.03815,-1.72118,1.10223,0.10546,-1.70708,1.02815,0.04949,-1.83271,1.74794,0.51433,-1.86116,1.61701,0.59638,-1.93126,1.41093,0.63496,-1.95268,1.40453,0.55933,-1.89958,1.31020,0.65872,-1.86399,1.14415,0.66851,-1.81438,1.14750,0.61227,-1.82019,1.07264,0.67166,-1.82850,1.26229,0.22811,-1.82129,1.25680,0.48161,-2.02381,1.29451,0.32232,-2.01806,1.29601,0.41976,-1.90966,1.18375,0.17208,-1.86775,0.96658,0.19069,-1.83100,0.77841,0.22825,-1.89888,0.47517,0.23043,-1.92286,0.29236,0.26250,-1.97622,0.24910,0.32971,-1.69733,0.26433,0.30819,-1.79334,0.22446,0.22901,-1.89814,1.14479,0.55044,-1.77975,0.87023,0.53671,-1.75266,0.76692,0.52671,-1.88898,0.67508,0.52784,-2.07741,0.44408,0.48573,-2.12909,0.44189,0.41169,-1.95410,0.24129,0.48963,-2.06068,0.28891,0.54506,0.00000,0.00000,0.00000,0.00000,0.00000,0.00000,0.00000,0.00000,0.00000,0.00000,0.00000,0.00000,0.00000,0.00000,0.00000,0.00000,0.00000,0.00000
1.80000,  181,-1.77219,1.94801,0.24114,-1.70614,2.03183,0.33158,-1.78669,1.94876,0.42209,-1.65819,1.95683,0.30526,-1.87979,1.80892,0.33366,-2.00200,1.47642,0.34891,-2.02208,1.27204,0.36944,-1.75760,1.31482,0.35016,-1.80374,1.52666,0.34595,-1.78089,1.69063,0.33213,-1.95963,1.69637,0.46460,-1.82098,1.74058,0.14635,-1.82302,1.58701,0.07722,-1.82988,1.36678,0.05650,-1.87630,1.35561,0.11395,-1.75885,1.18081,0.04255,-1.72923,1.09836,0.03780,-1.70532,1.10536,0.10514,-1.69017,1.03129,0.04936,-1.82287,1.74852,0.51354,-1.85078,1.61751,0.59552,-1.92138,1.41149,0.63430,-1.94255,1.40512,0.55868,-1.88921,1.31081,0.65815,-1.85358,1.14476,0.66780,-1.80414,1.14802,0.61150,-1.80995,1.07315,0.67100,-1.82031,1.26313,0.22571,-1.81165,1.25817,0.48029,-2.01416,1.29528,0.32115,-2.00842,1.29694,0.41852,-1.90126,1.18407,0.17100,-1.86191,0.96658,0.19045,-1.82791,0.77793,0.22893,-1.89758,0.47499,0.23125,-1.92253,0.29255,0.26327,-1.97624,0.24888,0.33007,-1.69720,0.26371,0.30860,-1.79328,0.22466,0.22923,-1.88694,1.14613,0.54906,-1.76354,0.87387,0.53536,-1.73299,0.77017,0.52500,-1.86740,0.67379,0.52674,-2.04720,0.43531,0.48439,-2.09935,0.42994,0.41063,-1.91332,0.24061,0.48770,-2.02102,0.28146,0.54394,0.00000,0.00000,0.00000,0.00000,0.00000,0.00000,0.00000,0.00000,0.00000,0.00000,0.00000,0.00000,0.00000,0.00000,0.00000,0.00000,0.00000,0.00000
1.81000,  182,-1.76230,1.94853,0.24065,-1.69640,2.03233,0.33078,-1.77662,1.94933,0.42145,-1.64850,1.95747,0.30446,-1.86997,1.80957,0.33317,-1.99240,1.47716,0.34759,-2.01235,1.27278,0.36832,-1.74822,1.31561,0.34900,-1.79426,1.52733,0.34458,-1.77146,1.69132,0.33122,-1.94968,1.69679,0.46403,-1.81153,1.74186,0.14548,-1.81296,1.58836,0.07642,-1.81772,1.36802,0.05556,-1.86390,1.35646,0.11324,-1.74416,1.18288,0.04213,-1.71342,1.10082,0.03780,-1.68955,1.10833,0.10507,-1.67347,1.03443,0.04937,-1.81259,1.74886,0.51277,-1.84094,1.61797,0.59483,-1.91077,1.41186,0.63355,-1.93231,1.40540,0.55811,-1.87871,1.31102,0.65734,-1.84337,1.14517,0.66715,-1.79411,1.14821,0.61062,-1.79760,1.07378,0.67017,-1.81004,1.26348,0.22476,-1.80171,1.25891,0.47905,-2.00469,1.29585,0.31991,-1.99869,1.29759,0.41726,-1.89255,1.18423,0.17017,-1.85618,0.96658,0.19004,-1.82483,0.77743,0.22937,-1.89625,0.47486,0.23179,-1.92225,0.29267,0.26397,-1.97621,0.24868,0.33040,-1.69696,0.26301,0.30916,-1.79325,0.22480,0.22939,-1.87576,1.14743,0.54788,-1.74685,0.87650,0.53389,-1.71531,0.77411,0.52328,-1.84621,0.67199,0.52578,-2.01631,0.42595,0.48323,-2.06859,0.41703,0.40974,-1.86983,0.23941,0.48706,-1.98023,0.27423,0.54325,0.00000,0.00000,0.00000,0.00000,0.00000,0.00000,0.00000,0.00000,0.00000,0.00000,0.00000,0.00000,0.00000,0.00000,0.00000,0.00000,0.00000,0.00000
1.82000,  183,-1.75249,1.94907,0.24024,-1.68553,2.03320,0.33058,-1.76663,1.94976,0.42105,-1.63842,1.95787,0.30463,-1.86012,1.81005,0.33280,-1.98265,1.47763,0.34644,-2.00253,1.27325,0.36746,-1.73880,1.31617,0.34790,-1.78361,1.52767,0.34346,-1.76223,1.69165,0.32998,-1.93971,1.69703,0.46342,-1.80211,1.74273,0.14473,-1.80291,1.58942,0.07567,-1.80567,1.36905,0.05461,-1.85172,1.35708,0.11248,-1.72964,1.18481,0.04186,-1.69783,1.10329,0.03789,-1.67391,1.11128,0.10509,-1.65686,1.03753,0.04954,-1.80261,1.74899,0.51218,-1.83065,1.61791,0.59408,-1.90032,1.41189,0.63287,-1.92218,1.40551,0.55754,-1.86840,1.31121,0.65681,-1.83285,1.14511,0.66653,-1.78429,1.14799,0.60952,-1.78767,1.07378,0.66956,-1.80012,1.26357,0.22376,-1.78887,1.25896,0.47762,-1.99489,1.29620,0.31891,-1.98896,1.29805,0.41614,-1.88374,1.18424,0.16932,-1.85002,0.96628,0.18988,-1.82169,0.77688,0.22949,-1.89492,0.47465,0.23222,-1.92192,0.29279,0.26464,-1.97618,0.24856,0.33064,-1.69666,0.26225,0.30962,-1.79321,0.22483,0.22947,-1.86433,1.14844,0.54666,-1.73145,0.87957,0.53203,-1.69799,0.77775,0.52143,-1.82520,0.66986,0.52483,-1.98459,0.41609,0.48206,-2.03688,0.40333,0.40891,-1.82684,0.23923,0.48604,-1.93881,0.26732,0.54276,0.00000,0.00000,0.00000,0.00000,0.00000,0.00000,0.00000,0.00000,0.00000,0.00000,0.00000,0.00000,0.00000,0.00000,0.00000,0.00000,0.00000,0.00000
1.83000,  184,-1.74253,1.94929,0.24005,-1.67554,2.03336,0.33035,-1.75658,1.94998,0.42082,-1.62843,1.95811,0.30392,-1.85017,1.81035,0.33248,-1.97293,1.47799,0.34529,-1.99271,1.27365,0.36654,-1.72935,1.31643,0.34724,-1.77323,1.52790,0.34238,-1.75194,1.69170,0.32932,-1.92971,1.69706,0.46283,-1.79253,1.74364,0.14400,-1.79304,1.59043,0.07480,-1.79387,1.36994,0.05369,-1.83963,1.35765,0.11177,-1.71529,1.18660,0.04172,-1.68245,1.10549,0.03815,-1.65844,1.11430,0.10505,-1.64040,1.04030,0.05013,-1.79278,1.74889,0.51168,-1.82042,1.61769,0.59346,-1.88979,1.41168,0.63232,-1.91184,1.40530,0.55689,-1.85808,1.31105,0.65608,-1.82271,1.14494,0.66590,-1.77050,1.14652,0.60870,-1.77796,1.07345,0.66885,-1.79066,1.26361,0.22232,-1.78001,1.25992,0.47650,-1.98523,1.29647,0.31793,-1.97914,1.29834,0.41513,-1.87477,1.18422,0.16842,-1.84393,0.96607,0.18954,-1.81861,0.77637,0.22925,-1.89358,0.47445,0.23229,-1.92160,0.29282,0.26515,-1.97615,0.24852,0.33079,-1.69643,0.26144,0.30984,-1.79321,0.22476,0.22939,-1.85292,1.14914,0.54556,-1.71628,0.88212,0.53005,-1.68114,0.78110,0.51927,-1.80454,0.66717,0.52400,-1.95196,0.40568,0.48100,-2.00397,0.38911,0.40821,-1.78329,0.23969,0.48549,-1.89663,0.26091,0.54270,0.00000,0.00000,0.00000,0.00000,0.00000,0.00000,0.00000,0.00000,0.00000,0.00000,0.00000,0.00000,0.00000,0.00000,0.00000,0.00000,0.00000,0.00000
1.84000,  185,-1.73242,1.94938,0.23979,-1.66535,2.03338,0.33038,-1.74664,1.94997,0.42064,-1.61832,1.95813,0.30347,-1.84011,1.81052,0.33226,-1.96313,1.47816,0.34422,-1.98283,1.27373,0.36579,-1.71894,1.31673,0.34587,-1.76245,1.52808,0.34133,-1.74143,1.69228,0.32873,-1.91956,1.69688,0.46244,-1.78269,1.74419,0.14362,-1.78316,1.59119,0.07392,-1.78221,1.37061,0.05273,-1.82769,1.35792,0.11102,-1.70105,1.18809,0.04169,-1.66714,1.10744,0.03858,-1.64325,1.11721,0.10541,-1.62409,1.04306,0.05097,-1.78270,1.74854,0.51121,-1.80968,1.61721,0.59269,-1.87928,1.41099,0.63161,-1.90150,1.40482,0.55636,-1.84762,1.31061,0.65555,-1.81214,1.14430,0.66526,-1.76052,1.14604,0.60798,-1.76909,1.07252,0.66818,-1.78099,1.26340,0.22112,-1.77015,1.26018,0.47544,-1.97539,1.29654,0.31714,-1.96927,1.29835,0.41430,-1.86567,1.18412,0.16752,-1.83770,0.96591,0.18882,-1.81556,0.77583,0.22875,-1.89243,0.47437,0.23213,-1.92141,0.29292,0.26535,-1.97612,0.24855,0.33089,-1.69628,0.26082,0.30987,-1.79324,0.22462,0.22917,-1.84169,1.14973,0.54457,-1.70128,0.88505,0.52858,-1.66482,0.78413,0.51701,-1.78417,0.66425,0.52306,-1.91861,0.39513,0.48006,-1.96977,0.37460,0.40764,-1.73993,0.23991,0.48544,-1.85380,0.25487,0.54261,0.00000,0.00000,0.00000,0.00000,0.00000,0.00000,0.00000,0.00000,0.00000,0.00000,0.00000,0.00000,0.00000,0.00000,0.00000,0.00000,0.00000,0.00000
1.85000,  186,-1.72221,1.94940,0.23968,-1.65518,2.03321,0.33019,-1.73614,1.94965,0.42053,-1.60802,1.95789,0.30366,-1.82984,1.81046,0.33204,-1.95321,1.47814,0.34339,-1.97280,1.27365,0.36515,-1.70926,1.31612,0.34511,-1.75261,1.52771,0.34043,-1.73136,1.69193,0.32826,-1.90934,1.69660,0.46202,-1.77274,1.74452,0.14338,-1.77327,1.59170,0.07311,-1.77068,1.37106,0.05183,-1.81589,1.35811,0.11026,-1.68693,1.18941,0.04184,-1.65190,1.10920,0.03922,-1.62805,1.11989,0.10585,-1.60802,1.04574,0.05157,-1.77235,1.74805,0.51075,-1.79923,1.61649,0.59210,-1.86941,1.41063,0.63104,-1.89104,1.40413,0.55571,-1.83722,1.30987,0.65472,-1.80225,1.14364,0.66464,-1.75061,1.14522,0.60720,-1.75924,1.07173,0.66753,-1.77107,1.26313,0.22030,-1.76008,1.26022,0.47445,-1.96545,1.29636,0.31641,-1.95922,1.29824,0.41350,-1.85629,1.18392,0.16659,-1.83129,0.96564,0.18811,-1.81261,0.77524,0.22801,-1.89149,0.47429,0.23202,-1.92121,0.29304,0.26545,-1.97603,0.24860,0.33098,-1.69607,0.26017,0.30981,-1.79336,0.22441,0.22879,-1.83064,1.15019,0.54376,-1.68648,0.88787,0.52702,-1.64909,0.78683,0.51449,-1.76388,0.66105,0.52209,-1.88357,0.38418,0.47919,-1.93417,0.35995,0.40693,-1.69627,0.24106,0.48542,-1.81083,0.24933,0.54293,0.00000,0.00000,0.00000,0.00000,0.00000,0.00000,0.00000,0.00000,0.00000,0.00000,0.00000,0.00000,0.00000,0.00000,0.00000,0.00000,0.00000,0.00000
1.86000,  187,-1.71187,1.94915,0.23971,-1.64479,2.03284,0.33067,-1.72568,1.94915,0.42061,-1.59766,1.95761,0.30378,-1.81954,1.81027,0.33188,-1.94320,1.47801,0.34250,-1.96270,1.27334,0.36459,-1.69938,1.31583,0.34389,-1.74334,1.52711,0.33990,-1.72164,1.69130,0.32776,-1.89906,1.69612,0.46162,-1.76258,1.74473,0.14311,-1.76332,1.59198,0.07237,-1.75921,1.37133,0.05092,-1.80422,1.35809,0.10942,-1.67309,1.19056,0.04201,-1.63690,1.11084,0.04000,-1.61290,1.12242,0.10649,-1.59188,1.04814,0.05300,-1.76178,1.74722,0.51037,-1.78856,1.61550,0.59141,-1.85790,1.40933,0.63019,-1.88045,1.40330,0.55500,-1.82659,1.30894,0.65403,-1.79217,1.14269,0.66401,-1.74053,1.14427,0.60683,-1.74911,1.07061,0.66684,-1.76109,1.26283,0.21941,-1.74984,1.26009,0.47367,-1.95551,1.29611,0.31581,-1.94909,1.29792,0.41283,-1.84674,1.18369,0.16580,-1.82490,0.96538,0.18730,-1.80972,0.77465,0.22720,-1.89043,0.47424,0.23177,-1.92090,0.29313,0.26565,-1.97597,0.24869,0.33099,-1.69596,0.25943,0.30963,-1.79347,0.22406,0.22831,-1.81993,1.15044,0.54288,-1.67213,0.89000,0.52501,-1.63400,0.78910,0.51205,-1.74394,0.65738,0.52098,-1.84838,0.37360,0.47833,-1.89715,0.34552,0.40645,-1.65219,0.24342,0.48560,-1.76759,0.24414,0.54323,0.00000,0.00000,0.00000,0.00000,0.00000,0.00000,0.00000,0.00000,0.00000,0.00000,0.00000,0.00000,0.00000,0.00000,0.00000,0.00000,0.00000,0.00000
1.87000,  188,-1.70140,1.94881,0.24001,-1.63430,2.03230,0.33086,-1.71551,1.94851,0.42082,-1.58708,1.95709,0.30452,-1.80909,1.80987,0.33178,-1.93310,1.47764,0.34183,-1.95257,1.27294,0.36396,-1.68913,1.31528,0.34311,-1.73416,1.52656,0.33907,-1.71196,1.69099,0.32706,-1.88876,1.69550,0.46131,-1.75241,1.74471,0.14296,-1.75339,1.59216,0.07157,-1.74785,1.37135,0.05002,-1.79265,1.35784,0.10865,-1.65942,1.19154,0.04224,-1.62215,1.11227,0.04083,-1.59820,1.12481,0.10703,-1.57609,1.05030,0.05435,-1.75135,1.74636,0.51007,-1.77788,1.61435,0.59082,-1.84712,1.40834,0.62944,-1.86974,1.40220,0.55428,-1.81563,1.30769,0.65310,-1.78176,1.14148,0.66320,-1.73054,1.14283,0.60561,-1.73794,1.06818,0.66596,-1.75096,1.26233,0.21869,-1.73959,1.25970,0.47290,-1.94535,1.29566,0.31517,-1.93890,1.29749,0.41224,-1.83709,1.18338,0.16497,-1.81850,0.96509,0.18654,-1.80679,0.77401,0.22635,-1.88935,0.47406,0.23188,-1.92048,0.29334,0.26593,-1.97586,0.24880,0.33109,-1.69610,0.25869,0.30927,-1.79344,0.22355,0.22795,-1.80881,1.15039,0.54200,-1.65819,0.89146,0.52316,-1.61957,0.79086,0.50952,-1.72138,0.65171,0.51920,-1.81251,0.36326,0.47743,-1.86072,0.33233,0.40556,-1.60900,0.24559,0.48612,-1.72418,0.23985,0.54346,0.00000,0.00000,0.00000,0.00000,0.00000,0.00000,0.00000,0.00000,0.00000,0.00000,0.00000,0.00000,0.00000,0.00000,0.00000,0.00000,0.00000,0.00000
1.88000,  189,-1.69076,1.94828,0.24037,-1.62365,2.03145,0.33119,-1.70490,1.94758,0.42110,-1.57653,1.95640,0.30428,-1.79858,1.80930,0.33179,-1.92272,1.47713,0.34133,-1.94219,1.27233,0.36339,-1.67852,1.31441,0.34287,-1.72411,1.52573,0.33830,-1.70130,1.69025,0.32706,-1.87831,1.69469,0.46103,-1.74219,1.74430,0.14283,-1.74327,1.59199,0.07100,-1.73658,1.37124,0.04913,-1.78123,1.35742,0.10776,-1.64592,1.19226,0.04256,-1.60754,1.11351,0.04186,-1.58362,1.12674,0.10790,-1.56054,1.05239,0.05589,-1.74070,1.74520,0.50984,-1.76707,1.61301,0.59033,-1.83644,1.40700,0.62854,-1.85904,1.40085,0.55341,-1.80519,1.30633,0.65239,-1.77156,1.14003,0.66246,-1.72030,1.14129,0.60527,-1.72810,1.06667,0.66531,-1.74065,1.26164,0.21809,-1.72907,1.25915,0.47217,-1.93501,1.29511,0.31455,-1.92840,1.29681,0.41162,-1.82727,1.18279,0.16419,-1.81214,0.96470,0.18550,-1.80385,0.77339,0.22561,-1.88809,0.47392,0.23195,-1.91984,0.29350,0.26647,-1.97571,0.24890,0.33132,-1.69585,0.25739,0.30961,-1.79348,0.22315,0.22765,-1.79768,1.14999,0.54103,-1.64484,0.89220,0.52098,-1.60570,0.79197,0.50689,-1.70145,0.64723,0.51762,-1.77775,0.35384,0.47668,-1.82086,0.31852,0.40427,-1.56553,0.24738,0.48759,-1.68104,0.23628,0.54385,0.00000,0.00000,0.00000,0.00000,0.00000,0.00000,0.00000,0.00000,0.00000,0.00000,0.00000,0.00000,0.00000,0.00000,0.00000,0.00000,0.00000,0.00000
1.89000,  190,-1.68001,1.94757,0.24057,-1.61283,2.03053,0.33168,-1.69407,1.94644,0.42146,-1.56581,1.95540,0.30473,-1.78791,1.80850,0.33184,-1.91227,1.47640,0.34086,-1.93171,1.27158,0.36279,-1.66798,1.31360,0.34218,-1.71350,1.52498,0.33774,-1.69019,1.68977,0.32672,-1.86781,1.69372,0.46087,-1.73206,1.74393,0.14230,-1.73301,1.59166,0.07050,-1.72527,1.37085,0.04828,-1.76994,1.35684,0.10689,-1.63251,1.19280,0.04299,-1.59305,1.11451,0.04314,-1.56945,1.12878,0.10894,-1.54422,1.05382,0.05840,-1.73010,1.74387,0.50977,-1.75650,1.61145,0.58983,-1.82559,1.40546,0.62770,-1.84821,1.39943,0.55251,-1.79450,1.30467,0.65159,-1.76176,1.13849,0.66171,-1.71027,1.13946,0.60413,-1.71825,1.06502,0.66449,-1.73031,1.26078,0.21732,-1.71851,1.25848,0.47152,-1.92468,1.29440,0.31399,-1.91783,1.29597,0.41097,-1.81770,1.18219,0.16321,-1.80655,0.96439,0.18324,-1.80071,0.77260,0.22509,-1.88641,0.47370,0.23223,-1.91918,0.29361,0.26719,-1.97556,0.24894,0.33158,-1.69561,0.25634,0.30994,-1.79350,0.22303,0.22752,-1.78723,1.14941,0.54034,-1.63184,0.89279,0.51934,-1.59244,0.79240,0.50424,-1.68167,0.64237,0.51604,-1.74059,0.34455,0.47570,-1.78104,0.30616,0.40310,-1.52286,0.25050,0.48867,-1.63778,0.23342,0.54431,0.00000,0.00000,0.00000,0.00000,0.00000,0.00000,0.00000,0.00000,0.00000,0.00000,0.00000,0.00000,0.00000,0.00000,0.00000,0.00000,0.00000,0.00000
1.90000,  191,-1.66913,1.94664,0.24118,-1.60194,2.02949,0.33254,-1.68316,1.94516,0.42178,-1.55499,1.95438,0.30522,-1.77716,1.80751,0.33196,-1.90173,1.47543,0.34052,-1.92100,1.27065,0.36221,-1.65720,1.31258,0.34132,-1.70286,1.52398,0.33695,-1.67931,1.68869,0.32642,-1.85702,1.69249,0.46081,-1.72147,1.74323,0.14247,-1.72269,1.59118,0.07005,-1.71416,1.37038,0.04746,-1.75872,1.35611,0.10603,-1.61934,1.19322,0.04348,-1.57855,1.11518,0.04470,-1.55521,1.13060,0.10997,-1.52896,1.05552,0.06034,-1.71937,1.74254,0.50974,-1.74598,1.60985,0.58959,-1.81462,1.40346,0.62672,-1.83745,1.39782,0.55157,-1.78413,1.30303,0.65067,-1.75176,1.13673,0.66083,-1.70005,1.13773,0.60347,-1.70845,1.06317,0.66366,-1.71996,1.25974,0.21632,-1.70768,1.25767,0.47039,-1.91404,1.29354,0.31343,-1.90708,1.29502,0.41032,-1.80786,1.18124,0.16244,-1.79998,0.96336,0.18274,-1.79742,0.77179,0.22483,-1.88453,0.47342,0.23267,-1.91869,0.29389,0.26796,-1.97543,0.24894,0.33187,-1.69537,0.25528,0.31038,-1.79341,0.22308,0.22758,-1.77645,1.14851,0.53944,-1.61939,0.89298,0.51733,-1.57991,0.79229,0.50179,-1.66199,0.63718,0.51445,-1.70305,0.33590,0.47466,-1.74015,0.29505,0.40170,-1.48025,0.25462,0.48956,-1.59433,0.23115,0.54459,0.00000,0.00000,0.00000,0.00000,0.00000,0.00000,0.00000,0.00000,0.00000,0.00000,0.00000,0.00000,0.00000,0.00000,0.00000,0.00000,0.00000,0.00000
1.91000,  192,-1.65820,1.94578,0.24186,-1.59071,2.02823,0.33355,-1.67212,1.94369,0.42237,-1.54425,1.95313,0.30546,-1.76626,1.80632,0.33218,-1.89097,1.47432,0.34015,-1.91015,1.26957,0.36158,-1.64633,1.31161,0.34011,-1.69239,1.52289,0.33643,-1.66887,1.68736,0.32639,-1.84619,1.69109,0.46080,-1.71091,1.74237,0.14241,-1.71221,1.59057,0.06978,-1.70295,1.36964,0.04676,-1.74763,1.35520,0.10517,-1.60613,1.19329,0.04415,-1.56448,1.11581,0.04599,-1.54139,1.13216,0.11101,-1.51413,1.05708,0.06211,-1.70830,1.74096,0.50982,-1.73516,1.60807,0.58933,-1.80444,1.40182,0.62601,-1.82646,1.39616,0.55066,-1.77414,1.30126,0.64985,-1.74022,1.13381,0.65974,-1.69000,1.13557,0.60235,-1.69856,1.06113,0.66266,-1.70948,1.25847,0.21533,-1.69666,1.25662,0.46913,-1.90333,1.29245,0.31279,-1.89619,1.29379,0.40970,-1.79796,1.18014,0.16171,-1.79284,0.96216,0.18302,-1.79372,0.77085,0.22472,-1.88257,0.47307,0.23319,-1.91810,0.29401,0.26866,-1.97531,0.24890,0.33211,-1.69502,0.25445,0.31071,-1.79333,0.22319,0.22766,-1.76523,1.14714,0.53863,-1.60756,0.89237,0.51549,-1.56799,0.79148,0.49923,-1.64257,0.63181,0.51293,-1.66505,0.32814,0.47372,-1.69927,0.28516,0.40059,-1.43808,0.25946,0.49043,-1.54893,0.22919,0.54433,0.00000,0.00000,0.00000,0.00000,0.00000,0.00000,0.00000,0.00000,0.00000,0.00000,0.00000,0.00000,0.00000,0.00000,0.00000,0.00000,0.00000,0.00000
1.92000,  193,-1.64708,1.94451,0.24234,-1.57973,2.02665,0.33410,-1.66126,1.94209,0.42308,-1.53286,1.95180,0.30651,-1.75518,1.80507,0.33244,-1.88021,1.47305,0.33986,-1.89901,1.26837,0.36100,-1.63538,1.31030,0.33875,-1.68209,1.52145,0.33598,-1.65718,1.68480,0.32612,-1.83517,1.68960,0.46084,-1.70006,1.74133,0.14262,-1.70166,1.58974,0.06953,-1.69181,1.36883,0.04602,-1.73646,1.35406,0.10429,-1.59307,1.19335,0.04479,-1.55052,1.11625,0.04750,-1.52777,1.13349,0.11231,-1.49932,1.05836,0.06422,-1.69731,1.73917,0.50994,-1.72418,1.60617,0.58907,-1.79281,1.40008,0.62497,-1.81559,1.39435,0.54978,-1.76423,1.29940,0.64881,-1.73026,1.13171,0.65876,-1.67975,1.13336,0.60141,-1.68870,1.05895,0.66171,-1.69887,1.25706,0.21431,-1.68544,1.25527,0.46803,-1.89239,1.29117,0.31225,-1.88508,1.29237,0.40901,-1.78802,1.17886,0.16100,-1.78574,0.96100,0.18280,-1.78974,0.76982,0.22480,-1.88060,0.47279,0.23355,-1.91756,0.29422,0.26934,-1.97518,0.24889,0.33235,-1.69470,0.25385,0.31095,-1.79330,0.22327,0.22767,-1.75394,1.14571,0.53775,-1.59638,0.89105,0.51399,-1.55682,0.78999,0.49709,-1.62357,0.62620,0.51155,-1.62587,0.32152,0.47242,-1.65804,0.27697,0.39902,-1.39647,0.26513,0.49107,-1.50671,0.22885,0.54423,0.00000,0.00000,0.00000,0.00000,0.00000,0.00000,0.00000,0.00000,0.00000,0.00000,0.00000,0.00000,0.00000,0.00000,0.00000,0.00000,0.00000,0.00000
1.93000,  194,-1.63581,1.94310,0.24315,-1.56842,2.02509,0.33508,-1.65000,1.94030,0.42380,-1.52145,1.95018,0.30712,-1.74394,1.80354,0.33280,-1.86908,1.47155,0.33961,-1.88775,1.26683,0.36040,-1.62417,1.30902,0.33792,-1.67117,1.51987,0.33555,-1.64562,1.68334,0.32620,-1.82401,1.68778,0.46101,-1.68903,1.74005,0.14304,-1.69089,1.58875,0.06928,-1.68063,1.36783,0.04544,-1.72550,1.35292,0.10352,-1.58017,1.19313,0.04568,-1.53620,1.11623,0.04938,-1.51429,1.13463,0.11375,-1.48485,1.05935,0.06635,-1.68606,1.73717,0.51016,-1.71307,1.60408,0.58892,-1.78241,1.39776,0.62434,-1.80458,1.39230,0.54885,-1.75309,1.29701,0.64795,-1.72024,1.12949,0.65786,-1.66948,1.13115,0.60074,-1.67878,1.05660,0.66059,-1.68819,1.25547,0.21322,-1.67386,1.25366,0.46725,-1.88130,1.28974,0.31156,-1.87382,1.29077,0.40833,-1.77792,1.17745,0.16034,-1.77856,0.95984,0.18238,-1.78556,0.76873,0.22463,-1.87852,0.47253,0.23375,-1.91692,0.29442,0.26988,-1.97508,0.24898,0.33253,-1.69430,0.25299,0.31113,-1.79323,0.22329,0.22775,-1.74254,1.14406,0.53705,-1.58585,0.88912,0.51264,-1.54540,0.78812,0.49354,-1.60479,0.62071,0.51028,-1.58618,0.31539,0.47200,-1.61675,0.27022,0.39764,-1.35532,0.27199,0.49137,-1.46431,0.22966,0.54382,0.00000,0.00000,0.00000,0.00000,0.00000,0.00000,0.00000,0.00000,0.00000,0.00000,0.00000,0.00000,0.00000,0.00000,0.00000,0.00000,0.00000,0.00000
1.94000,  195,-1.62438,1.94147,0.24391,-1.55700,2.02331,0.33551,-1.63841,1.93829,0.42451,-1.51013,1.94843,0.30806,-1.73248,1.80188,0.33324,-1.85804,1.46993,0.33942,-1.87620,1.26506,0.35992,-1.61279,1.30753,0.33661,-1.66001,1.51815,0.33563,-1.63404,1.68181,0.32647,-1.81270,1.68590,0.46120,-1.67807,1.73823,0.14310,-1.67997,1.58753,0.06924,-1.66949,1.36668,0.04489,-1.71436,1.35156,0.10280,-1.56748,1.19270,0.04637,-1.52269,1.11628,0.05081,-1.50109,1.13544,0.11496,-1.47067,1.06008,0.06855,-1.67462,1.73507,0.51047,-1.70231,1.60186,0.58890,-1.77162,1.39542,0.62347,-1.79372,1.39025,0.54804,-1.74086,1.29362,0.64690,-1.71015,1.12704,0.65663,-1.65928,1.12865,0.59970,-1.66888,1.05404,0.65936,-1.67731,1.25379,0.21215,-1.66202,1.25188,0.46609,-1.87012,1.28798,0.31104,-1.86235,1.28892,0.40773,-1.76756,1.17600,0.15966,-1.77115,0.95881,0.18158,-1.78123,0.76777,0.22418,-1.87648,0.47241,0.23370,-1.91636,0.29453,0.27023,-1.97500,0.24913,0.33263,-1.69394,0.25223,0.31111,-1.79323,0.22327,0.22769,-1.73142,1.14227,0.53649,-1.57596,0.88637,0.51144,-1.53609,0.78536,0.49176,-1.58633,0.61523,0.50895,-1.54841,0.31135,0.47102,-1.57704,0.26543,0.39613,-1.31541,0.27937,0.49102,-1.42241,0.23159,0.54284,0.00000,0.00000,0.00000,0.00000,0.00000,0.00000,0.00000,0.00000,0.00000,0.00000,0.00000,0.00000,0.00000,0.00000,0.00000,0.00000,0.00000,0.00000
1.95000,  196,-1.61277,1.93963,0.24485,-1.54547,2.02133,0.33657,-1.62670,1.93610,0.42531,-1.49844,1.94641,0.30899,-1.72103,1.80004,0.33372,-1.84691,1.46815,0.33929,-1.86444,1.26305,0.35949,-1.60127,1.30586,0.33523,-1.64826,1.51623,0.33540,-1.62240,1.67999,0.32683,-1.80119,1.68385,0.46145,-1.66664,1.73730,0.14329,-1.66899,1.58628,0.06920,-1.65819,1.36534,0.04442,-1.70341,1.35008,0.10204,-1.55454,1.19190,0.04744,-1.50931,1.11607,0.05251,-1.48807,1.13609,0.11649,-1.45670,1.06055,0.07077,-1.66351,1.73283,0.51087,-1.69121,1.59945,0.58897,-1.76102,1.39294,0.62281,-1.78272,1.38808,0.54723,-1.73056,1.29113,0.64601,-1.70003,1.12443,0.65541,-1.64900,1.12606,0.59871,-1.65892,1.05137,0.65824,-1.66631,1.25215,0.21109,-1.65001,1.25004,0.46509,-1.85861,1.28598,0.31073,-1.85062,1.28671,0.40731,-1.75679,1.17433,0.15909,-1.76343,0.95756,0.18072,-1.77681,0.76672,0.22353,-1.87445,0.47247,0.23340,-1.91583,0.29475,0.27041,-1.97492,0.24936,0.33266,-1.69366,0.25166,0.31115,-1.79319,0.22311,0.22761,-1.71986,1.14040,0.53591,-1.56678,0.88301,0.51045,-1.52675,0.78218,0.49023,-1.56796,0.60995,0.50767,-1.51133,0.30883,0.47010,-1.53733,0.26220,0.39473,-1.27674,0.28794,0.49011,-1.38145,0.23496,0.54140,0.00000,0.00000,0.00000,0.00000,0.00000,0.00000,0.00000,0.00000,0.00000,0.00000,0.00000,0.00000,0.00000,0.00000,0.00000,0.00000,0.00000,0.00000
1.96000,  197,-1.60112,1.93767,0.24562,-1.53374,2.01904,0.33787,-1.61509,1.93365,0.42631,-1.48673,1.94430,0.30985,-1.70926,1.79801,0.33430,-1.83552,1.46623,0.33924,-1.85248,1.26084,0.35917,-1.58948,1.30404,0.33379,-1.63613,1.51434,0.33519,-1.61050,1.67809,0.32680,-1.78968,1.68158,0.46177,-1.65524,1.73557,0.14361,-1.65777,1.58476,0.06923,-1.64691,1.36388,0.04407,-1.69224,1.34849,0.10146,-1.54185,1.19102,0.04854,-1.49614,1.11567,0.05411,-1.47528,1.13633,0.11817,-1.44304,1.06081,0.07299,-1.65214,1.73038,0.51130,-1.68017,1.59689,0.58919,-1.74987,1.39033,0.62210,-1.77175,1.38574,0.54649,-1.72024,1.28851,0.64515,-1.68979,1.12167,0.65419,-1.63871,1.12340,0.59758,-1.64884,1.04849,0.65691,-1.65502,1.25031,0.21029,-1.63769,1.24799,0.46436,-1.84701,1.28377,0.31041,-1.83883,1.28432,0.40689,-1.74576,1.17277,0.15841,-1.75537,0.95628,0.18014,-1.77211,0.76573,0.22255,-1.87239,0.47242,0.23304,-1.91538,0.29498,0.27046,-1.97487,0.24967,0.33259,-1.69340,0.25121,0.31114,-1.79321,0.22295,0.22746,-1.70824,1.13833,0.53535,-1.55757,0.87910,0.50870,-1.51759,0.77836,0.48881,-1.54981,0.60500,0.50678,-1.47519,0.30772,0.46885,-1.49893,0.26048,0.39337,-1.23954,0.29770,0.48841,-1.34165,0.23989,0.53957,0.00000,0.00000,0.00000,0.00000,0.00000,0.00000,0.00000,0.00000,0.00000,0.00000,0.00000,0.00000,0.00000,0.00000,0.00000,0.00000,0.00000,0.00000
1.97000,  198,-1.58929,1.93552,0.24667,-1.52187,2.01673,0.33869,-1.60326,1.93112,0.42724,-1.47462,1.94249,0.30959,-1.69751,1.79588,0.33491,-1.82407,1.46410,0.33933,-1.84034,1.25839,0.35894,-1.57759,1.30228,0.33240,-1.62466,1.51236,0.33537,-1.59867,1.67600,0.32730,-1.77796,1.67917,0.46205,-1.64355,1.73376,0.14433,-1.64640,1.58317,0.06939,-1.63544,1.36229,0.04376,-1.68109,1.34681,0.10089,-1.52926,1.18997,0.04969,-1.48307,1.11496,0.05580,-1.46271,1.13626,0.11983,-1.42964,1.06078,0.07535,-1.64024,1.72770,0.51169,-1.66857,1.59406,0.58922,-1.73892,1.38767,0.62155,-1.76073,1.38323,0.54588,-1.70971,1.28566,0.64443,-1.67963,1.11877,0.65305,-1.62827,1.12056,0.59632,-1.63877,1.04544,0.65552,-1.64350,1.24856,0.20960,-1.62514,1.24588,0.46332,-1.83527,1.28131,0.31021,-1.82666,1.28173,0.40661,-1.73450,1.17094,0.15778,-1.74710,0.95507,0.17942,-1.76701,0.76479,0.22141,-1.87033,0.47243,0.23263,-1.91484,0.29523,0.27039,-1.97475,0.25001,0.33249,-1.69312,0.25050,0.31106,-1.79320,0.22271,0.22728,-1.69606,1.13600,0.53486,-1.54941,0.87422,0.50843,-1.50846,0.77441,0.48806,-1.53181,0.60045,0.50599,-1.44052,0.30797,0.46737,-1.46211,0.25994,0.39186,-1.20416,0.30889,0.48564,-1.30320,0.24654,0.53685,0.00000,0.00000,0.00000,0.00000,0.00000,0.00000,0.00000,0.00000,0.00000,0.00000,0.00000,0.00000,0.00000,0.00000,0.00000,0.00000,0.00000,0.00000
1.98000,  199,-1.57724,1.93318,0.24768,-1.50978,2.01423,0.34010,-1.59129,1.92837,0.42829,-1.46274,1.94003,0.31055,-1.68553,1.79352,0.33565,-1.81250,1.46179,0.33935,-1.82789,1.25576,0.35884,-1.56554,1.30032,0.33102,-1.61399,1.50983,0.33550,-1.58667,1.67362,0.32803,-1.76615,1.67660,0.46252,-1.63156,1.73157,0.14563,-1.63474,1.58141,0.06969,-1.62391,1.36055,0.04354,-1.66991,1.34495,0.10043,-1.51688,1.18870,0.05073,-1.47009,1.11407,0.05764,-1.45028,1.13588,0.12138,-1.41642,1.06036,0.07756,-1.62822,1.72484,0.51220,-1.65672,1.59108,0.58932,-1.72795,1.38478,0.62095,-1.74961,1.38065,0.54525,-1.69909,1.28266,0.64366,-1.66929,1.11561,0.65166,-1.61780,1.11755,0.59538,-1.62864,1.04226,0.65406,-1.63177,1.24657,0.20892,-1.61234,1.24366,0.46254,-1.82326,1.27865,0.31024,-1.81434,1.27890,0.40647,-1.72306,1.16908,0.15709,-1.73848,0.95372,0.17865,-1.76128,0.76361,0.22066,-1.86803,0.47259,0.23220,-1.91411,0.29544,0.27029,-1.97456,0.25033,0.33234,-1.69287,0.24985,0.31086,-1.79316,0.22253,0.22707,-1.68355,1.13332,0.53427,-1.54146,0.86899,0.50860,-1.49915,0.77050,0.48789,-1.51402,0.59660,0.50554,-1.40765,0.30922,0.46561,-1.42731,0.26020,0.39016,-1.17119,0.32157,0.48196,-1.26684,0.25469,0.53412,0.00000,0.00000,0.00000,0.00000,0.00000,0.00000,0.00000,0.00000,0.00000,0.00000,0.00000,0.00000,0.00000,0.00000,0.00000,0.00000,0.00000,0.00000
1.99000,  200,-1.56511,1.93070,0.24873,-1.49769,2.01145,0.34144,-1.57873,1.92546,0.42925,-1.45050,1.93743,0.31166,-1.67359,1.79105,0.33634,-1.80092,1.45941,0.33944,-1.81529,1.25287,0.35890,-1.55324,1.29850,0.33019,-1.60239,1.50720,0.33528,-1.57453,1.67119,0.32836,-1.75423,1.67383,0.46292,-1.61951,1.72960,0.14568,-1.62292,1.57954,0.06989,-1.61239,1.35864,0.04340,-1.65853,1.34303,0.10007,-1.50452,1.18729,0.05175,-1.45736,1.11285,0.05928,-1.43785,1.13519,0.12314,-1.40329,1.05943,0.08024,-1.61607,1.72107,0.51251,-1.64506,1.58797,0.58948,-1.71688,1.38171,0.62055,-1.73848,1.37786,0.54481,-1.68844,1.27949,0.64309,-1.65886,1.11238,0.65051,-1.60727,1.11443,0.59444,-1.61837,1.03890,0.65266,-1.62009,1.24456,0.20823,-1.59945,1.24124,0.46222,-1.81118,1.27583,0.31034,-1.80186,1.27592,0.40645,-1.71153,1.16696,0.15661,-1.72941,0.95202,0.17800,-1.75501,0.76242,0.22008,-1.86564,0.47271,0.23207,-1.91354,0.29590,0.27025,-1.97440,0.25072,0.33224,-1.69258,0.24929,0.31083,-1.79316,0.22234,0.22693,-1.67074,1.13065,0.53381,-1.53362,0.86353,0.50926,-1.48952,0.76685,0.48804,-1.49630,0.59348,0.50557,-1.37609,0.31112,0.46288,-1.39499,0.26062,0.38819,-1.14098,0.33566,0.47686,-1.23266,0.26404,0.53052,0.00000,0.00000,0.00000,0.00000,0.00000,0.00000,0.00000,0.00000,0.00000,0.00000,0.00000,0.00000,0.00000,0.00000,0.00000,0.00000,0.00000,0.00000
2.00000,  201,-1.55274,1.92812,0.24997,-1.48526,2.00884,0.34266,-1.56652,1.92256,0.43041,-1.43815,1.93468,0.31285,-1.66139,1.78848,0.33719,-1.78895,1.45691,0.33959,-1.80235,1.24960,0.35928,-1.54095,1.29661,0.32915,-1.59076,1.50452,0.33550,-1.56234,1.66856,0.32891,-1.74223,1.67097,0.46339,-1.60757,1.72752,0.14619,-1.61082,1.57747,0.07037,-1.60076,1.35657,0.04334,-1.64714,1.34089,0.09982,-1.49218,1.18556,0.05300,-1.44457,1.11138,0.06105,-1.42575,1.13420,0.12484,-1.39067,1.05837,0.08242,-1.60433,1.71795,0.51329,-1.63351,1.58463,0.58970,-1.70575,1.37854,0.62025,-1.72729,1.37490,0.54441,-1.67774,1.27617,0.64263,-1.64845,1.10891,0.64931,-1.59666,1.11108,0.59339,-1.60803,1.03536,0.65120,-1.60807,1.24240,0.20757,-1.58653,1.23894,0.46097,-1.79897,1.27287,0.31051,-1.78935,1.27291,0.40654,-1.69989,1.16474,0.15618,-1.72010,0.95030,0.17747,-1.74831,0.76093,0.21962,-1.86281,0.47278,0.23197,-1.91296,0.29643,0.27028,-1.97422,0.25115,0.33213,-1.69236,0.24879,0.31073,-1.79313,0.22220,0.22684,-1.65753,1.12761,0.53352,-1.52547,0.85840,0.51060,-1.47935,0.76384,0.48848,-1.47832,0.59087,0.50526,-1.34765,0.31284,0.45998,-1.36466,0.26122,0.38565,-1.11409,0.35056,0.47123,-1.20083,0.27357,0.52595,0.00000,0.00000,0.00000,0.00000,0.00000,0.00000,0.00000,0.00000,0.00000,0.00000,0.00000,0.00000,0.00000,0.00000,0.00000,0.00000,0.00000,0.00000
2.01000,  202,-1.54030,1.92542,0.25114,-1.47279,2.00591,0.34406,-1.55408,1.91958,0.43157,-1.42580,1.93182,0.31396,-1.64909,1.78587,0.33802,-1.77703,1.45430,0.33974,-1.79004,1.24651,0.35956,-1.52834,1.29480,0.32862,-1.57923,1.50167,0.33570,-1.55000,1.66577,0.32948,-1.73012,1.66802,0.46386,-1.59529,1.72512,0.14699,-1.59872,1.57531,0.07076,-1.58916,1.35444,0.04332,-1.63560,1.33865,0.09969,-1.47972,1.18358,0.05427,-1.43203,1.10968,0.06268,-1.41359,1.13285,0.12651,-1.37822,1.05702,0.08457,-1.59243,1.71483,0.51408,-1.61985,1.58039,0.58963,-1.69455,1.37521,0.61979,-1.71613,1.37186,0.54410,-1.66678,1.27272,0.64209,-1.63804,1.10551,0.64871,-1.58603,1.10765,0.59222,-1.59762,1.03175,0.64985,-1.59610,1.24015,0.20702,-1.57364,1.23651,0.46019,-1.78641,1.26997,0.31088,-1.77692,1.26991,0.40681,-1.68837,1.16246,0.15587,-1.71059,0.94829,0.17681,-1.74106,0.75945,0.21938,-1.85983,0.47301,0.23205,-1.91223,0.29696,0.27028,-1.97412,0.25167,0.33202,-1.69212,0.24832,0.31065,-1.79310,0.22206,0.22677,-1.64400,1.12447,0.53334,-1.51570,0.85395,0.51087,-1.46863,0.76097,0.48886,-1.46216,0.58848,0.50599,-1.32177,0.31413,0.45695,-1.33575,0.26187,0.38216,-1.09066,0.36531,0.46535,-1.17150,0.28232,0.52051,0.00000,0.00000,0.00000,0.00000,0.00000,0.00000,0.00000,0.00000,0.00000,0.00000,0.00000,0.00000,0.00000,0.00000,0.00000,0.00000,0.00000,0.00000
2.02000,  203,-1.52772,1.92271,0.25235,-1.46018,2.00307,0.34534,-1.54128,1.91643,0.43289,-1.41308,1.92894,0.31543,-1.63661,1.78316,0.33886,-1.76489,1.45167,0.33985,-1.77764,1.24366,0.35988,-1.51582,1.29279,0.32813,-1.56756,1.49892,0.33561,-1.53756,1.66296,0.33049,-1.71789,1.66500,0.46433,-1.58274,1.72265,0.14766,-1.58626,1.57302,0.07137,-1.57739,1.35215,0.04349,-1.62396,1.33636,0.09964,-1.46758,1.18151,0.05537,-1.41962,1.10775,0.06435,-1.40158,1.13125,0.12821,-1.36559,1.05509,0.08728,-1.58029,1.71158,0.51487,-1.60806,1.57687,0.58998,-1.68310,1.37166,0.61955,-1.70476,1.36868,0.54384,-1.65571,1.26914,0.64127,-1.62758,1.10192,0.64786,-1.57525,1.10412,0.59115,-1.58708,1.02797,0.64846,-1.58382,1.23775,0.20663,-1.56082,1.23402,0.45930,-1.77391,1.26680,0.31111,-1.76440,1.26697,0.40705,-1.67682,1.16017,0.15575,-1.70083,0.94635,0.17625,-1.73353,0.75780,0.21933,-1.85650,0.47319,0.23222,-1.91142,0.29779,0.27037,-1.97395,0.25217,0.33194,-1.69184,0.24791,0.31064,-1.79302,0.22193,0.22669,-1.62971,1.12127,0.53325,-1.50344,0.85169,0.51015,-1.45720,0.75836,0.48935,-1.44799,0.58581,0.50567,-1.29888,0.31440,0.45408,-1.31029,0.26194,0.37853,-1.07120,0.37955,0.45986,-1.14471,0.28953,0.51418,0.00000,0.00000,0.00000,0.00000,0.00000,0.00000,0.00000,0.00000,0.00000,0.00000,0.00000,0.00000,0.00000,0.00000,0.00000,0.00000,0.00000,0.00000
2.03000,  204,-1.51491,1.91997,0.25372,-1.44742,2.00003,0.34700,-1.52842,1.91349,0.43407,-1.40037,1.92608,0.31658,-1.62397,1.78046,0.33980,-1.75266,1.44913,0.33988,-1.76499,1.24084,0.36028,-1.50316,1.29066,0.32797,-1.55586,1.49588,0.33574,-1.52493,1.66008,0.33127,-1.70562,1.66202,0.46481,-1.57016,1.72038,0.14823,-1.57381,1.57066,0.07178,-1.56540,1.34975,0.04373,-1.61218,1.33401,0.09975,-1.45541,1.17926,0.05644,-1.40720,1.10554,0.06597,-1.38986,1.12951,0.12964,-1.35358,1.05305,0.08927,-1.56797,1.70824,0.51568,-1.59609,1.57332,0.59029,-1.67158,1.36824,0.61922,-1.69331,1.36542,0.54361,-1.64464,1.26562,0.64069,-1.61686,1.09824,0.64689,-1.56446,1.10048,0.59073,-1.57658,1.02420,0.64717,-1.57148,1.23528,0.20632,-1.54811,1.23133,0.45901,-1.76160,1.26386,0.31142,-1.75190,1.26441,0.40740,-1.66518,1.15781,0.15595,-1.69113,0.94444,0.17577,-1.72574,0.75626,0.21934,-1.85288,0.47349,0.23249,-1.91058,0.29865,0.27045,-1.97375,0.25258,0.33193,-1.69156,0.24751,0.31063,-1.79297,0.22184,0.22664,-1.61562,1.11826,0.53330,-1.48959,0.85098,0.51018,-1.44465,0.75613,0.48957,-1.43526,0.58292,0.50356,-1.27938,0.31338,0.45160,-1.28850,0.26093,0.37545,-1.05604,0.39202,0.45429,-1.12091,0.29468,0.50718,0.00000,0.00000,0.00000,0.00000,0.00000,0.00000,0.00000,0.00000,0.00000,0.00000,0.00000,0.00000,0.00000,0.00000,0.00000,0.00000,0.00000,0.00000
2.04000,  205,-1.50191,1.91728,0.25519,-1.43454,1.99725,0.34827,-1.51579,1.91045,0.43557,-1.38726,1.92325,0.31825,-1.61114,1.77785,0.34069,-1.74025,1.44663,0.33982,-1.75241,1.23792,0.36075,-1.49048,1.28849,0.32804,-1.54236,1.49336,0.33675,-1.51222,1.65738,0.33184,-1.69310,1.65906,0.46522,-1.55732,1.71786,0.14940,-1.56121,1.56827,0.07238,-1.55297,1.34719,0.04438,-1.60013,1.33155,0.10012,-1.44318,1.17679,0.05764,-1.39497,1.10326,0.06752,-1.37808,1.12732,0.13126,-1.34143,1.05054,0.09171,-1.55560,1.70487,0.51649,-1.58410,1.56977,0.59059,-1.65996,1.36473,0.61898,-1.68167,1.36217,0.54331,-1.63336,1.26196,0.64025,-1.60597,1.09458,0.64601,-1.55358,1.09689,0.58925,-1.56587,1.02040,0.64604,-1.55903,1.23282,0.20607,-1.53541,1.22887,0.45866,-1.74890,1.26083,0.31178,-1.73945,1.26189,0.40769,-1.65336,1.15542,0.15617,-1.68111,0.94250,0.17570,-1.71780,0.75469,0.21945,-1.84910,0.47382,0.23304,-1.90960,0.29983,0.27067,-1.97337,0.25339,0.33199,-1.69130,0.24707,0.31073,-1.79294,0.22182,0.22663,-1.60174,1.11624,0.53348,-1.47489,0.85006,0.51003,-1.43051,0.75473,0.48916,-1.42253,0.58051,0.50048,-1.26305,0.31135,0.44951,-1.27093,0.25857,0.37357,-1.04488,0.40140,0.44846,-1.10070,0.29801,0.50011,0.00000,0.00000,0.00000,0.00000,0.00000,0.00000,0.00000,0.00000,0.00000,0.00000,0.00000,0.00000,0.00000,0.00000,0.00000,0.00000,0.00000,0.00000
2.05000,  206,-1.48884,1.91466,0.25662,-1.42144,1.99451,0.35016,-1.50236,1.90755,0.43694,-1.37431,1.92053,0.31958,-1.59809,1.77528,0.34169,-1.72769,1.44429,0.33971,-1.73982,1.23493,0.36100,-1.47773,1.28601,0.32855,-1.52875,1.49046,0.33705,-1.49930,1.65463,0.33242,-1.68059,1.65623,0.46567,-1.54365,1.71541,0.15022,-1.54856,1.56586,0.07291,-1.54076,1.34476,0.04486,-1.58811,1.32916,0.10047,-1.43110,1.17420,0.05894,-1.38298,1.10070,0.06897,-1.36642,1.12484,0.13283,-1.32974,1.04797,0.09373,-1.54306,1.70161,0.51742,-1.57203,1.56627,0.59109,-1.64833,1.36127,0.61871,-1.66986,1.35888,0.54300,-1.62189,1.25841,0.63983,-1.59507,1.09092,0.64500,-1.54263,1.09322,0.58818,-1.55519,1.01671,0.64484,-1.54617,1.23008,0.20620,-1.52265,1.22678,0.45880,-1.73595,1.25787,0.31194,-1.72704,1.25912,0.40779,-1.64146,1.15290,0.15639,-1.67081,0.94051,0.17601,-1.70946,0.75312,0.21978,-1.84524,0.47441,0.23384,-1.90858,0.30115,0.27099,-1.97293,0.25454,0.33218,-1.69108,0.24672,0.31076,-1.79295,0.22188,0.22664,-1.58791,1.11477,0.53382,-1.45963,0.84923,0.50946,-1.41500,0.75399,0.48817,-1.40881,0.57858,0.49677,-1.24944,0.30902,0.44771,-1.25772,0.25516,0.37326,-1.03590,0.40582,0.44117,-1.08465,0.29929,0.49415,0.00000,0.00000,0.00000,0.00000,0.00000,0.00000,0.00000,0.00000,0.00000,0.00000,0.00000,0.00000,0.00000,0.00000,0.00000,0.00000,0.00000,0.00000
2.06000,  207,-1.47549,1.91209,0.25815,-1.40808,1.99189,0.35203,-1.48931,1.90470,0.43862,-1.36099,1.91789,0.32135,-1.58481,1.77282,0.34270,-1.71502,1.44205,0.33948,-1.72700,1.23208,0.36106,-1.46472,1.28361,0.32900,-1.51545,1.48818,0.33714,-1.48627,1.65192,0.33389,-1.66797,1.65353,0.46618,-1.53046,1.71303,0.15070,-1.53559,1.56354,0.07355,-1.52842,1.34236,0.04557,-1.57586,1.32682,0.10114,-1.41893,1.17160,0.06020,-1.37103,1.09795,0.07057,-1.35489,1.12221,0.13442,-1.31826,1.04508,0.09563,-1.53037,1.69839,0.51850,-1.55983,1.56289,0.59155,-1.63631,1.35782,0.61835,-1.65797,1.35575,0.54268,-1.61046,1.25496,0.63923,-1.58404,1.08734,0.64419,-1.53214,1.08958,0.58805,-1.54436,1.01301,0.64383,-1.53324,1.22735,0.20634,-1.50982,1.22517,0.45913,-1.72303,1.25491,0.31188,-1.71428,1.25681,0.40765,-1.62914,1.15011,0.15690,-1.66028,0.93843,0.17656,-1.70078,0.75145,0.22033,-1.84108,0.47495,0.23470,-1.90739,0.30268,0.27149,-1.97238,0.25620,0.33258,-1.69093,0.24637,0.31076,-1.79308,0.22202,0.22655,-1.57518,1.11405,0.53421,-1.44400,0.84881,0.50886,-1.39881,0.75347,0.48654,-1.39443,0.57781,0.49413,-1.23836,0.30687,0.44620,-1.24817,0.25093,0.37387,-1.02659,0.40393,0.43305,-1.07295,0.29836,0.49029,0.00000,0.00000,0.00000,0.00000,0.00000,0.00000,0.00000,0.00000,0.00000,0.00000,0.00000,0.00000,0.00000,0.00000,0.00000,0.00000,0.00000,0.00000
2.07000,  208,-1.46210,1.90970,0.25976,-1.39484,1.98927,0.35365,-1.47612,1.90211,0.44016,-1.34777,1.91547,0.32281,-1.57163,1.77069,0.34375,-1.70204,1.43990,0.33927,-1.71398,1.22943,0.36089,-1.45171,1.28094,0.32941,-1.50394,1.48541,0.33787,-1.47290,1.64937,0.33453,-1.65470,1.65060,0.46673,-1.51643,1.71111,0.15256,-1.52225,1.56135,0.07444,-1.51594,1.34015,0.04622,-1.56353,1.32470,0.10176,-1.40708,1.16899,0.06134,-1.35941,1.09520,0.07190,-1.34348,1.11938,0.13593,-1.30685,1.04204,0.09765,-1.51751,1.69542,0.51951,-1.54753,1.55955,0.59197,-1.62429,1.35467,0.61807,-1.64571,1.35268,0.54237,-1.59885,1.25159,0.63876,-1.57299,1.08393,0.64340,-1.52099,1.08612,0.58734,-1.53313,1.00977,0.64228,-1.52024,1.22456,0.20630,-1.49688,1.22384,0.45968,-1.70990,1.25207,0.31162,-1.70134,1.25462,0.40723,-1.61676,1.14728,0.15726,-1.64952,0.93628,0.17725,-1.69160,0.74979,0.22102,-1.83649,0.47563,0.23604,-1.90600,0.30445,0.27216,-1.97166,0.25835,0.33321,-1.69072,0.24607,0.31077,-1.79296,0.22195,0.22690,-1.56206,1.11371,0.53456,-1.42822,0.84864,0.50801,-1.38249,0.75329,0.48470,-1.37958,0.57757,0.49218,-1.22964,0.30472,0.44463,-1.24145,0.24652,0.37423,-1.01517,0.39559,0.42557,-1.06481,0.29455,0.48803,0.00000,0.00000,0.00000,0.00000,0.00000,0.00000,0.00000,0.00000,0.00000,0.00000,0.00000,0.00000,0.00000,0.00000,0.00000,0.00000,0.00000,0.00000
2.08000,  209,-1.44842,1.90754,0.26160,-1.38126,1.98708,0.35546,-1.46265,1.89962,0.44194,-1.33400,1.91322,0.32491,-1.55805,1.76854,0.34509,-1.68875,1.43796,0.33897,-1.70047,1.22709,0.36058,-1.43829,1.27841,0.32994,-1.49120,1.48306,0.33861,-1.45944,1.64702,0.33592,-1.64181,1.64818,0.46726,-1.50244,1.70878,0.15325,-1.50860,1.55939,0.07518,-1.50332,1.33812,0.04701,-1.55094,1.32270,0.10264,-1.39532,1.16636,0.06235,-1.34799,1.09250,0.07321,-1.33224,1.11642,0.13739,-1.29598,1.03897,0.09918,-1.50459,1.69262,0.52079,-1.53510,1.55647,0.59257,-1.61193,1.35156,0.61768,-1.63336,1.34984,0.54195,-1.58706,1.24847,0.63820,-1.56181,1.08073,0.64265,-1.50988,1.08279,0.58656,-1.52239,1.00647,0.64156,-1.50701,1.22177,0.20630,-1.48373,1.22291,0.46075,-1.69664,1.24950,0.31117,-1.68802,1.25257,0.40670,-1.60422,1.14446,0.15761,-1.63837,0.93419,0.17821,-1.68150,0.74792,0.22231,-1.83146,0.47628,0.23745,-1.90432,0.30656,0.27288,-1.97055,0.26110,0.33380,-1.69045,0.24579,0.31086,-1.79292,0.22210,0.22706,-1.54926,1.11360,0.53502,-1.41218,0.84861,0.50688,-1.36597,0.75350,0.48262,-1.36454,0.57786,0.49099,-1.22300,0.30242,0.44273,-1.23804,0.24274,0.37388,-1.00337,0.38231,0.42057,-1.05966,0.28801,0.48691,0.00000,0.00000,0.00000,0.00000,0.00000,0.00000,0.00000,0.00000,0.00000,0.00000,0.00000,0.00000,0.00000,0.00000,0.00000,0.00000,0.00000,0.00000
2.09000,  210,-1.43463,1.90549,0.26343,-1.36748,1.98505,0.35770,-1.44886,1.89743,0.44373,-1.32026,1.91117,0.32687,-1.54444,1.76656,0.34637,-1.67514,1.43598,0.33867,-1.68676,1.22503,0.36012,-1.42481,1.27596,0.33077,-1.47699,1.48082,0.33933,-1.44575,1.64485,0.33731,-1.62871,1.64601,0.46789,-1.48821,1.70720,0.15435,-1.49433,1.55772,0.07647,-1.49048,1.33637,0.04796,-1.53830,1.32110,0.10344,-1.38368,1.16380,0.06346,-1.33663,1.08962,0.07455,-1.32123,1.11347,0.13879,-1.28531,1.03584,0.10061,-1.49145,1.68999,0.52215,-1.52246,1.55368,0.59321,-1.59963,1.34866,0.61741,-1.62072,1.34727,0.54141,-1.57523,1.24557,0.63780,-1.54994,1.07789,0.64140,-1.49859,1.07965,0.58587,-1.51151,1.00337,0.64098,-1.49323,1.21893,0.20658,-1.47022,1.22200,0.46143,-1.68264,1.24717,0.31076,-1.67432,1.25048,0.40604,-1.59132,1.14158,0.15824,-1.62686,0.93196,0.17933,-1.67072,0.74592,0.22356,-1.82597,0.47717,0.23898,-1.90242,0.30896,0.27363,-1.96954,0.26459,0.33447,-1.69018,0.24553,0.31094,-1.79314,0.22253,0.22683,-1.53600,1.11316,0.53541,-1.39593,0.84853,0.50545,-1.34907,0.75374,0.48033,-1.34931,0.57827,0.48997,-1.21835,0.29954,0.44044,-1.23545,0.24040,0.37172,-0.99368,0.36725,0.41896,-1.05707,0.27909,0.48652,0.00000,0.00000,0.00000,0.00000,0.00000,0.00000,0.00000,0.00000,0.00000,0.00000,0.00000,0.00000,0.00000,0.00000,0.00000,0.00000,0.00000,0.00000
2.10000,  211,-1.42072,1.90366,0.26537,-1.35364,1.98299,0.35989,-1.43537,1.89539,0.44565,-1.30588,1.90931,0.32909,-1.53055,1.76463,0.34784,-1.66120,1.43418,0.33842,-1.67273,1.22315,0.35979,-1.41097,1.27403,0.33128,-1.46283,1.47870,0.34001,-1.43179,1.64289,0.33914,-1.61530,1.64382,0.46868,-1.47373,1.70565,0.15577,-1.47979,1.55626,0.07779,-1.47745,1.33493,0.04902,-1.52566,1.31978,0.10429,-1.37193,1.16156,0.06453,-1.32553,1.08694,0.07558,-1.31038,1.11049,0.14000,-1.27480,1.03267,0.10199,-1.47815,1.68762,0.52361,-1.50974,1.55108,0.59414,-1.58705,1.34619,0.61696,-1.60774,1.34493,0.54104,-1.56333,1.24296,0.63731,-1.53879,1.07515,0.64093,-1.48719,1.07669,0.58525,-1.50059,1.00053,0.64042,-1.47933,1.21625,0.20674,-1.45637,1.22118,0.46274,-1.66877,1.24498,0.31034,-1.66051,1.24880,0.40534,-1.57848,1.13907,0.15869,-1.61495,0.92986,0.18068,-1.65922,0.74400,0.22429,-1.82005,0.47833,0.24053,-1.90026,0.31194,0.27423,-1.96803,0.26868,0.33520,-1.68992,0.24525,0.31101,-1.79307,0.22281,0.22694,-1.52213,1.11251,0.53574,-1.37946,0.84854,0.50383,-1.33176,0.75391,0.47767,-1.33411,0.57864,0.48917,-1.21433,0.29685,0.43818,-1.23231,0.23990,0.36890,-0.98519,0.35446,0.42031,-1.05460,0.27145,0.48773,0.00000,0.00000,0.00000,0.00000,0.00000,0.00000,0.00000,0.00000,0.00000,0.00000,0.00000,0.00000,0.00000,0.00000,0.00000,0.00000,0.00000,0.00000
2.11000,  212,-1.40674,1.90196,0.26744,-1.33983,1.98140,0.36165,-1.42188,1.89371,0.44778,-1.29189,1.90758,0.33118,-1.51655,1.76297,0.34955,-1.64710,1.43247,0.33834,-1.65841,1.22161,0.35966,-1.39681,1.27250,0.33153,-1.44827,1.47737,0.34127,-1.41740,1.64125,0.34049,-1.60161,1.64175,0.46963,-1.45902,1.70430,0.15731,-1.46498,1.55504,0.07927,-1.46450,1.33378,0.04997,-1.51280,1.31872,0.10538,-1.36039,1.15941,0.06547,-1.31434,1.08432,0.07662,-1.29964,1.10771,0.14136,-1.26452,1.02955,0.10309,-1.46469,1.68554,0.52509,-1.49686,1.54875,0.59502,-1.57446,1.34383,0.61676,-1.59482,1.34287,0.54051,-1.55131,1.24063,0.63691,-1.52755,1.07270,0.64049,-1.47567,1.07412,0.58487,-1.48961,0.99782,0.63982,-1.46540,1.21370,0.20679,-1.44194,1.22057,0.46293,-1.65450,1.24309,0.31017,-1.64629,1.24703,0.40485,-1.56521,1.13656,0.15954,-1.60211,0.92758,0.18225,-1.64690,0.74194,0.22529,-1.81366,0.47973,0.24172,-1.89768,0.31523,0.27470,-1.96633,0.27353,0.33570,-1.68956,0.24483,0.31136,-1.79294,0.22305,0.22715,-1.50747,1.11145,0.53603,-1.36261,0.84852,0.50147,-1.31417,0.75415,0.47486,-1.31943,0.57876,0.48846,-1.21002,0.29405,0.43491,-1.22800,0.23982,0.36569,-0.97912,0.34451,0.42251,-1.05363,0.26649,0.48965,0.00000,0.00000,0.00000,0.00000,0.00000,0.00000,0.00000,0.00000,0.00000,0.00000,0.00000,0.00000,0.00000,0.00000,0.00000,0.00000,0.00000,0.00000
2.12000,  213,-1.39268,1.90068,0.26948,-1.32575,1.98007,0.36366,-1.40751,1.89226,0.44980,-1.27770,1.90633,0.33335,-1.50249,1.76158,0.35123,-1.63284,1.43112,0.33842,-1.64398,1.22048,0.35998,-1.38252,1.27135,0.33183,-1.43426,1.47606,0.34223,-1.40294,1.63992,0.34222,-1.58758,1.63988,0.47067,-1.44435,1.70336,0.15899,-1.45014,1.55406,0.08083,-1.45143,1.33292,0.05121,-1.50001,1.31812,0.10641,-1.34882,1.15748,0.06642,-1.30364,1.08201,0.07720,-1.28904,1.10488,0.14229,-1.25426,1.02646,0.10397,-1.45099,1.68370,0.52686,-1.48390,1.54670,0.59610,-1.56180,1.34175,0.61646,-1.58165,1.34112,0.54008,-1.53920,1.23849,0.63662,-1.51617,1.07046,0.63997,-1.46402,1.07186,0.58468,-1.47858,0.99546,0.63940,-1.45111,1.21136,0.20704,-1.42746,1.21994,0.46364,-1.64027,1.24145,0.31020,-1.63195,1.24527,0.40479,-1.55179,1.13430,0.16040,-1.58865,0.92551,0.18386,-1.63376,0.73999,0.22594,-1.80661,0.48145,0.24259,-1.89469,0.31903,0.27463,-1.96411,0.27938,0.33589,-1.68935,0.24471,0.31124,-1.79270,0.22322,0.22732,-1.49222,1.11005,0.53653,-1.34528,0.84829,0.49762,-1.29677,0.75423,0.47187,-1.30579,0.57841,0.48716,-1.20503,0.29191,0.43131,-1.22316,0.24075,0.36238,-0.97389,0.33439,0.42430,-1.05297,0.26207,0.49111,0.00000,0.00000,0.00000,0.00000,0.00000,0.00000,0.00000,0.00000,0.00000,0.00000,0.00000,0.00000,0.00000,0.00000,0.00000,0.00000,0.00000,0.00000
2.13000,  214,-1.37859,1.89976,0.27162,-1.31164,1.97915,0.36611,-1.39299,1.89105,0.45194,-1.26344,1.90560,0.33554,-1.48801,1.76056,0.35296,-1.61838,1.43016,0.33861,-1.62932,1.21965,0.36058,-1.36773,1.27044,0.33172,-1.41971,1.47476,0.34379,-1.38826,1.63893,0.34374,-1.57333,1.63835,0.47180,-1.42975,1.70229,0.16105,-1.43518,1.55340,0.08251,-1.43828,1.33238,0.05246,-1.48720,1.31785,0.10747,-1.33730,1.15587,0.06713,-1.29285,1.08006,0.07774,-1.27855,1.10223,0.14319,-1.24440,1.02358,0.10464,-1.43707,1.68206,0.52858,-1.47065,1.54495,0.59730,-1.54885,1.34002,0.61625,-1.56821,1.33958,0.53981,-1.52706,1.23669,0.63636,-1.50474,1.06852,0.63955,-1.45221,1.06970,0.58435,-1.46748,0.99336,0.63902,-1.43648,1.20936,0.20749,-1.41266,1.21941,0.46386,-1.62556,1.24021,0.31055,-1.61746,1.24434,0.40508,-1.53799,1.13243,0.16140,-1.57486,0.92390,0.18504,-1.61905,0.73785,0.22717,-1.79897,0.48376,0.24305,-1.89116,0.32353,0.27418,-1.96136,0.28617,0.33574,-1.68920,0.24462,0.31115,-1.79229,0.22335,0.22748,-1.47664,1.10888,0.53719,-1.32834,0.84911,0.49430,-1.28025,0.75483,0.46946,-1.29322,0.57828,0.48526,-1.19891,0.29148,0.42937,-1.21913,0.24257,0.36085,-0.96728,0.32154,0.42479,-1.05046,0.25520,0.49155,0.00000,0.00000,0.00000,0.00000,0.00000,0.00000,0.00000,0.00000,0.00000,0.00000,0.00000,0.00000,0.00000,0.00000,0.00000,0.00000,0.00000,0.00000
2.14000,  215,-1.36422,1.89924,0.27393,-1.29754,1.97873,0.36840,-1.37884,1.89047,0.45417,-1.24913,1.90532,0.33781,-1.47335,1.75996,0.35485,-1.60388,1.42962,0.33898,-1.61456,1.21924,0.36139,-1.35277,1.26994,0.33145,-1.40506,1.47415,0.34541,-1.37348,1.63848,0.34554,-1.55890,1.63725,0.47312,-1.41474,1.70189,0.16277,-1.42030,1.55301,0.08422,-1.42503,1.33210,0.05396,-1.47431,1.31781,0.10878,-1.32596,1.15467,0.06779,-1.28234,1.07829,0.07797,-1.26816,1.09973,0.14369,-1.23462,1.02089,0.10514,-1.42290,1.68078,0.53042,-1.45718,1.54349,0.59860,-1.53564,1.33852,0.61620,-1.55465,1.33844,0.53962,-1.51478,1.23516,0.63622,-1.49325,1.06695,0.63919,-1.44031,1.06799,0.58427,-1.45633,0.99165,0.63872,-1.42169,1.20787,0.20795,-1.39761,1.21909,0.46382,-1.61062,1.23935,0.31128,-1.60300,1.24400,0.40572,-1.52350,1.13091,0.16261,-1.56021,0.92263,0.18602,-1.60385,0.73624,0.22692,-1.79038,0.48664,0.24288,-1.88685,0.32865,0.27330,-1.95780,0.29406,0.33537,-1.68906,0.24459,0.31110,-1.79166,0.22343,0.22771,-1.46025,1.10871,0.53777,-1.31241,0.85066,0.49191,-1.26521,0.75584,0.46810,-1.28079,0.57892,0.48346,-1.19279,0.29155,0.42924,-1.21600,0.24469,0.36059,-0.95876,0.30755,0.42392,-1.04693,0.24770,0.49092,0.00000,0.00000,0.00000,0.00000,0.00000,0.00000,0.00000,0.00000,0.00000,0.00000,0.00000,0.00000,0.00000,0.00000,0.00000,0.00000,0.00000,0.00000
2.15000,  216,-1.34986,1.89917,0.27619,-1.28325,1.97859,0.37094,-1.36418,1.88998,0.45645,-1.23462,1.90542,0.34016,-1.45857,1.75978,0.35673,-1.58917,1.42944,0.33944,-1.59959,1.21911,0.36226,-1.33766,1.26973,0.33141,-1.39014,1.47400,0.34687,-1.35850,1.63819,0.34739,-1.54438,1.63665,0.47445,-1.39926,1.70241,0.16424,-1.40552,1.55294,0.08601,-1.41194,1.33221,0.05540,-1.46138,1.31823,0.11025,-1.31456,1.15367,0.06858,-1.27176,1.07676,0.07832,-1.25791,1.09755,0.14428,-1.22523,1.01847,0.10538,-1.40848,1.67985,0.53230,-1.44338,1.54245,0.59972,-1.52232,1.33760,0.61610,-1.54083,1.33763,0.53959,-1.50225,1.23401,0.63623,-1.48163,1.06569,0.63881,-1.42828,1.06661,0.58431,-1.44511,0.99018,0.63840,-1.40691,1.20706,0.20812,-1.38243,1.21932,0.46378,-1.59587,1.23875,0.31186,-1.58890,1.24414,0.40622,-1.50873,1.12999,0.16359,-1.54462,0.92166,0.18677,-1.58759,0.73487,0.22620,-1.78076,0.49005,0.24217,-1.88158,0.33449,0.27190,-1.95317,0.30326,0.33459,-1.68904,0.24460,0.31100,-1.79109,0.22365,0.22786,-1.44365,1.10963,0.53828,-1.29737,0.85178,0.49038,-1.25076,0.75675,0.46768,-1.26825,0.58035,0.48271,-1.18760,0.29170,0.42983,-1.21358,0.24675,0.36103,-0.95185,0.29669,0.42221,-1.04353,0.24147,0.48921,0.00000,0.00000,0.00000,0.00000,0.00000,0.00000,0.00000,0.00000,0.00000,0.00000,0.00000,0.00000,0.00000,0.00000,0.00000,0.00000,0.00000,0.00000
2.16000,  217,-1.33550,1.89951,0.27854,-1.26903,1.97901,0.37333,-1.34967,1.89003,0.45881,-1.22031,1.90591,0.34295,-1.44371,1.76003,0.35865,-1.57438,1.42969,0.33994,-1.58473,1.21938,0.36310,-1.32249,1.26974,0.33109,-1.37570,1.47435,0.34798,-1.34343,1.63831,0.34914,-1.52985,1.63653,0.47592,-1.38429,1.70281,0.16811,-1.39075,1.55326,0.08780,-1.39881,1.33267,0.05701,-1.44839,1.31908,0.11185,-1.30353,1.15298,0.06908,-1.26156,1.07561,0.07833,-1.24787,1.09564,0.14458,-1.21594,1.01630,0.10540,-1.39410,1.67954,0.53408,-1.42917,1.54177,0.60091,-1.50712,1.33630,0.61662,-1.52682,1.33737,0.53959,-1.48943,1.23333,0.63631,-1.46995,1.06482,0.63847,-1.41609,1.06571,0.58463,-1.43384,0.98918,0.63821,-1.39164,1.20674,0.20883,-1.36718,1.22018,0.46363,-1.58083,1.23883,0.31252,-1.57428,1.24492,0.40707,-1.49333,1.12952,0.16453,-1.52819,0.92099,0.18712,-1.56989,0.73374,0.22504,-1.76969,0.49408,0.24078,-1.87516,0.34108,0.26995,-1.94715,0.31363,0.33339,-1.68902,0.24462,0.31091,-1.79017,0.22405,0.22776,-1.42687,1.11138,0.53866,-1.28281,0.85300,0.49050,-1.23570,0.75822,0.46809,-1.25516,0.58240,0.48346,-1.18349,0.29205,0.43023,-1.21195,0.24818,0.36133,-0.94708,0.28892,0.42072,-1.04126,0.23720,0.48813,0.00000,0.00000,0.00000,0.00000,0.00000,0.00000,0.00000,0.00000,0.00000,0.00000,0.00000,0.00000,0.00000,0.00000,0.00000,0.00000,0.00000,0.00000
2.17000,  218,-1.32095,1.90029,0.28097,-1.25471,1.97993,0.37592,-1.33508,1.89050,0.46121,-1.20538,1.90717,0.34483,-1.42894,1.76071,0.36061,-1.55958,1.43051,0.34051,-1.56997,1.22013,0.36380,-1.31084,1.27044,0.33138,-1.36021,1.47487,0.34944,-1.32852,1.63881,0.35129,-1.51529,1.63699,0.47732,-1.36898,1.70363,0.17012,-1.37599,1.55412,0.08958,-1.38588,1.33370,0.05859,-1.43550,1.32044,0.11354,-1.29270,1.15276,0.06957,-1.25175,1.07478,0.07831,-1.23800,1.09413,0.14472,-1.20714,1.01471,0.10484,-1.37967,1.67971,0.53598,-1.41455,1.54153,0.60211,-1.49319,1.33625,0.61684,-1.51245,1.33751,0.53979,-1.47641,1.23325,0.63664,-1.45807,1.06446,0.63826,-1.40378,1.06518,0.58480,-1.42247,0.98863,0.63801,-1.37654,1.20710,0.20955,-1.35209,1.22172,0.46371,-1.56578,1.23943,0.31306,-1.55950,1.24643,0.40776,-1.47740,1.12936,0.16564,-1.51083,0.92054,0.18719,-1.55075,0.73276,0.22339,-1.75704,0.49843,0.23869,-1.86732,0.34837,0.26761,-1.93945,0.32530,0.33187,-1.68901,0.24468,0.31082,-1.78947,0.22482,0.22713,-1.41031,1.11370,0.53939,-1.26781,0.85540,0.49123,-1.21995,0.76030,0.46837,-1.24220,0.58470,0.48537,-1.18048,0.29259,0.43071,-1.21082,0.24937,0.36162,-0.94376,0.28193,0.42071,-1.03997,0.23344,0.48806,0.00000,0.00000,0.00000,0.00000,0.00000,0.00000,0.00000,0.00000,0.00000,0.00000,0.00000,0.00000,0.00000,0.00000,0.00000,0.00000,0.00000,0.00000
2.18000,  219,-1.30657,1.90156,0.28329,-1.24049,1.98122,0.37803,-1.32057,1.89147,0.46354,-1.19111,1.90853,0.34719,-1.41430,1.76187,0.36247,-1.54481,1.43167,0.34104,-1.55511,1.22126,0.36430,-1.29755,1.27140,0.33218,-1.34503,1.47584,0.35102,-1.31351,1.63987,0.35304,-1.50087,1.63795,0.47876,-1.35375,1.70520,0.17181,-1.36121,1.55539,0.09145,-1.37280,1.33508,0.06040,-1.42245,1.32222,0.11539,-1.28219,1.15294,0.06995,-1.24209,1.07424,0.07806,-1.22839,1.09288,0.14479,-1.19845,1.01338,0.10418,-1.36528,1.68053,0.53775,-1.39983,1.54179,0.60334,-1.47898,1.33673,0.61719,-1.49788,1.33822,0.54010,-1.46307,1.23369,0.63705,-1.44598,1.06458,0.63809,-1.39128,1.06499,0.58487,-1.41096,0.98856,0.63796,-1.36113,1.20778,0.21081,-1.33720,1.22375,0.46419,-1.55074,1.24042,0.31352,-1.54490,1.24824,0.40819,-1.46133,1.12951,0.16646,-1.49224,0.92027,0.18706,-1.52987,0.73179,0.22150,-1.74246,0.50311,0.23624,-1.85748,0.35609,0.26469,-1.92946,0.33828,0.32991,-1.68880,0.24471,0.31076,-1.78774,0.22540,0.22734,-1.39708,1.11647,0.54049,-1.25154,0.85901,0.49194,-1.20420,0.76249,0.46869,-1.22979,0.58688,0.48739,-1.17805,0.29323,0.43110,-1.21005,0.25032,0.36187,-0.94122,0.27588,0.42135,-1.03897,0.23004,0.48835,0.00000,0.00000,0.00000,0.00000,0.00000,0.00000,0.00000,0.00000,0.00000,0.00000,0.00000,0.00000,0.00000,0.00000,0.00000,0.00000,0.00000,0.00000
2.19000,  220,-1.29218,1.90321,0.28555,-1.22617,1.98295,0.38039,-1.30640,1.89297,0.46597,-1.17637,1.91053,0.34953,-1.39975,1.76340,0.36434,-1.53011,1.43323,0.34167,-1.54030,1.22266,0.36466,-1.28239,1.27336,0.33342,-1.33069,1.47798,0.35237,-1.30158,1.64102,0.35463,-1.48647,1.63934,0.48024,-1.33851,1.70678,0.17407,-1.34626,1.55712,0.09348,-1.35986,1.33708,0.06214,-1.40955,1.32462,0.11723,-1.27199,1.15354,0.07021,-1.23296,1.07433,0.07763,-1.21873,1.09212,0.14465,-1.19017,1.01267,0.10317,-1.35096,1.68182,0.53954,-1.38508,1.54265,0.60456,-1.46440,1.33773,0.61767,-1.48307,1.33952,0.54051,-1.44925,1.23464,0.63743,-1.43358,1.06529,0.63822,-1.37862,1.06544,0.58519,-1.39918,0.98887,0.63786,-1.34570,1.20904,0.21253,-1.32253,1.22621,0.46519,-1.53577,1.24173,0.31383,-1.53031,1.25010,0.40857,-1.44483,1.12973,0.16744,-1.47276,0.91988,0.18678,-1.50697,0.73066,0.21921,-1.72569,0.50812,0.23345,-1.84505,0.36420,0.26161,-1.91690,0.35260,0.32729,-1.68833,0.24467,0.31061,-1.78559,0.22674,0.22707,-1.38320,1.11938,0.54156,-1.23452,0.86307,0.49221,-1.18916,0.76428,0.46919,-1.21863,0.58891,0.48888,-1.17598,0.29391,0.43140,-1.20962,0.25091,0.36218,-0.93924,0.27159,0.42093,-1.03810,0.22836,0.48874,0.00000,0.00000,0.00000,0.00000,0.00000,0.00000,0.00000,0.00000,0.00000,0.00000,0.00000,0.00000,0.00000,0.00000,0.00000,0.00000,0.00000,0.00000
2.20000,  221,-1.27781,1.90519,0.28788,-1.21186,1.98481,0.38264,-1.29189,1.89470,0.46814,-1.16207,1.91229,0.35185,-1.38545,1.76519,0.36613,-1.51547,1.43491,0.34225,-1.52585,1.22415,0.36473,-1.26734,1.27545,0.33480,-1.31575,1.47984,0.35423,-1.28923,1.64258,0.35639,-1.47220,1.64104,0.48168,-1.32350,1.70912,0.17592,-1.33140,1.55937,0.09540,-1.34681,1.33946,0.06400,-1.39659,1.32745,0.11921,-1.26187,1.15469,0.07040,-1.22390,1.07475,0.07709,-1.20951,1.09202,0.14453,-1.18192,1.01223,0.10210,-1.33680,1.68353,0.54143,-1.37036,1.54413,0.60595,-1.44964,1.33922,0.61833,-1.46813,1.34123,0.54108,-1.43514,1.23616,0.63803,-1.42082,1.06651,0.63850,-1.36568,1.06628,0.58551,-1.38714,0.98979,0.63798,-1.33057,1.21083,0.21433,-1.30795,1.22887,0.46653,-1.52094,1.24323,0.31399,-1.51559,1.25193,0.40899,-1.42859,1.13000,0.16817,-1.45232,0.91932,0.18640,-1.48232,0.72922,0.21673,-1.70660,0.51289,0.23054,-1.83018,0.37277,0.25842,-1.90189,0.36832,0.32430,-1.68682,0.24435,0.31049,-1.78322,0.22945,0.22598,-1.36948,1.12212,0.54269,-1.21752,0.86675,0.49201,-1.17528,0.76578,0.46974,-1.20888,0.59073,0.48975,-1.17414,0.29453,0.43134,-1.20934,0.25134,0.36231,-0.93781,0.26856,0.42013,-1.03754,0.22756,0.48883,0.00000,0.00000,0.00000,0.00000,0.00000,0.00000,0.00000,0.00000,0.00000,0.00000,0.00000,0.00000,0.00000,0.00000,0.00000,0.00000,0.00000,0.00000
2.21000,  222,-1.26367,1.90725,0.29000,-1.19776,1.98668,0.38469,-1.27723,1.89660,0.47028,-1.14763,1.91436,0.35397,-1.37145,1.76709,0.36793,-1.50101,1.43660,0.34304,-1.51135,1.22556,0.36480,-1.25295,1.27822,0.33661,-1.30084,1.48230,0.35560,-1.27550,1.64516,0.35822,-1.45805,1.64276,0.48314,-1.30858,1.71130,0.17553,-1.31668,1.56196,0.09722,-1.33391,1.34229,0.06573,-1.38387,1.33077,0.12105,-1.25181,1.15629,0.07056,-1.21502,1.07560,0.07661,-1.20035,1.09188,0.14401,-1.17410,1.01244,0.10051,-1.32279,1.68569,0.54319,-1.35555,1.54630,0.60718,-1.43440,1.34118,0.61896,-1.45314,1.34337,0.54187,-1.42071,1.23809,0.63870,-1.40762,1.06825,0.63910,-1.35251,1.06775,0.58616,-1.37471,0.99105,0.63814,-1.31561,1.21272,0.21632,-1.29355,1.23165,0.46813,-1.50664,1.24469,0.31415,-1.50093,1.25362,0.40949,-1.41207,1.13028,0.16914,-1.43108,0.91837,0.18596,-1.45648,0.72746,0.21409,-1.68530,0.51710,0.22755,-1.81344,0.38226,0.25543,-1.88462,0.38548,0.32120,-1.68384,0.24359,0.31043,-1.77932,0.23420,0.22543,-1.35566,1.12447,0.54361,-1.20194,0.86956,0.49241,-1.16269,0.76704,0.47041,-1.20016,0.59206,0.49036,-1.17238,0.29517,0.43116,-1.20913,0.25160,0.36236,-0.93677,0.26563,0.41973,-1.03707,0.22662,0.48899,0.00000,0.00000,0.00000,0.00000,0.00000,0.00000,0.00000,0.00000,0.00000,0.00000,0.00000,0.00000,0.00000,0.00000,0.00000,0.00000,0.00000,0.00000
2.22000,  223,-1.24978,1.90937,0.29204,-1.18343,1.98872,0.38714,-1.26308,1.89867,0.47214,-1.13346,1.91653,0.35612,-1.35767,1.76888,0.36980,-1.48667,1.43823,0.34389,-1.49723,1.22691,0.36479,-1.23796,1.28111,0.33827,-1.28601,1.48438,0.35739,-1.26050,1.64752,0.36018,-1.44396,1.64444,0.48454,-1.29420,1.71388,0.17743,-1.30194,1.56466,0.09929,-1.32118,1.34528,0.06732,-1.37119,1.33420,0.12298,-1.24160,1.15815,0.07072,-1.20664,1.07712,0.07520,-1.18908,1.09189,0.14347,-1.16621,1.01278,0.09886,-1.30894,1.68790,0.54500,-1.34122,1.54859,0.60876,-1.41959,1.34322,0.61995,-1.43849,1.34574,0.54274,-1.40610,1.24024,0.63949,-1.39400,1.07029,0.64007,-1.33906,1.06944,0.58669,-1.36180,0.99264,0.63846,-1.30105,1.21477,0.21820,-1.27925,1.23437,0.46977,-1.49237,1.24613,0.31424,-1.48635,1.25516,0.40996,-1.39594,1.13041,0.16976,-1.40937,0.91711,0.18545,-1.42971,0.72558,0.21141,-1.66277,0.52114,0.22506,-1.79517,0.39309,0.25301,-1.86496,0.40393,0.31841,-1.67840,0.24234,0.30945,-1.77432,0.24199,0.22427,-1.34156,1.12660,0.54455,-1.18955,0.87076,0.49375,-1.15155,0.76738,0.47078,-1.19219,0.59291,0.49078,-1.17065,0.29567,0.43091,-1.20897,0.25175,0.36231,-0.93595,0.26313,0.41940,-1.03688,0.22601,0.48917,0.00000,0.00000,0.00000,0.00000,0.00000,0.00000,0.00000,0.00000,0.00000,0.00000,0.00000,0.00000,0.00000,0.00000,0.00000,0.00000,0.00000,0.00000
2.23000,  224,-1.23605,1.91141,0.29401,-1.16959,1.99057,0.38886,-1.24922,1.90053,0.47408,-1.11988,1.91811,0.35798,-1.34406,1.77066,0.37150,-1.47267,1.43998,0.34486,-1.48339,1.22812,0.36489,-1.22403,1.28433,0.34026,-1.27185,1.48696,0.35891,-1.24610,1.64970,0.36189,-1.42991,1.64599,0.48600,-1.28016,1.71647,0.17922,-1.28765,1.56749,0.10112,-1.30857,1.34829,0.06883,-1.35870,1.33776,0.12458,-1.23143,1.16023,0.07055,-1.19760,1.07856,0.07418,-1.17984,1.09212,0.14273,-1.15830,1.01333,0.09722,-1.29515,1.69014,0.54660,-1.32710,1.55100,0.61045,-1.40490,1.34540,0.62126,-1.42399,1.34814,0.54383,-1.39143,1.24245,0.64034,-1.37992,1.07247,0.64127,-1.32519,1.07114,0.58712,-1.34834,0.99422,0.63885,-1.28644,1.21665,0.22017,-1.26518,1.23693,0.47133,-1.47847,1.24751,0.31444,-1.47200,1.25658,0.41024,-1.37962,1.13028,0.17099,-1.38724,0.91584,0.18503,-1.40244,0.72406,0.20907,-1.63952,0.52613,0.22301,-1.77566,0.40477,0.25072,-1.84326,0.42302,0.31556,-1.67315,0.24053,0.30964,-1.76776,0.25166,0.22332,-1.32721,1.12842,0.54539,-1.18011,0.87015,0.49511,-1.14179,0.76698,0.47151,-1.18464,0.59339,0.49121,-1.16909,0.29610,0.43054,-1.20879,0.25183,0.36222,-0.93549,0.26134,0.41883,-1.03668,0.22561,0.48936,0.00000,0.00000,0.00000,0.00000,0.00000,0.00000,0.00000,0.00000,0.00000,0.00000,0.00000,0.00000,0.00000,0.00000,0.00000,0.00000,0.00000,0.00000
2.24000,  225,-1.22260,1.91343,0.29574,-1.15604,1.99229,0.39066,-1.23604,1.90264,0.47602,-1.10621,1.91988,0.35970,-1.33064,1.77240,0.37315,-1.45878,1.44184,0.34583,-1.46984,1.22937,0.36522,-1.21008,1.28673,0.34160,-1.25696,1.48895,0.36102,-1.23276,1.65198,0.36337,-1.41586,1.64751,0.48739,-1.26652,1.71874,0.18112,-1.27368,1.57012,0.10282,-1.29621,1.35122,0.07016,-1.34635,1.34117,0.12607,-1.22113,1.16245,0.07028,-1.18832,1.08028,0.07310,-1.17027,1.09276,0.14183,-1.15014,1.01405,0.09569,-1.28095,1.69245,0.54809,-1.31318,1.55339,0.61208,-1.39041,1.34746,0.62253,-1.40970,1.35052,0.54525,-1.37687,1.24462,0.64152,-1.36545,1.07469,0.64267,-1.31105,1.07327,0.58812,-1.33433,0.99598,0.63948,-1.27243,1.21850,0.22194,-1.25124,1.23920,0.47249,-1.46474,1.24896,0.31474,-1.45792,1.25807,0.41067,-1.36372,1.13043,0.17178,-1.36449,0.91512,0.18468,-1.37466,0.72335,0.20696,-1.61548,0.53262,0.22114,-1.75471,0.41668,0.24885,-1.81911,0.44140,0.31322,-1.66578,0.23793,0.30813,-1.75877,0.26312,0.22229,-1.31280,1.13024,0.54627,-1.17196,0.86878,0.49623,-1.13305,0.76592,0.47222,-1.17742,0.59323,0.49132,-1.16787,0.29652,0.43010,-1.20863,0.25198,0.36211,-0.93449,0.25887,0.41831,-1.03646,0.22524,0.48949,0.00000,0.00000,0.00000,0.00000,0.00000,0.00000,0.00000,0.00000,0.00000,0.00000,0.00000,0.00000,0.00000,0.00000,0.00000,0.00000,0.00000,0.00000
2.25000,  226,-1.20929,1.91559,0.29735,-1.14265,1.99458,0.39227,-1.22266,1.90457,0.47748,-1.09146,1.92162,0.36226,-1.31730,1.77437,0.37462,-1.44509,1.44375,0.34688,-1.45647,1.23084,0.36583,-1.19677,1.28915,0.34237,-1.24282,1.49153,0.36259,-1.21865,1.65382,0.36501,-1.40190,1.64908,0.48894,-1.25331,1.72136,0.18238,-1.26006,1.57263,0.10447,-1.28399,1.35399,0.07135,-1.33408,1.34432,0.12737,-1.21084,1.16458,0.06991,-1.17882,1.08201,0.07193,-1.16016,1.09340,0.14083,-1.14186,1.01479,0.09407,-1.26710,1.69444,0.54945,-1.29934,1.55559,0.61364,-1.37607,1.34942,0.62406,-1.39569,1.35272,0.54682,-1.36235,1.24663,0.64287,-1.35066,1.07674,0.64426,-1.29663,1.07517,0.58904,-1.31989,0.99774,0.64029,-1.25882,1.22040,0.22334,-1.23751,1.24115,0.47335,-1.45116,1.25054,0.31534,-1.44409,1.25987,0.41146,-1.34824,1.13120,0.17233,-1.34177,0.91542,0.18419,-1.34657,0.72330,0.20526,-1.59020,0.53937,0.21948,-1.73211,0.42809,0.24736,-1.79177,0.45851,0.31185,-1.65810,0.23526,0.30706,-1.74796,0.27495,0.22127,-1.29847,1.13210,0.54714,-1.16446,0.86665,0.49690,-1.12502,0.76452,0.47291,-1.17061,0.59288,0.49146,-1.16672,0.29685,0.42966,-1.20846,0.25213,0.36202,-0.93339,0.25654,0.41814,-1.03634,0.22494,0.48968,0.00000,0.00000,0.00000,0.00000,0.00000,0.00000,0.00000,0.00000,0.00000,0.00000,0.00000,0.00000,0.00000,0.00000,0.00000,0.00000,0.00000,0.00000
2.26000,  227,-1.19606,1.91784,0.29885,-1.12976,1.99690,0.39375,-1.20938,1.90664,0.47891,-1.07912,1.92458,0.36287,-1.30396,1.77651,0.37605,-1.43165,1.44583,0.34795,-1.44323,1.23267,0.36653,-1.18365,1.29111,0.34286,-1.22932,1.49352,0.36413,-1.20471,1.65633,0.36591,-1.38808,1.65086,0.49035,-1.24048,1.72384,0.18354,-1.24719,1.57509,0.10563,-1.27198,1.35659,0.07236,-1.32193,1.34718,0.12845,-1.20032,1.16672,0.06935,-1.16918,1.08382,0.07070,-1.15046,1.09458,0.13972,-1.13332,1.01566,0.09255,-1.25323,1.69640,0.55068,-1.28544,1.55767,0.61505,-1.36181,1.35125,0.62566,-1.38183,1.35464,0.54850,-1.34799,1.24854,0.64451,-1.33569,1.07870,0.64593,-1.28200,1.07719,0.59015,-1.30497,0.99952,0.64126,-1.24558,1.22237,0.22434,-1.22390,1.24276,0.47404,-1.43783,1.25248,0.31622,-1.43055,1.26200,0.41240,-1.33294,1.13276,0.17274,-1.31977,0.91719,0.18283,-1.31851,0.72444,0.20370,-1.56407,0.54601,0.21764,-1.70848,0.43899,0.24583,-1.76285,0.47368,0.31116,-1.64993,0.23165,0.30498,-1.73567,0.28628,0.22093,-1.28429,1.13400,0.54800,-1.15731,0.86439,0.49703,-1.11752,0.76299,0.47346,-1.16443,0.59258,0.49132,-1.16604,0.29717,0.42930,-1.20834,0.25224,0.36193,-0.93296,0.25542,0.41783,-1.03624,0.22480,0.48969,0.00000,0.00000,0.00000,0.00000,0.00000,0.00000,0.00000,0.00000,0.00000,0.00000,0.00000,0.00000,0.00000,0.00000,0.00000,0.00000,0.00000,0.00000
2.27000,  228,-1.18300,1.92031,0.30015,-1.11669,1.99931,0.39507,-1.19672,1.90886,0.48029,-1.06533,1.92708,0.36412,-1.29062,1.77881,0.37732,-1.41833,1.44805,0.34918,-1.43001,1.23474,0.36753,-1.17036,1.29270,0.34280,-1.21640,1.49550,0.36497,-1.19108,1.65860,0.36684,-1.37443,1.65281,0.49180,-1.22796,1.72610,0.18450,-1.23480,1.57738,0.10662,-1.26016,1.35909,0.07319,-1.30991,1.34971,0.12925,-1.18997,1.16882,0.06869,-1.15935,1.08569,0.06943,-1.14082,1.09572,0.13857,-1.12463,1.01673,0.09090,-1.23937,1.69831,0.55173,-1.27141,1.55955,0.61639,-1.34753,1.35299,0.62720,-1.36779,1.35629,0.55054,-1.33366,1.25034,0.64636,-1.32057,1.08053,0.64743,-1.26714,1.07916,0.59134,-1.28980,1.00142,0.64252,-1.23249,1.22463,0.22511,-1.21032,1.24404,0.47443,-1.42464,1.25468,0.31722,-1.41718,1.26454,0.41336,-1.31774,1.13490,0.17331,-1.29871,0.91984,0.18121,-1.29051,0.72663,0.20238,-1.53672,0.55179,0.21562,-1.68368,0.44893,0.24459,-1.73275,0.48652,0.31141,-1.64160,0.22769,0.30165,-1.72155,0.29729,0.22117,-1.27029,1.13581,0.54872,-1.14995,0.86337,0.49736,-1.11039,0.76221,0.47391,-1.15936,0.59268,0.49076,-1.16549,0.29750,0.42886,-1.20826,0.25236,0.36186,-0.93258,0.25455,0.41766,-1.03619,0.22470,0.48977,0.00000,0.00000,0.00000,0.00000,0.00000,0.00000,0.00000,0.00000,0.00000,0.00000,0.00000,0.00000,0.00000,0.00000,0.00000,0.00000,0.00000,0.00000
2.28000,  229,-1.16997,1.92291,0.30133,-1.10388,2.00182,0.39652,-1.18279,1.91149,0.48139,-1.05235,1.92957,0.36554,-1.27734,1.78121,0.37857,-1.40512,1.45038,0.35044,-1.41691,1.23724,0.36851,-1.15797,1.29464,0.34285,-1.20375,1.49773,0.36573,-1.17730,1.66075,0.36769,-1.36094,1.65492,0.49315,-1.21542,1.72857,0.18553,-1.22304,1.57972,0.10727,-1.24840,1.36158,0.07404,-1.29797,1.35207,0.12996,-1.17958,1.17096,0.06804,-1.14956,1.08764,0.06809,-1.13117,1.09695,0.13732,-1.11594,1.01801,0.08921,-1.22559,1.70028,0.55266,-1.25726,1.56136,0.61736,-1.33322,1.35478,0.62897,-1.35412,1.35787,0.55227,-1.31913,1.25199,0.64793,-1.30542,1.08236,0.64903,-1.25212,1.08101,0.59249,-1.27440,1.00343,0.64395,-1.21993,1.22720,0.22544,-1.19683,1.24515,0.47488,-1.41163,1.25705,0.31830,-1.40392,1.26725,0.41465,-1.30294,1.13758,0.17403,-1.27823,0.92287,0.18015,-1.26293,0.72962,0.20078,-1.50846,0.55687,0.21365,-1.65863,0.45815,0.24389,-1.70188,0.49628,0.31359,-1.63143,0.22416,0.29439,-1.70480,0.30758,0.22143,-1.26152,1.13767,0.54935,-1.14166,0.86376,0.49853,-1.10348,0.76204,0.47397,-1.15538,0.59310,0.49003,-1.16512,0.29783,0.42865,-1.20818,0.25247,0.36182,-0.93236,0.25401,0.41758,-1.03617,0.22462,0.48981,0.00000,0.00000,0.00000,0.00000,0.00000,0.00000,0.00000,0.00000,0.00000,0.00000,0.00000,0.00000,0.00000,0.00000,0.00000,0.00000,0.00000,0.00000
2.29000,  230,-1.15713,1.92557,0.30232,-1.09102,2.00446,0.39763,-1.16992,1.91383,0.48231,-1.04152,1.93191,0.36597,-1.26416,1.78370,0.37961,-1.39322,1.45298,0.35151,-1.40404,1.23983,0.36963,-1.14447,1.29614,0.34286,-1.18999,1.50006,0.36623,-1.16434,1.66333,0.36809,-1.34751,1.65723,0.49457,-1.20301,1.73113,0.18619,-1.21171,1.58213,0.10789,-1.23686,1.36406,0.07460,-1.28627,1.35444,0.13049,-1.16927,1.17319,0.06732,-1.13980,1.08974,0.06680,-1.12098,1.09842,0.13609,-1.10698,1.01954,0.08751,-1.21191,1.70235,0.55351,-1.24306,1.56321,0.61820,-1.31876,1.35660,0.63050,-1.34016,1.35951,0.55416,-1.30453,1.25383,0.64966,-1.29020,1.08424,0.65043,-1.23692,1.08318,0.59396,-1.25882,1.00553,0.64549,-1.20758,1.23013,0.22537,-1.18348,1.24632,0.47557,-1.39869,1.25963,0.31934,-1.39086,1.27007,0.41557,-1.28860,1.14050,0.17451,-1.25672,0.92514,0.18192,-1.23576,0.73318,0.19925,-1.48040,0.56172,0.21173,-1.63307,0.46695,0.24393,-1.67188,0.50456,0.31611,-1.61123,0.23002,0.29016,-1.68426,0.31845,0.22011,-1.25109,1.13988,0.55024,-1.13336,0.86493,0.49838,-1.09695,0.76216,0.47408,-1.15249,0.59374,0.48932,-1.16478,0.29812,0.42846,-1.20814,0.25258,0.36181,-0.93214,0.25353,0.41758,-1.03616,0.22451,0.48989,0.00000,0.00000,0.00000,0.00000,0.00000,0.00000,0.00000,0.00000,0.00000,0.00000,0.00000,0.00000,0.00000,0.00000,0.00000,0.00000,0.00000,0.00000
2.30000,  231,-1.14424,1.92834,0.30317,-1.07831,2.00714,0.39878,-1.15715,1.91630,0.48320,-1.02846,1.93502,0.36712,-1.25123,1.78627,0.38062,-1.38020,1.45555,0.35287,-1.39121,1.24268,0.37062,-1.13199,1.29749,0.34232,-1.17676,1.50240,0.36662,-1.15240,1.66571,0.36838,-1.33425,1.65966,0.49575,-1.19089,1.73385,0.18675,-1.20056,1.58482,0.10829,-1.22535,1.36665,0.07534,-1.27465,1.35686,0.13102,-1.15902,1.17565,0.06670,-1.13002,1.09207,0.06555,-1.11101,1.10022,0.13501,-1.09793,1.02137,0.08583,-1.19836,1.70461,0.55421,-1.22890,1.56522,0.61888,-1.30429,1.35866,0.63212,-1.32604,1.36127,0.55600,-1.28975,1.25584,0.65119,-1.27491,1.08634,0.65196,-1.22153,1.08543,0.59549,-1.24308,1.00798,0.64742,-1.19232,1.23273,0.22671,-1.17040,1.24750,0.47604,-1.38603,1.26238,0.32029,-1.37796,1.27295,0.41656,-1.27498,1.14357,0.17484,-1.23674,0.92824,0.18192,-1.20891,0.73739,0.19755,-1.45285,0.56735,0.21038,-1.60656,0.47500,0.24485,-1.64446,0.51080,0.31891,-1.58368,0.23859,0.28292,-1.65820,0.32773,0.21737,-1.24002,1.14210,0.55105,-1.12504,0.86585,0.49873,-1.09094,0.76199,0.47418,-1.15024,0.59447,0.48854,-1.16453,0.29839,0.42838,-1.20811,0.25269,0.36180,-0.93205,0.25326,0.41757,-1.03618,0.22445,0.49000,0.00000,0.00000,0.00000,0.00000,0.00000,0.00000,0.00000,0.00000,0.00000,0.00000,0.00000,0.00000,0.00000,0.00000,0.00000,0.00000,0.00000,0.00000
2.31000,  232,-1.13158,1.93113,0.30387,-1.06560,2.00986,0.39956,-1.14436,1.91886,0.48388,-1.01719,1.93637,0.36775,-1.23836,1.78893,0.38144,-1.36723,1.45821,0.35416,-1.37848,1.24545,0.37162,-1.11985,1.29912,0.34239,-1.16420,1.50478,0.36651,-1.14035,1.66844,0.36864,-1.32115,1.66231,0.49691,-1.17876,1.73652,0.18749,-1.18953,1.58762,0.10866,-1.21419,1.36952,0.07568,-1.26319,1.35967,0.13152,-1.14879,1.17837,0.06599,-1.12038,1.09452,0.06429,-1.10133,1.10219,0.13366,-1.08874,1.02359,0.08407,-1.18489,1.70703,0.55473,-1.21492,1.56743,0.61950,-1.28971,1.36088,0.63361,-1.31179,1.36329,0.55742,-1.27474,1.25811,0.65272,-1.25950,1.08866,0.65353,-1.20601,1.08794,0.59733,-1.22721,1.01064,0.64940,-1.18106,1.23578,0.22616,-1.15757,1.24892,0.47664,-1.37337,1.26527,0.32116,-1.36530,1.27566,0.41758,-1.26154,1.14670,0.17517,-1.21757,0.93202,0.18117,-1.18251,0.74236,0.19595,-1.42571,0.57388,0.20950,-1.57997,0.48176,0.24546,-1.61927,0.51492,0.32089,-1.55146,0.24547,0.27686,-1.62746,0.33469,0.21376,-1.22904,1.14421,0.55182,-1.11732,0.86634,0.49913,-1.08587,0.76171,0.47460,-1.14823,0.59498,0.48793,-1.16431,0.29863,0.42831,-1.20807,0.25282,0.36183,-0.93202,0.25312,0.41755,-1.03619,0.22428,0.49005,0.00000,0.00000,0.00000,0.00000,0.00000,0.00000,0.00000,0.00000,0.00000,0.00000,0.00000,0.00000,0.00000,0.00000,0.00000,0.00000,0.00000,0.00000
2.32000,  233,-1.11893,1.93394,0.30452,-1.05286,2.01262,0.40004,-1.13164,1.92140,0.48424,-1.00449,1.94026,0.36782,-1.22564,1.79169,0.38215,-1.35436,1.46094,0.35537,-1.36598,1.24843,0.37233,-1.10581,1.30118,0.34270,-1.15249,1.50740,0.36652,-1.12799,1.67144,0.36883,-1.30805,1.66509,0.49793,-1.16675,1.73955,0.18796,-1.17873,1.59058,0.10880,-1.20305,1.37253,0.07608,-1.25204,1.36269,0.13191,-1.13865,1.18124,0.06533,-1.11078,1.09735,0.06299,-1.09146,1.10455,0.13228,-1.07935,1.02615,0.08220,-1.17153,1.70966,0.55526,-1.20110,1.56997,0.62012,-1.27509,1.36330,0.63489,-1.29741,1.36546,0.55885,-1.25958,1.26063,0.65415,-1.24396,1.09118,0.65513,-1.19028,1.09055,0.59896,-1.21125,1.01346,0.65154,-1.16798,1.23861,0.22649,-1.14511,1.25091,0.47762,-1.36086,1.26827,0.32191,-1.35269,1.27843,0.41831,-1.24835,1.14985,0.17559,-1.19805,0.93601,0.18085,-1.15615,0.74773,0.19496,-1.39864,0.58085,0.20946,-1.55205,0.48715,0.24594,-1.59461,0.51717,0.32193,-1.51580,0.25244,0.27166,-1.59373,0.34016,0.20942,-1.21902,1.14633,0.55267,-1.11057,0.86667,0.49951,-1.08152,0.76127,0.47526,-1.14632,0.59525,0.48766,-1.16416,0.29886,0.42835,-1.20804,0.25294,0.36187,-0.93198,0.25303,0.41758,-1.03620,0.22413,0.49016,0.00000,0.00000,0.00000,0.00000,0.00000,0.00000,0.00000,0.00000,0.00000,0.00000,0.00000,0.00000,0.00000,0.00000,0.00000,0.00000,0.00000,0.00000
2.33000,  234,-1.10635,1.93678,0.30492,-1.04020,2.01541,0.40036,-1.11887,1.92415,0.48467,-0.99177,1.94316,0.36794,-1.21292,1.79449,0.38285,-1.34166,1.46372,0.35645,-1.35360,1.25137,0.37277,-1.09314,1.30325,0.34253,-1.14087,1.50988,0.36632,-1.11520,1.67409,0.36911,-1.29510,1.66795,0.49884,-1.15467,1.74230,0.18864,-1.16764,1.59370,0.10906,-1.19230,1.37575,0.07622,-1.24095,1.36592,0.13234,-1.12866,1.18435,0.06447,-1.10123,1.10034,0.06162,-1.08151,1.10723,0.13105,-1.06998,1.02895,0.08034,-1.15828,1.71247,0.55574,-1.18753,1.57279,0.62075,-1.26053,1.36595,0.63622,-1.28298,1.36781,0.56011,-1.24435,1.26334,0.65543,-1.22827,1.09402,0.65683,-1.17442,1.09356,0.60095,-1.19507,1.01653,0.65377,-1.15567,1.24156,0.22672,-1.13272,1.25312,0.47848,-1.34845,1.27127,0.32254,-1.34018,1.28115,0.41902,-1.23529,1.15314,0.17606,-1.17844,0.94022,0.18076,-1.13033,0.75368,0.19419,-1.37120,0.58744,0.20996,-1.52295,0.49154,0.24616,-1.56928,0.51817,0.32244,-1.47810,0.25893,0.26626,-1.55773,0.34466,0.20504,-1.20829,1.14840,0.55309,-1.10481,0.86684,0.49981,-1.07795,0.76076,0.47596,-1.14437,0.59529,0.48784,-1.16403,0.29904,0.42839,-1.20804,0.25306,0.36192,-0.93197,0.25298,0.41760,-1.03623,0.22402,0.49028,0.00000,0.00000,0.00000,0.00000,0.00000,0.00000,0.00000,0.00000,0.00000,0.00000,0.00000,0.00000,0.00000,0.00000,0.00000,0.00000,0.00000,0.00000
2.34000,  235,-1.09382,1.93953,0.30525,-1.02748,2.01816,0.40063,-1.10609,1.92692,0.48502,-0.97936,1.94511,0.36940,-1.20000,1.79709,0.38355,-1.32903,1.46643,0.35748,-1.34135,1.25426,0.37306,-1.08159,1.30600,0.34261,-1.12835,1.51275,0.36623,-1.10262,1.67670,0.36942,-1.28192,1.67092,0.49981,-1.14257,1.74535,0.18885,-1.15643,1.59680,0.10935,-1.18181,1.37908,0.07619,-1.22999,1.36937,0.13270,-1.11865,1.18757,0.06375,-1.09153,1.10331,0.06039,-1.07174,1.10995,0.12964,-1.06035,1.03198,0.07845,-1.14511,1.71540,0.55613,-1.17409,1.57581,0.62135,-1.24598,1.36873,0.63732,-1.26875,1.37040,0.56111,-1.22909,1.26634,0.65677,-1.21245,1.09706,0.65858,-1.15840,1.09669,0.60298,-1.17881,1.01975,0.65600,-1.14346,1.24462,0.22710,-1.12049,1.25554,0.47940,-1.33614,1.27424,0.32295,-1.32770,1.28379,0.41957,-1.22219,1.15632,0.17645,-1.15892,0.94472,0.18052,-1.10496,0.75986,0.19378,-1.34300,0.59307,0.21076,-1.49319,0.49450,0.24645,-1.54294,0.51765,0.32231,-1.44007,0.26421,0.26255,-1.52061,0.34811,0.20076,-1.19692,1.15043,0.55333,-1.09954,0.86708,0.50005,-1.07476,0.76039,0.47651,-1.14241,0.59529,0.48847,-1.16391,0.29930,0.42853,-1.20802,0.25315,0.36197,-0.93197,0.25290,0.41761,-1.03625,0.22381,0.49035,0.00000,0.00000,0.00000,0.00000,0.00000,0.00000,0.00000,0.00000,0.00000,0.00000,0.00000,0.00000,0.00000,0.00000,0.00000,0.00000,0.00000,0.00000
2.35000,  236,-1.08131,1.94226,0.30546,-1.01481,2.02088,0.40081,-1.09333,1.92972,0.48529,-0.96661,1.94748,0.36877,-1.18745,1.79984,0.38407,-1.31614,1.46912,0.35862,-1.32917,1.25704,0.37324,-1.06990,1.30895,0.34296,-1.11598,1.51589,0.36637,-1.09049,1.67974,0.36974,-1.26901,1.67382,0.50065,-1.13055,1.74836,0.18940,-1.14521,1.59999,0.10951,-1.17141,1.38234,0.07623,-1.21923,1.37277,0.13297,-1.10882,1.19083,0.06273,-1.08198,1.10646,0.05914,-1.06175,1.11283,0.12819,-1.05066,1.03509,0.07660,-1.13206,1.71843,0.55648,-1.16076,1.57901,0.62210,-1.23148,1.37158,0.63842,-1.25456,1.37296,0.56228,-1.21376,1.26945,0.65803,-1.19649,1.10028,0.66033,-1.14229,1.09998,0.60490,-1.16240,1.02329,0.65843,-1.13118,1.24776,0.22782,-1.10834,1.25808,0.48022,-1.32393,1.27714,0.32322,-1.31529,1.28630,0.41994,-1.20907,1.15960,0.17662,-1.13942,0.94932,0.18062,-1.08008,0.76646,0.19379,-1.31455,0.59737,0.21144,-1.46299,0.49598,0.24652,-1.51519,0.51555,0.32176,-1.40092,0.26814,0.25912,-1.48284,0.35042,0.19694,-1.18460,1.15242,0.55320,-1.09453,0.86737,0.50035,-1.07173,0.76015,0.47683,-1.14014,0.59531,0.48935,-1.16378,0.29949,0.42862,-1.20801,0.25325,0.36199,-0.93198,0.25280,0.41758,-1.03628,0.22374,0.49044,0.00000,0.00000,0.00000,0.00000,0.00000,0.00000,0.00000,0.00000,0.00000,0.00000,0.00000,0.00000,0.00000,0.00000,0.00000,0.00000,0.00000,0.00000
2.36000,  237,-1.06891,1.94493,0.30552,-1.00209,2.02353,0.40071,-1.08059,1.93249,0.48536,-0.95417,1.95039,0.36908,-1.17492,1.80252,0.38440,-1.30361,1.47176,0.35946,-1.31703,1.25970,0.37337,-1.05898,1.31215,0.34339,-1.10277,1.51873,0.36641,-1.07744,1.68261,0.36978,-1.25615,1.67665,0.50129,-1.11855,1.75112,0.18966,-1.13376,1.60304,0.10974,-1.16124,1.38564,0.07611,-1.20852,1.37614,0.13329,-1.09890,1.19396,0.06191,-1.07243,1.10962,0.05773,-1.05165,1.11579,0.12681,-1.04083,1.03835,0.07469,-1.11907,1.72147,0.55673,-1.14743,1.58226,0.62278,-1.21713,1.37451,0.63959,-1.24032,1.37556,0.56339,-1.19842,1.27243,0.65898,-1.18041,1.10357,0.66193,-1.12605,1.10335,0.60679,-1.14586,1.02681,0.66058,-1.11865,1.25112,0.22869,-1.09631,1.26077,0.48110,-1.31178,1.28001,0.32352,-1.30289,1.28879,0.42033,-1.19587,1.16269,0.17700,-1.12051,0.95408,0.18037,-1.05544,0.77331,0.19418,-1.28589,0.60055,0.21195,-1.43251,0.49610,0.24642,-1.48726,0.51191,0.32147,-1.36109,0.27122,0.25581,-1.44483,0.35146,0.19336,-1.17248,1.15465,0.55319,-1.08949,0.86769,0.50028,-1.06860,0.75999,0.47677,-1.13775,0.59533,0.49028,-1.16359,0.29975,0.42863,-1.20800,0.25336,0.36201,-0.93199,0.25268,0.41755,-1.03628,0.22366,0.49049,0.00000,0.00000,0.00000,0.00000,0.00000,0.00000,0.00000,0.00000,0.00000,0.00000,0.00000,0.00000,0.00000,0.00000,0.00000,0.00000,0.00000,0.00000
2.37000,  238,-1.05649,1.94746,0.30553,-0.98937,2.02607,0.40050,-1.06784,1.93520,0.48536,-0.94160,1.95282,0.36906,-1.16246,1.80507,0.38473,-1.29108,1.47429,0.36029,-1.30485,1.26233,0.37353,-1.04641,1.31550,0.34441,-1.08984,1.52151,0.36668,-1.06513,1.68501,0.36995,-1.24334,1.67937,0.50198,-1.10655,1.75402,0.18992,-1.12229,1.60602,0.10979,-1.15107,1.38876,0.07588,-1.19788,1.37940,0.13342,-1.08907,1.19706,0.06091,-1.06273,1.11274,0.05647,-1.04131,1.11876,0.12533,-1.03073,1.04142,0.07290,-1.10617,1.72449,0.55699,-1.13414,1.58542,0.62340,-1.20282,1.37742,0.64065,-1.22638,1.37831,0.56443,-1.18330,1.27556,0.66016,-1.16427,1.10690,0.66351,-1.10977,1.10678,0.60850,-1.12914,1.03034,0.66258,-1.10626,1.25451,0.22962,-1.08415,1.26332,0.48159,-1.29958,1.28278,0.32380,-1.29054,1.29120,0.42066,-1.18269,1.16582,0.17724,-1.10192,0.95897,0.18045,-1.03112,0.78046,0.19478,-1.25719,0.60279,0.21218,-1.40166,0.49476,0.24607,-1.45801,0.50684,0.32113,-1.32054,0.27351,0.25207,-1.40693,0.35106,0.19040,-1.16069,1.15682,0.55338,-1.08428,0.86817,0.50029,-1.06557,0.75994,0.47648,-1.13551,0.59542,0.49087,-1.16334,0.30004,0.42853,-1.20800,0.25334,0.36192,-0.93195,0.25254,0.41749,-1.03628,0.22368,0.49054,0.00000,0.00000,0.00000,0.00000,0.00000,0.00000,0.00000,0.00000,0.00000,0.00000,0.00000,0.00000,0.00000,0.00000,0.00000,0.00000,0.00000,0.00000
2.38000,  239,-1.04395,1.94989,0.30553,-0.97670,2.02846,0.40022,-1.05516,1.93778,0.48530,-0.92909,1.95516,0.36855,-1.15000,1.80749,0.38490,-1.27855,1.47665,0.36099,-1.29264,1.26490,0.37375,-1.03340,1.31889,0.34555,-1.07743,1.52456,0.36726,-1.05298,1.68791,0.37013,-1.23057,1.68193,0.50256,-1.09450,1.75648,0.19026,-1.11102,1.60883,0.10979,-1.14107,1.39171,0.07555,-1.18731,1.38246,0.13346,-1.07927,1.20003,0.05983,-1.05297,1.11562,0.05515,-1.03099,1.12172,0.12377,-1.02063,1.04447,0.07120,-1.09338,1.72741,0.55715,-1.12082,1.58851,0.62389,-1.18865,1.38024,0.64179,-1.21226,1.38090,0.56562,-1.16837,1.27855,0.66130,-1.14803,1.11012,0.66489,-1.09339,1.11018,0.61006,-1.11236,1.03395,0.66460,-1.09407,1.25789,0.23026,-1.07210,1.26574,0.48203,-1.28738,1.28543,0.32417,-1.27814,1.29362,0.42107,-1.16970,1.16886,0.17719,-1.08370,0.96377,0.18091,-1.00712,0.78770,0.19579,-1.22836,0.60422,0.21239,-1.37039,0.49202,0.24558,-1.42765,0.50046,0.32097,-1.27934,0.27495,0.24831,-1.36911,0.34944,0.18782,-1.14866,1.15864,0.55353,-1.07912,0.86860,0.49995,-1.06286,0.75995,0.47616,-1.13368,0.59568,0.49112,-1.16308,0.30037,0.42833,-1.20795,0.25341,0.36188,-0.93187,0.25237,0.41740,-1.03630,0.22377,0.49055,0.00000,0.00000,0.00000,0.00000,0.00000,0.00000,0.00000,0.00000,0.00000,0.00000,0.00000,0.00000,0.00000,0.00000,0.00000,0.00000,0.00000,0.00000
2.39000,  240,-1.03153,1.95199,0.30540,-0.96407,2.03068,0.39997,-1.04251,1.94017,0.48516,-0.91662,1.95724,0.36816,-1.13755,1.80968,0.38498,-1.26604,1.47876,0.36170,-1.28034,1.26729,0.37395,-1.02137,1.32221,0.34689,-1.06442,1.52681,0.36775,-1.04006,1.69033,0.37006,-1.21782,1.68430,0.50306,-1.08250,1.75886,0.19037,-1.09973,1.61145,0.10959,-1.13094,1.39448,0.07515,-1.17662,1.38528,0.13347,-1.06945,1.20272,0.05884,-1.04313,1.11830,0.05388,-1.02054,1.12451,0.12232,-1.01043,1.04727,0.06955,-1.08059,1.73017,0.55719,-1.10753,1.59144,0.62438,-1.17458,1.38291,0.64285,-1.19842,1.38334,0.56672,-1.15377,1.28149,0.66281,-1.13180,1.11324,0.66622,-1.07696,1.11349,0.61149,-1.09540,1.03739,0.66632,-1.08155,1.26107,0.23104,-1.05986,1.26800,0.48244,-1.27517,1.28796,0.32458,-1.26574,1.29582,0.42148,-1.15652,1.17194,0.17736,-1.06584,0.96835,0.18129,-0.98361,0.79488,0.19697,-1.19954,0.60485,0.21249,-1.33867,0.48799,0.24509,-1.39638,0.49281,0.32081,-1.23749,0.27568,0.24474,-1.33096,0.34647,0.18562,-1.13783,1.16027,0.55397,-1.07400,0.86899,0.49955,-1.06036,0.75983,0.47587,-1.13252,0.59615,0.49089,-1.16283,0.30078,0.42810,-1.20792,0.25348,0.36180,-0.93178,0.25217,0.41732,-1.03627,0.22386,0.49048,0.00000,0.00000,0.00000,0.00000,0.00000,0.00000,0.00000,0.00000,0.00000,0.00000,0.00000,0.00000,0.00000,0.00000,0.00000,0.00000,0.00000,0.00000
2.40000,  241,-1.01911,1.95385,0.30509,-0.95144,2.03261,0.39948,-1.02988,1.94228,0.48487,-0.90409,1.95926,0.36776,-1.12508,1.81159,0.38506,-1.25350,1.48063,0.36239,-1.26805,1.26951,0.37422,-1.00977,1.32508,0.34802,-1.05226,1.52918,0.36837,-1.02715,1.69252,0.37026,-1.20511,1.68638,0.50351,-1.07026,1.76086,0.19063,-1.08861,1.61379,0.10937,-1.12100,1.39701,0.07453,-1.16596,1.38780,0.13338,-1.05945,1.20510,0.05768,-1.03310,1.12077,0.05263,-1.00999,1.12700,0.12061,-1.00018,1.04976,0.06779,-1.06787,1.73272,0.55720,-1.09427,1.59419,0.62486,-1.16068,1.38538,0.64399,-1.18458,1.38559,0.56779,-1.13896,1.28399,0.66368,-1.11545,1.11618,0.66740,-1.06045,1.11678,0.61286,-1.07834,1.04067,0.66787,-1.06899,1.26415,0.23180,-1.04832,1.26955,0.48319,-1.26293,1.29023,0.32492,-1.25334,1.29782,0.42185,-1.14341,1.17480,0.17733,-1.04813,0.97274,0.18182,-0.96082,0.80194,0.19821,-1.17068,0.60473,0.21252,-1.30637,0.48273,0.24453,-1.36440,0.48402,0.32051,-1.19504,0.27574,0.24138,-1.29213,0.34253,0.18365,-1.12685,1.16146,0.55401,-1.06886,0.86917,0.49926,-1.05804,0.75981,0.47586,-1.13183,0.59660,0.49039,-1.16256,0.30120,0.42782,-1.20785,0.25361,0.36180,-0.93165,0.25195,0.41721,-1.03623,0.22400,0.49040,0.00000,0.00000,0.00000,0.00000,0.00000,0.00000,0.00000,0.00000,0.00000,0.00000,0.00000,0.00000,0.00000,0.00000,0.00000,0.00000,0.00000,0.00000
2.41000,  242,-1.00675,1.95553,0.30475,-0.93885,2.03430,0.39901,-1.01732,1.94415,0.48452,-0.89149,1.96077,0.36768,-1.11263,1.81326,0.38502,-1.24091,1.48221,0.36303,-1.25573,1.27146,0.37443,-0.99813,1.32727,0.34881,-1.03985,1.53102,0.36864,-1.01483,1.69489,0.37041,-1.19240,1.68822,0.50386,-1.05835,1.76261,0.19054,-1.07733,1.61586,0.10928,-1.11079,1.39916,0.07398,-1.15514,1.39000,0.13308,-1.04948,1.20714,0.05647,-1.02303,1.12285,0.05129,-0.99879,1.12924,0.11913,-0.98981,1.05190,0.06622,-1.05517,1.73500,0.55715,-1.08103,1.59670,0.62523,-1.14687,1.38763,0.64513,-1.17077,1.38762,0.56893,-1.12456,1.28645,0.66518,-1.09906,1.11884,0.66854,-1.04398,1.11996,0.61412,-1.06120,1.04377,0.66928,-1.05648,1.26675,0.23236,-1.03642,1.27093,0.48334,-1.25065,1.29219,0.32527,-1.24098,1.29957,0.42218,-1.13007,1.17726,0.17764,-1.03070,0.97706,0.18241,-0.93887,0.80882,0.19929,-1.14191,0.60385,0.21236,-1.27348,0.47649,0.24396,-1.33176,0.47417,0.31993,-1.15185,0.27581,0.23927,-1.25238,0.33778,0.18181,-1.11581,1.16231,0.55398,-1.06400,0.86927,0.49917,-1.05582,0.75969,0.47604,-1.13133,0.59708,0.49003,-1.16203,0.30140,0.42734,-1.20780,0.25390,0.36189,-0.93156,0.25177,0.41715,-1.03620,0.22412,0.49035,0.00000,0.00000,0.00000,0.00000,0.00000,0.00000,0.00000,0.00000,0.00000,0.00000,0.00000,0.00000,0.00000,0.00000,0.00000,0.00000,0.00000,0.00000
2.42000,  243,-0.99428,1.95689,0.30436,-0.92627,2.03568,0.39836,-1.00479,1.94569,0.48410,-0.87907,1.96216,0.36703,-1.10012,1.81461,0.38496,-1.22835,1.48347,0.36365,-1.24340,1.27308,0.37454,-0.98410,1.32931,0.35050,-1.02790,1.53265,0.36919,-1.00232,1.69641,0.37005,-1.17968,1.68976,0.50416,-1.04631,1.76394,0.19059,-1.06623,1.61757,0.10880,-1.10052,1.40101,0.07323,-1.14437,1.39189,0.13273,-1.03933,1.20893,0.05522,-1.01277,1.12459,0.04997,-0.98782,1.13127,0.11738,-0.97922,1.05381,0.06463,-1.04247,1.73695,0.55709,-1.06789,1.59894,0.62567,-1.13316,1.38957,0.64622,-1.15701,1.38938,0.57010,-1.10984,1.28841,0.66603,-1.08264,1.12120,0.66963,-1.02750,1.12299,0.61530,-1.04396,1.04656,0.67039,-1.04374,1.26899,0.23301,-1.02374,1.27177,0.48354,-1.23834,1.29381,0.32551,-1.22860,1.30104,0.42252,-1.11686,1.17969,0.17758,-1.01336,0.98112,0.18299,-0.91757,0.81539,0.20061,-1.11293,0.60215,0.21260,-1.23994,0.46932,0.24330,-1.29855,0.46337,0.31895,-1.10692,0.27551,0.23851,-1.21125,0.33244,0.18034,-1.10479,1.16312,0.55369,-1.05925,0.86908,0.50010,-1.05346,0.75948,0.47645,-1.13052,0.59743,0.49010,-1.16178,0.30173,0.42709,-1.20778,0.25399,0.36181,-0.93144,0.25157,0.41710,-1.03618,0.22419,0.49029,0.00000,0.00000,0.00000,0.00000,0.00000,0.00000,0.00000,0.00000,0.00000,0.00000,0.00000,0.00000,0.00000,0.00000,0.00000,0.00000,0.00000,0.00000
2.43000,  244,-0.98161,1.95796,0.30339,-0.91373,2.03671,0.39779,-0.99231,1.94693,0.48361,-0.86659,1.96311,0.36626,-1.08764,1.81564,0.38486,-1.21577,1.48444,0.36426,-1.23107,1.27436,0.37460,-0.97207,1.33092,0.35104,-1.01627,1.53391,0.36932,-0.99019,1.69758,0.36997,-1.16696,1.69102,0.50446,-1.03420,1.76497,0.19053,-1.05503,1.61894,0.10851,-1.08996,1.40242,0.07262,-1.13355,1.39337,0.13218,-1.02901,1.21035,0.05400,-1.00244,1.12604,0.04854,-0.97706,1.13292,0.11538,-0.96857,1.05515,0.06311,-1.02976,1.73855,0.55695,-1.05487,1.60088,0.62611,-1.11954,1.39127,0.64748,-1.14347,1.39080,0.57124,-1.09544,1.29029,0.66749,-1.06622,1.12327,0.67074,-1.01099,1.12571,0.61647,-1.02670,1.04902,0.67138,-1.03159,1.27114,0.23314,-1.00988,1.27230,0.48425,-1.22602,1.29517,0.32572,-1.21630,1.30219,0.42277,-1.10353,1.18169,0.17753,-0.99620,0.98486,0.18340,-0.89700,0.82124,0.20210,-1.08424,0.59978,0.21273,-1.20574,0.46144,0.24269,-1.26477,0.45162,0.31765,-1.06240,0.27477,0.23790,-1.16896,0.32667,0.17903,-1.09359,1.16357,0.55365,-1.05399,0.86908,0.50058,-1.05096,0.75928,0.47718,-1.12926,0.59772,0.49072,-1.16165,0.30200,0.42698,-1.20769,0.25412,0.36180,-0.93135,0.25139,0.41705,-1.03616,0.22422,0.49030,0.00000,0.00000,0.00000,0.00000,0.00000,0.00000,0.00000,0.00000,0.00000,0.00000,0.00000,0.00000,0.00000,0.00000,0.00000,0.00000,0.00000,0.00000
2.44000,  245,-0.96914,1.95848,0.30292,-0.90119,2.03746,0.39716,-0.97982,1.94783,0.48307,-0.85398,1.96376,0.36596,-1.07512,1.81636,0.38474,-1.20316,1.48507,0.36480,-1.21877,1.27530,0.37454,-0.96080,1.33143,0.35161,-1.00290,1.53480,0.36968,-0.97767,1.69826,0.36988,-1.15426,1.69196,0.50473,-1.02214,1.76552,0.19039,-1.04391,1.61987,0.10801,-1.07942,1.40350,0.07175,-1.12264,1.39434,0.13159,-1.01832,1.21132,0.05294,-0.99184,1.12697,0.04723,-0.96628,1.13422,0.11327,-0.95780,1.05614,0.06171,-1.01701,1.73976,0.55687,-1.04192,1.60236,0.62653,-1.10597,1.39253,0.64870,-1.13007,1.39185,0.57245,-1.08073,1.29166,0.66849,-1.04986,1.12498,0.67177,-0.99453,1.12815,0.61757,-1.00943,1.05114,0.67223,-1.01882,1.27262,0.23370,-0.99579,1.27232,0.48489,-1.21368,1.29609,0.32576,-1.20400,1.30301,0.42286,-1.09020,1.18323,0.17738,-0.97937,0.98827,0.18379,-0.87718,0.82658,0.20357,-1.05559,0.59662,0.21309,-1.17089,0.45264,0.24193,-1.23027,0.43889,0.31616,-1.01805,0.27429,0.23716,-1.12572,0.32069,0.17802,-1.08251,1.16376,0.55364,-1.04873,0.86902,0.50114,-1.04811,0.75894,0.47802,-1.12751,0.59792,0.49149,-1.16131,0.30251,0.42700,-1.20768,0.25429,0.36178,-0.93126,0.25127,0.41707,-1.03617,0.22418,0.49032,0.00000,0.00000,0.00000,0.00000,0.00000,0.00000,0.00000,0.00000,0.00000,0.00000,0.00000,0.00000,0.00000,0.00000,0.00000,0.00000,0.00000,0.00000
2.45000,  246,-0.95644,1.95873,0.30234,-0.88857,2.03785,0.39629,-0.96736,1.94847,0.48264,-0.84144,1.96416,0.36530,-1.06251,1.81673,0.38458,-1.19059,1.48541,0.36528,-1.20647,1.27591,0.37440,-0.94793,1.33121,0.35224,-0.99004,1.53534,0.36999,-0.96517,1.69891,0.36981,-1.14153,1.69256,0.50495,-1.00984,1.76566,0.19052,-1.03252,1.62028,0.10776,-1.06878,1.40414,0.07094,-1.11160,1.39498,0.13086,-1.00758,1.21194,0.05174,-0.98116,1.12762,0.04590,-0.95515,1.13505,0.11148,-0.94689,1.05677,0.06034,-1.00426,1.74060,0.55676,-1.02906,1.60354,0.62701,-1.09243,1.39342,0.64994,-1.11910,1.39277,0.57316,-1.06620,1.29276,0.66978,-1.03364,1.12640,0.67296,-0.97804,1.13022,0.61852,-0.99216,1.05292,0.67293,-1.00651,1.27362,0.23387,-0.98613,1.27143,0.48498,-1.20127,1.29673,0.32575,-1.19178,1.30351,0.42274,-1.07689,1.18445,0.17734,-0.96379,0.99181,0.18363,-0.85836,0.83116,0.20495,-1.02702,0.59271,0.21351,-1.13530,0.44298,0.24118,-1.19496,0.42539,0.31457,-0.97249,0.27428,0.23745,-1.08167,0.31452,0.17710,-1.07129,1.16379,0.55375,-1.04309,0.86881,0.50180,-1.04494,0.75851,0.47882,-1.12545,0.59821,0.49231,-1.16124,0.30289,0.42717,-1.20760,0.25446,0.36177,-0.93116,0.25111,0.41708,-1.03616,0.22405,0.49038,0.00000,0.00000,0.00000,0.00000,0.00000,0.00000,0.00000,0.00000,0.00000,0.00000,0.00000,0.00000,0.00000,0.00000,0.00000,0.00000,0.00000,0.00000
2.46000,  247,-0.94392,1.95854,0.30157,-0.87599,2.03792,0.39559,-0.95477,1.94869,0.48192,-0.82881,1.96413,0.36459,-1.04987,1.81678,0.38444,-1.17803,1.48546,0.36564,-1.19417,1.27619,0.37415,-0.93508,1.33074,0.35247,-0.97705,1.53508,0.37005,-0.95345,1.69901,0.36951,-1.12877,1.69281,0.50508,-0.99752,1.76564,0.19048,-1.02104,1.62031,0.10739,-1.05780,1.40434,0.07018,-1.10062,1.39508,0.13019,-0.99691,1.21219,0.05050,-0.97034,1.12775,0.04475,-0.94354,1.13549,0.10992,-0.93596,1.05703,0.05877,-0.99155,1.74098,0.55667,-1.01627,1.60428,0.62752,-1.07895,1.39396,0.65119,-1.10584,1.39302,0.57450,-1.05155,1.29346,0.67093,-1.01692,1.12713,0.67336,-0.96165,1.13210,0.61969,-0.97490,1.05431,0.67356,-0.99389,1.27398,0.23416,-0.97673,1.27009,0.48480,-1.18890,1.29698,0.32560,-1.17955,1.30370,0.42260,-1.06390,1.18512,0.17680,-0.94853,0.99455,0.18362,-0.84016,0.83504,0.20635,-0.99851,0.58815,0.21391,-1.09872,0.43258,0.24089,-1.15883,0.41117,0.31295,-0.92616,0.27488,0.23814,-1.03693,0.30836,0.17645,-1.06006,1.16365,0.55385,-1.03726,0.86853,0.50264,-1.04146,0.75809,0.47972,-1.12326,0.59854,0.49316,-1.16097,0.30332,0.42734,-1.20755,0.25465,0.36174,-0.93103,0.25101,0.41711,-1.03618,0.22396,0.49049,0.00000,0.00000,0.00000,0.00000,0.00000,0.00000,0.00000,0.00000,0.00000,0.00000,0.00000,0.00000,0.00000,0.00000,0.00000,0.00000,0.00000,0.00000
2.47000,  248,-0.93112,1.95805,0.30105,-0.86348,2.03777,0.39509,-0.94217,1.94864,0.48133,-0.81620,1.96409,0.36413,-1.03712,1.81653,0.38421,-1.16543,1.48521,0.36584,-1.18188,1.27617,0.37383,-0.92250,1.32987,0.35280,-0.96438,1.53490,0.37033,-0.93999,1.69835,0.36959,-1.11604,1.69273,0.50518,-0.98516,1.76500,0.19028,-1.00938,1.61993,0.10708,-1.04681,1.40418,0.06940,-1.08931,1.39479,0.12940,-0.98595,1.21205,0.04938,-0.95951,1.12756,0.04350,-0.93185,1.13549,0.10858,-0.92476,1.05680,0.05765,-0.97876,1.74098,0.55645,-1.00352,1.60455,0.62789,-1.06549,1.39404,0.65246,-1.09261,1.39281,0.57585,-1.03697,1.29377,0.67208,-1.00057,1.12775,0.67427,-0.94524,1.13355,0.62055,-0.95768,1.05543,0.67422,-0.98125,1.27392,0.23441,-0.96510,1.26921,0.48530,-1.17651,1.29689,0.32533,-1.16737,1.30357,0.42234,-1.05028,1.18531,0.17721,-0.93212,0.99615,0.18390,-0.82234,0.83807,0.20842,-0.97001,0.58280,0.21436,-1.06178,0.42199,0.24030,-1.12150,0.39653,0.31153,-0.87967,0.27581,0.23896,-0.99175,0.30228,0.17613,-1.04893,1.16340,0.55403,-1.03129,0.86820,0.50333,-1.03777,0.75776,0.48072,-1.12096,0.59882,0.49386,-1.16065,0.30376,0.42743,-1.20749,0.25496,0.36178,-0.93093,0.25081,0.41716,-1.03618,0.22383,0.49056,0.00000,0.00000,0.00000,0.00000,0.00000,0.00000,0.00000,0.00000,0.00000,0.00000,0.00000,0.00000,0.00000,0.00000,0.00000,0.00000,0.00000,0.00000
2.48000,  249,-0.91832,1.95726,0.30046,-0.85081,2.03717,0.39450,-0.92956,1.94825,0.48079,-0.80363,1.96344,0.36351,-1.02431,1.81597,0.38395,-1.15286,1.48472,0.36590,-1.16959,1.27575,0.37334,-0.90995,1.32836,0.35239,-0.95218,1.53408,0.37025,-0.92732,1.69811,0.36945,-1.10336,1.69239,0.50517,-0.97252,1.76402,0.18991,-0.99762,1.61914,0.10673,-1.03553,1.40361,0.06865,-1.07806,1.39422,0.12868,-0.97479,1.21140,0.04840,-0.94846,1.12692,0.04239,-0.92020,1.13503,0.10735,-0.91346,1.05621,0.05638,-0.96599,1.74057,0.55625,-0.99078,1.60439,0.62819,-1.05205,1.39372,0.65363,-1.07942,1.39216,0.57713,-1.02233,1.29360,0.67291,-0.98420,1.12802,0.67501,-0.92881,1.13460,0.62134,-0.94045,1.05614,0.67470,-0.96844,1.27318,0.23463,-0.95243,1.26817,0.48553,-1.16408,1.29644,0.32501,-1.15513,1.30311,0.42203,-1.03694,1.18505,0.17720,-0.91545,0.99738,0.18449,-0.80562,0.84039,0.20998,-0.94137,0.57691,0.21489,-1.02484,0.41138,0.23941,-1.08303,0.38162,0.31032,-0.83311,0.27696,0.23982,-0.94615,0.29642,0.17593,-1.03790,1.16299,0.55422,-1.02523,0.86780,0.50394,-1.03397,0.75726,0.48165,-1.11866,0.59922,0.49453,-1.16030,0.30420,0.42747,-1.20737,0.25528,0.36176,-0.93080,0.25057,0.41708,-1.03617,0.22373,0.49061,0.00000,0.00000,0.00000,0.00000,0.00000,0.00000,0.00000,0.00000,0.00000,0.00000,0.00000,0.00000,0.00000,0.00000,0.00000,0.00000,0.00000,0.00000
2.49000,  250,-0.90562,1.95610,0.29971,-0.83802,2.03624,0.39363,-0.91688,1.94754,0.48017,-0.79093,1.96256,0.36249,-1.01149,1.81515,0.38364,-1.14027,1.48396,0.36585,-1.15724,1.27502,0.37284,-0.89835,1.32650,0.35236,-0.93988,1.53272,0.36986,-0.91474,1.69711,0.36932,-1.09067,1.69170,0.50501,-0.95993,1.76289,0.18947,-0.98548,1.61801,0.10643,-1.02424,1.40269,0.06784,-1.06646,1.39329,0.12798,-0.96352,1.21036,0.04746,-0.93735,1.12595,0.04134,-0.90847,1.13412,0.10620,-0.90220,1.05538,0.05511,-0.95328,1.73982,0.55607,-0.97805,1.60381,0.62849,-1.03862,1.39305,0.65470,-1.06619,1.39109,0.57823,-1.00775,1.29308,0.67378,-0.96784,1.12798,0.67576,-0.91256,1.13538,0.62215,-0.92328,1.05662,0.67526,-0.95651,1.27238,0.23407,-0.94071,1.26683,0.48569,-1.15162,1.29569,0.32458,-1.14290,1.30234,0.42164,-1.02371,1.18446,0.17717,-0.89923,0.99815,0.18533,-0.78925,0.84207,0.21233,-0.91268,0.57025,0.21546,-0.98647,0.40023,0.23917,-1.04334,0.36665,0.30966,-0.78671,0.27860,0.24060,-0.90022,0.29075,0.17594,-1.02691,1.16246,0.55434,-1.01926,0.86719,0.50452,-1.03015,0.75675,0.48242,-1.11638,0.59945,0.49495,-1.15983,0.30467,0.42733,-1.20720,0.25554,0.36167,-0.93065,0.25042,0.41708,-1.03615,0.22368,0.49064,0.00000,0.00000,0.00000,0.00000,0.00000,0.00000,0.00000,0.00000,0.00000,0.00000,0.00000,0.00000,0.00000,0.00000,0.00000,0.00000,0.00000,0.00000
2.50000,  251,-0.89260,1.95466,0.29921,-0.82516,2.03506,0.39289,-0.90408,1.94650,0.47959,-0.77795,1.96121,0.36202,-0.99862,1.81404,0.38323,-1.12767,1.48287,0.36561,-1.14486,1.27395,0.37237,-0.88548,1.32464,0.35218,-0.92752,1.53145,0.36992,-0.90230,1.69578,0.36913,-1.07801,1.69072,0.50473,-0.94714,1.76129,0.18923,-0.97323,1.61653,0.10609,-1.01265,1.40142,0.06720,-1.05480,1.39197,0.12737,-0.95221,1.20901,0.04665,-0.92618,1.12450,0.04048,-0.89667,1.13282,0.10506,-0.89065,1.05406,0.05398,-0.94060,1.73872,0.55583,-0.96533,1.60292,0.62867,-1.02520,1.39200,0.65566,-1.05297,1.38972,0.57935,-0.99330,1.29221,0.67464,-0.95148,1.12761,0.67637,-0.89628,1.13572,0.62271,-0.90610,1.05683,0.67573,-0.94374,1.27073,0.23409,-0.92868,1.26523,0.48575,-1.13911,1.29464,0.32420,-1.13059,1.30129,0.42122,-1.01042,1.18340,0.17732,-0.88401,0.99848,0.18585,-0.77418,0.84315,0.21421,-0.88400,0.56317,0.21607,-0.94592,0.38893,0.23949,-1.00259,0.35192,0.30930,-0.74073,0.28056,0.24100,-0.85443,0.28558,0.17597,-1.01603,1.16177,0.55448,-1.01326,0.86647,0.50500,-1.02617,0.75597,0.48294,-1.11403,0.59958,0.49524,-1.15937,0.30512,0.42704,-1.20704,0.25584,0.36157,-0.93051,0.25019,0.41705,-1.03617,0.22370,0.49067,0.00000,0.00000,0.00000,0.00000,0.00000,0.00000,0.00000,0.00000,0.00000,0.00000,0.00000,0.00000,0.00000,0.00000,0.00000,0.00000,0.00000,0.00000
2.51000,  252,-0.87961,1.95295,0.29856,-0.81223,2.03351,0.39209,-0.89115,1.94513,0.47885,-0.76497,1.95965,0.36166,-0.98571,1.81264,0.38276,-1.11504,1.48155,0.36533,-1.13243,1.27254,0.37187,-0.87253,1.32270,0.35227,-0.91509,1.52968,0.36984,-0.88980,1.69406,0.36867,-1.06538,1.68947,0.50439,-0.93405,1.75956,0.18914,-0.96081,1.61465,0.10564,-1.00082,1.39976,0.06666,-1.04302,1.39034,0.12678,-0.94069,1.20724,0.04598,-0.91491,1.12276,0.03966,-0.88517,1.13110,0.10417,-0.87921,1.05250,0.05288,-0.92791,1.73732,0.55549,-0.95252,1.60164,0.62876,-1.01180,1.39060,0.65645,-1.03969,1.38795,0.58022,-0.97895,1.29108,0.67544,-0.93516,1.12702,0.67697,-0.88016,1.13592,0.62335,-0.88893,1.05674,0.67615,-0.93029,1.26873,0.23417,-0.91694,1.26380,0.48591,-1.12656,1.29323,0.32378,-1.11824,1.29991,0.42077,-0.99771,1.18210,0.17672,-0.86882,0.99812,0.18666,-0.75982,0.84315,0.21637,-0.85516,0.55567,0.21643,-0.90827,0.37840,0.23901,-0.96060,0.33794,0.30965,-0.69507,0.28276,0.24109,-0.80894,0.28049,0.17620,-1.00506,1.16079,0.55451,-1.00718,0.86580,0.50492,-1.02209,0.75533,0.48351,-1.11163,0.59983,0.49547,-1.15885,0.30549,0.42679,-1.20683,0.25613,0.36146,-0.93040,0.24984,0.41696,-1.03612,0.22370,0.49066,0.00000,0.00000,0.00000,0.00000,0.00000,0.00000,0.00000,0.00000,0.00000,0.00000,0.00000,0.00000,0.00000,0.00000,0.00000,0.00000,0.00000,0.00000
2.52000,  253,-0.86673,1.95103,0.29789,-0.79920,2.03169,0.39142,-0.87816,1.94343,0.47825,-0.75205,1.95780,0.36091,-0.97277,1.81092,0.38228,-1.10236,1.47993,0.36487,-1.11981,1.27088,0.37143,-0.85968,1.32057,0.35209,-0.90273,1.52749,0.36953,-0.87675,1.69195,0.36827,-1.05273,1.68792,0.50391,-0.92085,1.75764,0.18890,-0.94804,1.61249,0.10524,-0.98893,1.39782,0.06610,-1.03090,1.38843,0.12631,-0.92919,1.20517,0.04524,-0.90358,1.12064,0.03899,-0.87356,1.12910,0.10316,-0.86770,1.05053,0.05181,-0.91526,1.73563,0.55516,-0.93963,1.60004,0.62851,-0.99841,1.38894,0.65712,-1.02632,1.38587,0.58091,-0.96464,1.28964,0.67618,-0.91886,1.12619,0.67755,-0.86405,1.13568,0.62376,-0.87191,1.05648,0.67669,-0.91678,1.26614,0.23446,-0.90482,1.26214,0.48645,-1.11390,1.29154,0.32344,-1.10577,1.29827,0.42034,-0.98452,1.18026,0.17679,-0.85486,0.99715,0.18698,-0.74521,0.84194,0.21960,-0.82611,0.54787,0.21676,-0.86856,0.36801,0.23901,-0.91816,0.32503,0.31019,-0.65009,0.28508,0.24102,-0.76390,0.27560,0.17672,-0.99409,1.15956,0.55441,-1.00068,0.86477,0.50526,-1.01769,0.75443,0.48383,-1.10893,0.59986,0.49553,-1.15826,0.30591,0.42642,-1.20663,0.25649,0.36137,-0.93022,0.24957,0.41692,-1.03613,0.22374,0.49063,0.00000,0.00000,0.00000,0.00000,0.00000,0.00000,0.00000,0.00000,0.00000,0.00000,0.00000,0.00000,0.00000,0.00000,0.00000,0.00000,0.00000,0.00000
2.53000,  254,-0.85356,1.94879,0.29707,-0.78608,2.02955,0.39060,-0.86512,1.94149,0.47757,-0.73906,1.95552,0.35999,-0.95985,1.80897,0.38172,-1.08964,1.47800,0.36438,-1.10712,1.26893,0.37101,-0.84747,1.31854,0.35192,-0.88979,1.52543,0.36936,-0.86366,1.68988,0.36819,-1.04009,1.68610,0.50336,-0.90791,1.75493,0.18831,-0.93523,1.61007,0.10471,-0.97665,1.39558,0.06566,-1.01860,1.38620,0.12594,-0.91753,1.20281,0.04466,-0.89221,1.11822,0.03830,-0.86172,1.12662,0.10259,-0.85601,1.04816,0.05097,-0.90260,1.73376,0.55477,-0.92665,1.59823,0.62828,-0.98490,1.38703,0.65759,-1.01290,1.38357,0.58147,-0.95021,1.28795,0.67657,-0.90266,1.12509,0.67799,-0.84800,1.13523,0.62401,-0.85488,1.05591,0.67700,-0.90373,1.26365,0.23447,-0.89224,1.26002,0.48691,-1.10113,1.28955,0.32307,-1.09323,1.29627,0.42000,-0.97113,1.17818,0.17694,-0.84154,0.99578,0.18728,-0.73278,0.84009,0.22131,-0.79693,0.54022,0.21704,-0.82860,0.35836,0.23894,-0.87538,0.31365,0.31092,-0.60575,0.28758,0.24098,-0.71922,0.27099,0.17749,-0.98297,1.15807,0.55444,-0.99423,0.86359,0.50547,-1.01305,0.75349,0.48415,-1.10595,0.59976,0.49547,-1.15772,0.30633,0.42605,-1.20645,0.25669,0.36111,-0.93008,0.24932,0.41688,-1.03610,0.22379,0.49057,0.00000,0.00000,0.00000,0.00000,0.00000,0.00000,0.00000,0.00000,0.00000,0.00000,0.00000,0.00000,0.00000,0.00000,0.00000,0.00000,0.00000,0.00000
2.54000,  255,-0.84047,1.94639,0.29628,-0.77287,2.02719,0.38978,-0.85191,1.93920,0.47680,-0.72594,1.95303,0.35947,-0.94690,1.80675,0.38106,-1.07683,1.47579,0.36383,-1.09421,1.26665,0.37063,-0.83550,1.31615,0.35187,-0.87636,1.52306,0.36935,-0.85056,1.68729,0.36770,-1.02743,1.68408,0.50278,-0.89463,1.75238,0.18757,-0.92210,1.60747,0.10422,-0.96419,1.39308,0.06524,-1.00610,1.38375,0.12559,-0.90567,1.20013,0.04406,-0.88056,1.11542,0.03773,-0.85011,1.12390,0.10201,-0.84420,1.04552,0.05028,-0.88990,1.73165,0.55424,-0.91370,1.59619,0.62800,-0.97142,1.38491,0.65799,-0.99941,1.38109,0.58188,-0.93585,1.28603,0.67695,-0.88653,1.12383,0.67836,-0.83198,1.13440,0.62409,-0.83808,1.05516,0.67740,-0.89081,1.26101,0.23420,-0.88013,1.25776,0.48713,-1.08816,1.28719,0.32274,-1.08056,1.29403,0.41957,-0.95804,1.17584,0.17671,-0.82832,0.99346,0.18780,-0.72088,0.83723,0.22288,-0.76801,0.53328,0.21684,-0.78870,0.34967,0.23878,-0.83273,0.30372,0.31160,-0.56208,0.29063,0.24131,-0.67467,0.26724,0.17860,-0.97174,1.15632,0.55459,-0.98744,0.86224,0.50573,-1.00789,0.75221,0.48400,-1.10258,0.59978,0.49554,-1.15712,0.30673,0.42563,-1.20618,0.25698,0.36089,-0.92989,0.24911,0.41684,-1.03611,0.22395,0.49053,0.00000,0.00000,0.00000,0.00000,0.00000,0.00000,0.00000,0.00000,0.00000,0.00000,0.00000,0.00000,0.00000,0.00000,0.00000,0.00000,0.00000,0.00000
2.55000,  256,-0.82732,1.94386,0.29559,-0.75959,2.02453,0.38896,-0.83871,1.93670,0.47605,-0.71275,1.95037,0.35869,-0.93391,1.80431,0.38035,-1.06400,1.47336,0.36329,-1.08108,1.26409,0.37021,-0.82072,1.31439,0.35284,-0.86303,1.52062,0.36908,-0.83690,1.68469,0.36740,-1.01471,1.68183,0.50207,-0.88135,1.74971,0.18714,-0.90871,1.60458,0.10377,-0.95156,1.39034,0.06486,-0.99350,1.38109,0.12520,-0.89375,1.19727,0.04350,-0.86874,1.11246,0.03733,-0.83853,1.12076,0.10134,-0.83241,1.04265,0.04955,-0.87718,1.72936,0.55368,-0.90072,1.59397,0.62763,-0.95785,1.38255,0.65814,-0.98588,1.37840,0.58209,-0.92162,1.28409,0.67748,-0.87046,1.12235,0.67860,-0.82067,1.13249,0.62351,-0.82134,1.05419,0.67767,-0.87750,1.25817,0.23416,-0.86842,1.25567,0.48755,-1.07501,1.28452,0.32238,-1.06778,1.29143,0.41920,-0.94478,1.17321,0.17665,-0.81616,0.99067,0.18810,-0.70952,0.83348,0.22402,-0.73916,0.52688,0.21636,-0.74935,0.34215,0.23872,-0.79091,0.29504,0.31191,-0.51952,0.29503,0.24266,-0.63035,0.26501,0.17995,-0.96032,1.15441,0.55480,-0.98034,0.86074,0.50603,-1.00249,0.75107,0.48425,-1.09882,0.59971,0.49544,-1.15647,0.30717,0.42517,-1.20591,0.25733,0.36064,-0.92971,0.24891,0.41681,-1.03607,0.22399,0.49045,0.00000,0.00000,0.00000,0.00000,0.00000,0.00000,0.00000,0.00000,0.00000,0.00000,0.00000,0.00000,0.00000,0.00000,0.00000,0.00000,0.00000,0.00000
2.56000,  257,-0.81390,1.94092,0.29486,-0.74629,2.02165,0.38814,-0.82541,1.93395,0.47528,-0.69945,1.94729,0.35776,-0.92097,1.80161,0.37950,-1.05104,1.47064,0.36261,-1.06768,1.26115,0.36979,-0.80849,1.31235,0.35281,-0.85066,1.51800,0.36894,-0.82337,1.68243,0.36725,-1.00197,1.67934,0.50133,-0.86802,1.74644,0.18659,-0.89499,1.60138,0.10339,-0.93864,1.38737,0.06453,-0.98073,1.37819,0.12494,-0.88139,1.19397,0.04320,-0.85683,1.10921,0.03684,-0.82655,1.11733,0.10093,-0.82064,1.03943,0.04898,-0.86447,1.72689,0.55305,-0.88761,1.59153,0.62703,-0.94428,1.38008,0.65827,-0.97231,1.37558,0.58219,-0.90704,1.28178,0.67733,-0.85456,1.12068,0.67886,-0.80502,1.13115,0.62339,-0.80479,1.05294,0.67787,-0.86417,1.25529,0.23392,-0.85524,1.25331,0.48802,-1.06159,1.28149,0.32207,-1.05483,1.28856,0.41876,-0.93156,1.17036,0.17638,-0.80352,0.98675,0.18908,-0.69855,0.82892,0.22472,-0.71109,0.52124,0.21592,-0.70892,0.33596,0.23902,-0.74989,0.28742,0.31171,-0.47816,0.30079,0.24513,-0.58650,0.26459,0.18192,-0.94859,1.15235,0.55509,-0.97281,0.85917,0.50650,-0.99649,0.74972,0.48420,-1.09466,0.59965,0.49545,-1.15576,0.30764,0.42468,-1.20560,0.25773,0.36039,-0.92952,0.24875,0.41680,-1.03604,0.22414,0.49037,0.00000,0.00000,0.00000,0.00000,0.00000,0.00000,0.00000,0.00000,0.00000,0.00000,0.00000,0.00000,0.00000,0.00000,0.00000,0.00000,0.00000,0.00000
2.57000,  258,-0.80077,1.93804,0.29404,-0.73289,2.01856,0.38715,-0.81207,1.93101,0.47439,-0.68606,1.94418,0.35686,-0.90798,1.79866,0.37862,-1.03797,1.46762,0.36183,-1.05406,1.25796,0.36935,-0.79495,1.30987,0.35285,-0.83737,1.51494,0.36865,-0.81115,1.67929,0.36654,-0.98919,1.67663,0.50048,-0.85468,1.74325,0.18595,-0.88155,1.59799,0.10287,-0.92562,1.38415,0.06421,-0.96771,1.37504,0.12467,-0.86908,1.19058,0.04273,-0.84468,1.10563,0.03640,-0.81457,1.11372,0.10062,-0.80865,1.03576,0.04851,-0.85171,1.72426,0.55230,-0.87460,1.58906,0.62656,-0.93065,1.37744,0.65823,-0.95867,1.37260,0.58215,-0.89288,1.27958,0.67771,-0.83878,1.11885,0.67896,-0.78944,1.12952,0.62357,-0.78849,1.05164,0.67810,-0.85000,1.25221,0.23419,-0.84262,1.25056,0.48871,-1.04799,1.27817,0.32167,-1.04172,1.28541,0.41831,-0.91827,1.16719,0.17612,-0.79253,0.98225,0.18933,-0.68789,0.82363,0.22513,-0.68415,0.51614,0.21571,-0.67059,0.33132,0.23899,-0.71010,0.28084,0.31107,-0.43853,0.30805,0.24875,-0.54361,0.26605,0.18417,-0.93659,1.15016,0.55548,-0.96486,0.85752,0.50695,-0.99002,0.74822,0.48421,-1.09032,0.59979,0.49582,-1.15501,0.30817,0.42422,-1.20529,0.25821,0.36007,-0.92935,0.24853,0.41676,-1.03606,0.22426,0.49032,0.00000,0.00000,0.00000,0.00000,0.00000,0.00000,0.00000,0.00000,0.00000,0.00000,0.00000,0.00000,0.00000,0.00000,0.00000,0.00000,0.00000,0.00000
2.58000,  259,-0.78759,1.93477,0.29301,-0.71951,2.01529,0.38612,-0.79876,1.92788,0.47347,-0.67279,1.94086,0.35597,-0.89492,1.79555,0.37761,-1.02482,1.46443,0.36106,-1.04021,1.25452,0.36894,-0.78087,1.30726,0.35383,-0.82458,1.51168,0.36837,-0.79815,1.67595,0.36581,-0.97635,1.67377,0.49959,-0.84129,1.73983,0.18499,-0.86765,1.59430,0.10251,-0.91242,1.38055,0.06392,-0.95445,1.37158,0.12444,-0.85625,1.18687,0.04258,-0.83229,1.10193,0.03605,-0.80241,1.10968,0.10036,-0.79670,1.03188,0.04816,-0.83890,1.72150,0.55146,-0.86159,1.58636,0.62598,-0.91702,1.37466,0.65803,-0.94499,1.36953,0.58191,-0.87812,1.27691,0.67717,-0.82305,1.11677,0.67887,-0.77391,1.12792,0.62335,-0.77219,1.04996,0.67812,-0.83598,1.24914,0.23409,-0.82957,1.24775,0.48879,-1.03409,1.27449,0.32123,-1.02840,1.28203,0.41788,-0.90449,1.16360,0.17636,-0.78174,0.97707,0.18978,-0.67751,0.81769,0.22529,-0.65867,0.51169,0.21580,-0.63377,0.32775,0.23868,-0.67168,0.27538,0.31009,-0.40094,0.31686,0.25296,-0.50225,0.26914,0.18641,-0.92434,1.14780,0.55578,-0.95653,0.85585,0.50733,-0.98325,0.74690,0.48437,-1.08523,0.59941,0.49538,-1.15424,0.30886,0.42382,-1.20487,0.25895,0.35978,-0.92918,0.24834,0.41670,-1.03605,0.22435,0.49025,0.00000,0.00000,0.00000,0.00000,0.00000,0.00000,0.00000,0.00000,0.00000,0.00000,0.00000,0.00000,0.00000,0.00000,0.00000,0.00000,0.00000,0.00000
2.59000,  260,-0.77427,1.93136,0.29196,-0.70606,2.01186,0.38501,-0.78540,1.92459,0.47243,-0.65948,1.93737,0.35476,-0.88188,1.79225,0.37650,-1.01156,1.46102,0.36014,-1.02612,1.25087,0.36837,-0.76751,1.30434,0.35484,-0.81200,1.50850,0.36791,-0.78501,1.67264,0.36513,-0.96352,1.67075,0.49863,-0.82804,1.73605,0.18435,-0.85390,1.59040,0.10204,-0.89906,1.37675,0.06365,-0.94123,1.36790,0.12418,-0.84357,1.18301,0.04215,-0.81971,1.09791,0.03566,-0.79009,1.10561,0.10004,-0.78456,1.02762,0.04784,-0.82594,1.71849,0.55042,-0.84859,1.58359,0.62535,-0.90333,1.37171,0.65771,-0.93126,1.36632,0.58165,-0.86373,1.27425,0.67695,-0.80751,1.11462,0.67883,-0.75846,1.12593,0.62318,-0.75617,1.04819,0.67815,-0.82139,1.24593,0.23429,-0.81719,1.24473,0.48946,-1.01998,1.27061,0.32076,-1.01488,1.27844,0.41729,-0.89022,1.15958,0.17650,-0.77069,0.97118,0.19109,-0.66734,0.81129,0.22529,-0.63450,0.50791,0.21603,-0.59854,0.32521,0.23870,-0.63483,0.27061,0.30922,-0.36582,0.32722,0.25709,-0.46287,0.27375,0.18871,-0.91180,1.14530,0.55590,-0.94779,0.85414,0.50749,-0.97589,0.74543,0.48434,-1.08005,0.59925,0.49522,-1.15344,0.30963,0.42360,-1.20450,0.25976,0.35956,-0.92903,0.24809,0.41663,-1.03604,0.22436,0.49021,0.00000,0.00000,0.00000,0.00000,0.00000,0.00000,0.00000,0.00000,0.00000,0.00000,0.00000,0.00000,0.00000,0.00000,0.00000,0.00000,0.00000,0.00000
2.60000,  261,-0.76096,1.92786,0.29079,-0.69257,2.00830,0.38379,-0.77197,1.92117,0.47126,-0.64614,1.93382,0.35356,-0.86874,1.78885,0.37528,-0.99814,1.45748,0.35913,-1.01177,1.24713,0.36772,-0.75381,1.30151,0.35545,-0.79855,1.50502,0.36775,-0.77182,1.66926,0.36433,-0.95062,1.66758,0.49750,-0.81463,1.73223,0.18463,-0.84004,1.58632,0.10145,-0.88555,1.37277,0.06328,-0.92782,1.36400,0.12392,-0.83058,1.17895,0.04188,-0.80696,1.09372,0.03532,-0.77764,1.10114,0.09980,-0.77253,1.02324,0.04758,-0.81319,1.71556,0.54959,-0.83557,1.58067,0.62456,-0.88957,1.36866,0.65725,-0.91749,1.36301,0.58119,-0.84958,1.27155,0.67691,-0.79203,1.11227,0.67865,-0.74314,1.12375,0.62301,-0.74039,1.04627,0.67820,-0.80667,1.24283,0.23415,-0.80329,1.24198,0.48974,-1.00562,1.26655,0.32009,-1.00112,1.27472,0.41657,-0.87576,1.15546,0.17639,-0.76218,0.96446,0.18921,-0.65714,0.80470,0.22506,-0.61105,0.50437,0.21676,-0.56529,0.32350,0.23889,-0.59967,0.26634,0.30841,-0.33361,0.33874,0.26127,-0.42612,0.27990,0.19097,-0.89912,1.14270,0.55606,-0.93811,0.85197,0.50683,-0.96817,0.74396,0.48431,-1.07461,0.59928,0.49504,-1.15252,0.31054,0.42333,-1.20404,0.26076,0.35933,-0.92885,0.24785,0.41657,-1.03606,0.22438,0.49021,0.00000,0.00000,0.00000,0.00000,0.00000,0.00000,0.00000,0.00000,0.00000,0.00000,0.00000,0.00000,0.00000,0.00000,0.00000,0.00000,0.00000,0.00000
2.61000,  262,-0.74755,1.92427,0.28960,-0.67905,2.00473,0.38253,-0.75858,1.91777,0.47008,-0.63293,1.93021,0.35222,-0.85552,1.78540,0.37392,-0.98454,1.45385,0.35806,-0.99723,1.24332,0.36685,-0.73991,1.29859,0.35621,-0.78563,1.50186,0.36728,-0.75854,1.66566,0.36352,-0.93770,1.66434,0.49635,-0.80098,1.72824,0.18360,-0.82634,1.58208,0.10070,-0.87188,1.36853,0.06300,-0.91407,1.35987,0.12367,-0.81743,1.17452,0.04161,-0.79393,1.08930,0.03505,-0.76444,1.09663,0.09996,-0.76019,1.01852,0.04754,-0.80035,1.71246,0.54851,-0.82257,1.57769,0.62382,-0.87592,1.36550,0.65670,-0.90368,1.35962,0.58053,-0.83513,1.26858,0.67619,-0.77670,1.10984,0.67840,-0.72787,1.12147,0.62274,-0.72455,1.04414,0.67789,-0.79216,1.23972,0.23394,-0.78922,1.23918,0.49048,-0.99095,1.26241,0.31930,-0.98714,1.27086,0.41565,-0.86067,1.15115,0.17623,-0.75212,0.95813,0.18783,-0.64680,0.79795,0.22504,-0.58853,0.50129,0.21718,-0.53415,0.32238,0.23920,-0.56649,0.26257,0.30761,-0.30423,0.35036,0.26545,-0.39216,0.28706,0.19312,-0.88620,1.13990,0.55614,-0.92819,0.84991,0.50663,-0.95996,0.74232,0.48410,-1.06888,0.59927,0.49467,-1.15161,0.31159,0.42317,-1.20353,0.26202,0.35914,-0.92868,0.24766,0.41650,-1.03603,0.22435,0.49019,0.00000,0.00000,0.00000,0.00000,0.00000,0.00000,0.00000,0.00000,0.00000,0.00000,0.00000,0.00000,0.00000,0.00000,0.00000,0.00000,0.00000,0.00000
2.62000,  263,-0.73411,1.92080,0.28820,-0.66555,2.00122,0.38111,-0.74518,1.91440,0.46882,-0.61938,1.92647,0.35094,-0.84222,1.78195,0.37251,-0.97075,1.45014,0.35691,-0.98248,1.23950,0.36581,-0.72578,1.29560,0.35700,-0.77165,1.49798,0.36708,-0.74501,1.66205,0.36279,-0.92469,1.66108,0.49506,-0.78731,1.72406,0.18261,-0.81268,1.57766,0.09985,-0.85806,1.36410,0.06271,-0.90041,1.35547,0.12330,-0.80401,1.16997,0.04132,-0.78090,1.08471,0.03479,-0.75072,1.09181,0.10021,-0.74766,1.01373,0.04763,-0.78748,1.70941,0.54746,-0.80952,1.57463,0.62288,-0.86222,1.36230,0.65595,-0.88976,1.35613,0.57978,-0.82113,1.26565,0.67589,-0.76147,1.10723,0.67791,-0.71239,1.11919,0.62158,-0.70868,1.04161,0.67729,-0.77746,1.23638,0.23344,-0.77586,1.23597,0.49084,-0.97610,1.25832,0.31829,-0.97301,1.26704,0.41456,-0.84514,1.14692,0.17590,-0.74008,0.95241,0.18652,-0.63613,0.79151,0.22463,-0.56694,0.49851,0.21716,-0.50522,0.32180,0.23986,-0.53556,0.25941,0.30695,-0.27761,0.36092,0.26953,-0.36113,0.29448,0.19527,-0.87311,1.13701,0.55621,-0.91787,0.84773,0.50621,-0.95122,0.74059,0.48375,-1.06294,0.59965,0.49465,-1.15054,0.31286,0.42306,-1.20297,0.26358,0.35906,-0.92852,0.24752,0.41648,-1.03602,0.22434,0.49020,0.00000,0.00000,0.00000,0.00000,0.00000,0.00000,0.00000,0.00000,0.00000,0.00000,0.00000,0.00000,0.00000,0.00000,0.00000,0.00000,0.00000,0.00000
2.63000,  264,-0.72061,1.91735,0.28674,-0.65193,1.99775,0.37951,-0.73168,1.91106,0.46733,-0.60560,1.92273,0.34952,-0.82875,1.77848,0.37103,-0.95673,1.44636,0.35568,-0.96759,1.23583,0.36461,-0.71126,1.29268,0.35749,-0.75812,1.49463,0.36654,-0.73150,1.65851,0.36176,-0.91159,1.65776,0.49374,-0.77364,1.71999,0.18116,-0.79878,1.57311,0.09919,-0.84408,1.35949,0.06239,-0.88650,1.35092,0.12288,-0.79061,1.16525,0.04109,-0.76746,1.07991,0.03481,-0.73781,1.08712,0.10021,-0.73531,1.00876,0.04751,-0.77445,1.70632,0.54634,-0.79648,1.57155,0.62185,-0.84852,1.35904,0.65507,-0.87583,1.35262,0.57884,-0.80679,1.26254,0.67490,-0.74638,1.10460,0.67743,-0.69738,1.11664,0.62106,-0.69299,1.03907,0.67651,-0.76111,1.23290,0.23423,-0.75974,1.23327,0.49058,-0.96110,1.25436,0.31717,-0.95859,1.26320,0.41327,-0.82914,1.14276,0.17553,-0.72824,0.94676,0.18404,-0.62525,0.78522,0.22410,-0.54625,0.49601,0.21736,-0.47872,0.32153,0.24067,-0.50722,0.25677,0.30659,-0.25348,0.36997,0.27405,-0.33317,0.30091,0.19777,-0.85962,1.13386,0.55613,-0.90719,0.84548,0.50595,-0.94197,0.73870,0.48329,-1.05609,0.59946,0.49365,-1.14938,0.31430,0.42297,-1.20231,0.26541,0.35890,-0.92838,0.24736,0.41648,-1.03598,0.22430,0.49018,0.00000,0.00000,0.00000,0.00000,0.00000,0.00000,0.00000,0.00000,0.00000,0.00000,0.00000,0.00000,0.00000,0.00000,0.00000,0.00000,0.00000,0.00000
2.64000,  265,-0.70719,1.91393,0.28514,-0.63834,1.99441,0.37794,-0.71816,1.90786,0.46581,-0.59068,1.91897,0.34883,-0.81524,1.77508,0.36947,-0.94256,1.44262,0.35446,-0.95257,1.23233,0.36322,-0.69651,1.28973,0.35790,-0.74356,1.49087,0.36607,-0.71774,1.65509,0.36078,-0.89830,1.65444,0.49235,-0.75998,1.71588,0.17970,-0.78490,1.56863,0.09834,-0.83004,1.35486,0.06198,-0.87240,1.34634,0.12249,-0.77696,1.16044,0.04093,-0.75366,1.07507,0.03492,-0.72481,1.08225,0.10027,-0.72255,1.00371,0.04770,-0.76132,1.70327,0.54519,-0.78339,1.56848,0.62078,-0.83476,1.35583,0.65407,-0.86182,1.34912,0.57777,-0.79279,1.25947,0.67425,-0.73145,1.10189,0.67671,-0.68256,1.11404,0.62065,-0.67783,1.03661,0.67607,-0.74540,1.22927,0.23435,-0.74544,1.22997,0.49080,-0.94595,1.25050,0.31581,-0.94402,1.25949,0.41192,-0.81262,1.13891,0.17527,-0.71463,0.94193,0.18224,-0.61399,0.77935,0.22355,-0.52719,0.49360,0.21772,-0.45472,0.32069,0.24180,-0.48175,0.25430,0.30689,-0.23193,0.37707,0.27813,-0.30802,0.30546,0.20047,-0.84609,1.13097,0.55623,-0.89620,0.84324,0.50568,-0.93223,0.73680,0.48281,-1.04901,0.59961,0.49295,-1.14807,0.31599,0.42298,-1.20159,0.26759,0.35881,-0.92829,0.24721,0.41638,-1.03597,0.22426,0.49018,0.00000,0.00000,0.00000,0.00000,0.00000,0.00000,0.00000,0.00000,0.00000,0.00000,0.00000,0.00000,0.00000,0.00000,0.00000,0.00000,0.00000,0.00000
2.65000,  266,-0.69327,1.91015,0.28340,-0.62480,1.99121,0.37625,-0.70452,1.90480,0.46410,-0.57737,1.91600,0.34708,-0.80153,1.77169,0.36790,-0.92817,1.43887,0.35307,-0.93744,1.22901,0.36174,-0.68145,1.28686,0.35796,-0.72952,1.48780,0.36538,-0.70395,1.65167,0.35983,-0.88479,1.65117,0.49085,-0.74611,1.71182,0.17828,-0.77100,1.56415,0.09736,-0.81574,1.35029,0.06171,-0.85824,1.34180,0.12216,-0.76324,1.15581,0.04084,-0.74059,1.07048,0.03460,-0.71153,1.07743,0.10030,-0.70960,0.99875,0.04786,-0.74828,1.70044,0.54419,-0.77025,1.56546,0.61967,-0.82100,1.35264,0.65292,-0.84775,1.34574,0.57657,-0.77873,1.25646,0.67332,-0.71674,1.09914,0.67598,-0.66793,1.11131,0.62009,-0.66292,1.03421,0.67551,-0.72960,1.22559,0.23475,-0.73124,1.22729,0.49091,-0.93076,1.24693,0.31439,-0.92926,1.25596,0.41055,-0.79578,1.13531,0.17488,-0.69932,0.93838,0.18145,-0.60156,0.77477,0.22340,-0.50993,0.49098,0.21843,-0.43413,0.31905,0.24332,-0.45992,0.25167,0.30828,-0.21355,0.38170,0.28148,-0.28664,0.30739,0.20328,-0.83229,1.12782,0.55588,-0.88487,0.84092,0.50535,-0.92198,0.73477,0.48223,-1.04143,0.59978,0.49215,-1.14662,0.31796,0.42303,-1.20068,0.27010,0.35871,-0.92819,0.24709,0.41639,-1.03593,0.22418,0.49020,0.00000,0.00000,0.00000,0.00000,0.00000,0.00000,0.00000,0.00000,0.00000,0.00000,0.00000,0.00000,0.00000,0.00000,0.00000,0.00000,0.00000,0.00000
2.66000,  267,-0.67948,1.90691,0.28166,-0.61111,1.98815,0.37426,-0.69088,1.90184,0.46237,-0.56382,1.91306,0.34515,-0.78769,1.76836,0.36624,-0.91355,1.43524,0.35178,-0.92222,1.22576,0.36024,-0.66624,1.28386,0.35820,-0.71553,1.48443,0.36475,-0.68890,1.64820,0.35865,-0.87114,1.64797,0.48935,-0.73208,1.70793,0.17686,-0.75678,1.56006,0.09650,-0.80139,1.34589,0.06145,-0.84385,1.33744,0.12185,-0.74906,1.15136,0.04098,-0.72703,1.06592,0.03455,-0.69815,1.07266,0.10049,-0.69651,0.99394,0.04806,-0.73482,1.69759,0.54293,-0.75692,1.56257,0.61837,-0.80721,1.34965,0.65166,-0.83363,1.34257,0.57527,-0.76499,1.25354,0.67246,-0.70220,1.09643,0.67496,-0.65335,1.10874,0.61928,-0.64828,1.03174,0.67477,-0.71389,1.22167,0.23567,-0.71673,1.22446,0.49101,-0.91545,1.24352,0.31305,-0.91428,1.25249,0.40921,-0.77874,1.13194,0.17438,-0.68345,0.93530,0.18221,-0.58756,0.77204,0.22383,-0.49476,0.48767,0.21944,-0.41730,0.31605,0.24523,-0.44216,0.24844,0.31059,-0.19845,0.38317,0.28398,-0.26896,0.30601,0.20623,-0.81838,1.12493,0.55553,-0.87327,0.83862,0.50508,-0.91128,0.73268,0.48171,-1.03370,0.60041,0.49184,-1.14495,0.32010,0.42331,-1.19969,0.27311,0.35884,-0.92815,0.24701,0.41640,-1.03589,0.22405,0.49025,0.00000,0.00000,0.00000,0.00000,0.00000,0.00000,0.00000,0.00000,0.00000,0.00000,0.00000,0.00000,0.00000,0.00000,0.00000,0.00000,0.00000,0.00000
2.67000,  268,-0.66572,1.90373,0.27960,-0.59735,1.98524,0.37213,-0.67712,1.89905,0.46044,-0.55014,1.91021,0.34316,-0.77364,1.76514,0.36452,-0.89872,1.43174,0.35051,-0.90691,1.22257,0.35873,-0.65085,1.28101,0.35795,-0.70105,1.48137,0.36384,-0.67470,1.64510,0.35737,-0.85722,1.64484,0.48777,-0.71794,1.70417,0.17524,-0.74272,1.55600,0.09547,-0.78686,1.34162,0.06120,-0.82926,1.33326,0.12169,-0.73533,1.14705,0.04070,-0.71322,1.06147,0.03467,-0.68452,1.06815,0.10051,-0.68251,0.98924,0.04896,-0.72104,1.69479,0.54141,-0.74351,1.55980,0.61711,-0.79336,1.34680,0.65027,-0.81952,1.33958,0.57381,-0.75099,1.25072,0.67125,-0.68788,1.09383,0.67404,-0.63899,1.10617,0.61852,-0.63387,1.02931,0.67400,-0.69777,1.21831,0.23534,-0.70241,1.22176,0.49060,-0.90005,1.24028,0.31155,-0.89906,1.24909,0.40795,-0.76204,1.12895,0.17338,-0.66718,0.93250,0.18358,-0.57177,0.77014,0.22470,-0.48113,0.48361,0.22043,-0.40394,0.31162,0.24695,-0.42873,0.24449,0.31293,-0.18614,0.38034,0.28576,-0.25504,0.30089,0.20893,-0.80436,1.12215,0.55501,-0.86120,0.83615,0.50462,-0.90005,0.73053,0.48135,-1.02545,0.60091,0.49118,-1.14314,0.32270,0.42396,-1.19858,0.27657,0.35918,-0.92811,0.24690,0.41643,-1.03586,0.22391,0.49041,0.00000,0.00000,0.00000,0.00000,0.00000,0.00000,0.00000,0.00000,0.00000,0.00000,0.00000,0.00000,0.00000,0.00000,0.00000,0.00000,0.00000,0.00000
2.68000,  269,-0.65176,1.90062,0.27767,-0.58351,1.98252,0.36972,-0.66316,1.89642,0.45828,-0.53628,1.90753,0.34100,-0.75939,1.76207,0.36279,-0.88366,1.42835,0.34935,-0.89138,1.21938,0.35730,-0.63529,1.27796,0.35766,-0.68625,1.47880,0.36271,-0.66036,1.64206,0.35615,-0.84304,1.64185,0.48614,-0.70351,1.70058,0.17372,-0.72828,1.55203,0.09443,-0.77232,1.33756,0.06096,-0.81453,1.32935,0.12161,-0.72118,1.14284,0.04072,-0.69924,1.05725,0.03476,-0.67077,1.06385,0.10064,-0.66916,0.98488,0.04910,-0.70712,1.69221,0.54007,-0.72993,1.55723,0.61585,-0.77952,1.34410,0.64875,-0.80531,1.33677,0.57222,-0.73714,1.24809,0.66992,-0.67379,1.09128,0.67288,-0.62473,1.10371,0.61740,-0.61974,1.02693,0.67310,-0.68170,1.21507,0.23502,-0.68740,1.21887,0.49018,-0.88441,1.23724,0.31028,-0.88363,1.24584,0.40671,-0.74510,1.12626,0.17290,-0.65062,0.93040,0.18388,-0.55489,0.76809,0.22568,-0.46841,0.47926,0.22136,-0.39362,0.30626,0.24799,-0.41959,0.23983,0.31434,-0.17548,0.37296,0.28744,-0.24448,0.29320,0.21111,-0.79014,1.11935,0.55432,-0.84869,0.83369,0.50422,-0.88827,0.72824,0.48077,-1.01617,0.60090,0.48972,-1.14110,0.32556,0.42478,-1.19730,0.28054,0.35972,-0.92818,0.24688,0.41649,-1.03579,0.22370,0.49055,0.00000,0.00000,0.00000,0.00000,0.00000,0.00000,0.00000,0.00000,0.00000,0.00000,0.00000,0.00000,0.00000,0.00000,0.00000,0.00000,0.00000,0.00000
2.69000,  270,-0.63762,1.89779,0.27558,-0.56970,1.98006,0.36739,-0.64927,1.89402,0.45629,-0.52235,1.90511,0.33905,-0.74496,1.75916,0.36103,-0.86831,1.42505,0.34827,-0.87559,1.21617,0.35592,-0.61956,1.27515,0.35698,-0.67074,1.47577,0.36185,-0.64580,1.63926,0.35476,-0.82853,1.63902,0.48455,-0.68904,1.69732,0.17195,-0.71376,1.54837,0.09328,-0.75726,1.33371,0.06099,-0.79964,1.32565,0.12160,-0.70680,1.13888,0.04074,-0.68445,1.05321,0.03549,-0.65688,1.05976,0.10084,-0.65558,0.98074,0.04923,-0.69283,1.68970,0.53859,-0.71606,1.55479,0.61450,-0.76561,1.34164,0.64713,-0.79109,1.33423,0.57052,-0.72330,1.24560,0.66851,-0.65987,1.08880,0.67165,-0.61059,1.10131,0.61637,-0.60587,1.02450,0.67210,-0.66544,1.21214,0.23430,-0.67239,1.21612,0.48944,-0.86852,1.23425,0.30905,-0.86793,1.24264,0.40556,-0.72881,1.12420,0.17192,-0.63325,0.92880,0.18336,-0.53770,0.76593,0.22678,-0.45639,0.47455,0.22248,-0.38596,0.30030,0.24873,-0.41367,0.23422,0.31461,-0.16627,0.36159,0.28960,-0.23722,0.28445,0.21234,-0.77563,1.11656,0.55355,-0.83563,0.83112,0.50384,-0.87594,0.72592,0.48040,-1.00706,0.60186,0.48953,-1.13868,0.32875,0.42582,-1.19565,0.28513,0.36043,-0.92826,0.24684,0.41652,-1.03573,0.22349,0.49072,0.00000,0.00000,0.00000,0.00000,0.00000,0.00000,0.00000,0.00000,0.00000,0.00000,0.00000,0.00000,0.00000,0.00000,0.00000,0.00000,0.00000,0.00000
2.70000,  271,-0.62344,1.89505,0.27323,-0.55575,1.97777,0.36497,-0.63507,1.89174,0.45401,-0.50830,1.90284,0.33687,-0.73041,1.75640,0.35926,-0.85256,1.42178,0.34711,-0.85940,1.21303,0.35475,-0.60353,1.27229,0.35623,-0.65582,1.47282,0.36061,-0.63099,1.63676,0.35305,-0.81380,1.63632,0.48299,-0.67438,1.69414,0.17036,-0.69907,1.54491,0.09221,-0.74290,1.33031,0.06053,-0.78477,1.32226,0.12143,-0.69247,1.13524,0.04073,-0.67040,1.04949,0.03551,-0.64277,1.05602,0.10098,-0.64176,0.97688,0.04946,-0.67820,1.68735,0.53703,-0.70188,1.55256,0.61304,-0.75163,1.33936,0.64540,-0.77685,1.33197,0.56876,-0.70951,1.24333,0.66707,-0.64582,1.08609,0.66992,-0.59677,1.09885,0.61533,-0.59226,1.02216,0.67094,-0.64887,1.20955,0.23325,-0.65669,1.21315,0.48886,-0.85212,1.23125,0.30790,-0.85174,1.23949,0.40447,-0.71242,1.12223,0.17114,-0.61523,0.92722,0.18303,-0.52048,0.76366,0.22815,-0.44521,0.46962,0.22374,-0.38054,0.29388,0.24940,-0.41038,0.22769,0.31417,-0.15896,0.34811,0.29182,-0.23272,0.27543,0.21288,-0.76091,1.11377,0.55273,-0.82208,0.82865,0.50338,-0.86291,0.72352,0.48010,-0.99716,0.60264,0.48908,-1.13588,0.33244,0.42699,-1.19362,0.29034,0.36116,-0.92834,0.24686,0.41656,-1.03557,0.22325,0.49088,0.00000,0.00000,0.00000,0.00000,0.00000,0.00000,0.00000,0.00000,0.00000,0.00000,0.00000,0.00000,0.00000,0.00000,0.00000,0.00000,0.00000,0.00000
2.71000,  272,-0.60924,1.89244,0.27086,-0.54174,1.97559,0.36249,-0.62096,1.88963,0.45192,-0.49411,1.90079,0.33439,-0.71582,1.75375,0.35745,-0.83644,1.41854,0.34595,-0.84273,1.20997,0.35357,-0.58712,1.26961,0.35542,-0.63863,1.47071,0.35931,-0.61611,1.63436,0.35153,-0.79877,1.63366,0.48140,-0.65958,1.69135,0.16855,-0.68411,1.54175,0.09106,-0.72795,1.32694,0.06035,-0.77055,1.31955,0.12066,-0.67699,1.13182,0.04156,-0.65615,1.04606,0.03554,-0.62845,1.05260,0.10105,-0.62769,0.97338,0.04964,-0.66343,1.68514,0.53544,-0.68744,1.55055,0.61157,-0.73758,1.33732,0.64366,-0.76255,1.32995,0.56694,-0.69578,1.24122,0.66548,-0.63242,1.08397,0.66865,-0.58296,1.09660,0.61424,-0.57881,1.01981,0.66975,-0.63186,1.20731,0.23174,-0.64059,1.21039,0.48810,-0.83523,1.22826,0.30688,-0.83523,1.23644,0.40333,-0.69591,1.12019,0.17049,-0.59666,0.92570,0.18274,-0.50306,0.76135,0.22945,-0.43502,0.46443,0.22505,-0.37732,0.28718,0.24999,-0.40901,0.22054,0.31360,-0.15407,0.33417,0.29358,-0.23053,0.26609,0.21307,-0.74583,1.11070,0.55160,-0.80797,0.82611,0.50271,-0.84929,0.72109,0.47989,-0.98669,0.60353,0.48862,-1.13256,0.33669,0.42822,-1.19110,0.29633,0.36212,-0.92845,0.24697,0.41669,-1.03541,0.22317,0.49111,0.00000,0.00000,0.00000,0.00000,0.00000,0.00000,0.00000,0.00000,0.00000,0.00000,0.00000,0.00000,0.00000,0.00000,0.00000,0.00000,0.00000,0.00000
2.72000,  273,-0.59482,1.88997,0.26881,-0.52678,1.97328,0.35958,-0.60666,1.88763,0.44962,-0.47985,1.89880,0.33206,-0.70126,1.75117,0.35558,-0.81995,1.41519,0.34469,-0.82551,1.20708,0.35233,-0.57021,1.26707,0.35443,-0.62251,1.46829,0.35819,-0.60101,1.63215,0.34983,-0.78360,1.63102,0.47976,-0.64397,1.68860,0.16733,-0.66812,1.53887,0.09041,-0.71303,1.32397,0.05997,-0.75497,1.31679,0.12093,-0.66239,1.12867,0.04151,-0.64172,1.04288,0.03557,-0.61386,1.04942,0.10114,-0.61343,0.97014,0.04978,-0.64842,1.68302,0.53361,-0.67254,1.54855,0.60981,-0.72349,1.33548,0.64183,-0.74818,1.32816,0.56508,-0.68189,1.23923,0.66379,-0.61903,1.08172,0.66712,-0.56942,1.09431,0.61295,-0.56570,1.01748,0.66841,-0.61445,1.20498,0.23023,-0.62401,1.20744,0.48738,-0.81779,1.22523,0.30569,-0.81822,1.23352,0.40216,-0.67883,1.11794,0.17011,-0.57781,0.92380,0.18306,-0.48533,0.75901,0.23083,-0.42597,0.45897,0.22635,-0.37449,0.28102,0.25047,-0.40709,0.21652,0.31433,-0.14918,0.32246,0.29314,-0.22708,0.25661,0.21248,-0.73058,1.10775,0.55064,-0.79320,0.82360,0.50222,-0.83479,0.71855,0.47979,-0.97543,0.60459,0.48816,-1.12860,0.34142,0.42951,-1.18788,0.30309,0.36306,-0.92855,0.24706,0.41676,-1.03522,0.22316,0.49132,0.00000,0.00000,0.00000,0.00000,0.00000,0.00000,0.00000,0.00000,0.00000,0.00000,0.00000,0.00000,0.00000,0.00000,0.00000,0.00000,0.00000,0.00000
2.73000,  274,-0.57919,1.88768,0.26714,-0.51270,1.97148,0.35720,-0.59222,1.88582,0.44730,-0.46554,1.89687,0.32995,-0.68681,1.74878,0.35367,-0.80315,1.41187,0.34323,-0.80810,1.20446,0.35094,-0.55290,1.26487,0.35333,-0.60634,1.46613,0.35659,-0.58573,1.63010,0.34793,-0.76826,1.62834,0.47801,-0.62915,1.68620,0.16552,-0.65303,1.53612,0.08892,-0.69714,1.32111,0.06018,-0.73926,1.31423,0.12093,-0.64763,1.12579,0.04134,-0.62705,1.03991,0.03559,-0.59909,1.04652,0.10123,-0.59888,0.96710,0.04991,-0.63339,1.68101,0.53170,-0.65724,1.54662,0.60787,-0.70929,1.33376,0.64001,-0.73379,1.32655,0.56318,-0.66807,1.23738,0.66214,-0.60581,1.07968,0.66576,-0.55598,1.09198,0.61154,-0.55270,1.01512,0.66702,-0.59660,1.20302,0.22874,-0.60710,1.20459,0.48664,-0.80008,1.22231,0.30442,-0.80095,1.23069,0.40073,-0.66133,1.11512,0.16970,-0.55899,0.92172,0.18438,-0.46756,0.75664,0.23260,-0.41750,0.45345,0.22800,-0.36921,0.27705,0.25226,-0.40287,0.21546,0.31637,-0.14273,0.31097,0.29295,-0.22366,0.24979,0.21171,-0.71480,1.10467,0.54917,-0.77758,0.82101,0.50149,-0.81930,0.71587,0.47988,-0.96324,0.60578,0.48781,-1.12390,0.34676,0.43091,-1.18371,0.31068,0.36398,-0.92867,0.24718,0.41689,-1.03499,0.22329,0.49153,0.00000,0.00000,0.00000,0.00000,0.00000,0.00000,0.00000,0.00000,0.00000,0.00000,0.00000,0.00000,0.00000,0.00000,0.00000,0.00000,0.00000,0.00000
2.74000,  275,-0.56486,1.88584,0.26478,-0.49851,1.97007,0.35468,-0.57778,1.88435,0.44504,-0.45122,1.89549,0.32755,-0.67142,1.74648,0.35164,-0.78630,1.40897,0.34165,-0.79066,1.20229,0.34936,-0.53515,1.26286,0.35223,-0.59000,1.46426,0.35469,-0.57029,1.62827,0.34606,-0.75295,1.62584,0.47606,-0.61418,1.68414,0.16330,-0.63786,1.53356,0.08733,-0.68210,1.31850,0.05958,-0.72373,1.31188,0.12066,-0.63273,1.12303,0.04124,-0.61226,1.03713,0.03564,-0.58403,1.04389,0.10116,-0.58412,0.96432,0.05015,-0.61843,1.67917,0.52975,-0.64184,1.54482,0.60598,-0.69497,1.33215,0.63812,-0.71932,1.32499,0.56124,-0.65414,1.23557,0.66040,-0.59264,1.07753,0.66428,-0.54270,1.08963,0.61031,-0.53981,1.01274,0.66555,-0.57851,1.20132,0.22754,-0.58993,1.20187,0.48571,-0.78229,1.22012,0.30301,-0.78349,1.22820,0.39933,-0.64358,1.11216,0.16885,-0.54113,0.92039,0.18661,-0.45040,0.75417,0.23466,-0.40580,0.44968,0.22968,-0.35983,0.27432,0.25420,-0.39711,0.21742,0.31862,-0.13497,0.29766,0.29378,-0.21896,0.24165,0.21417,-0.69879,1.10177,0.54772,-0.76093,0.81822,0.50094,-0.80272,0.71308,0.48012,-0.95002,0.60723,0.48770,-1.11819,0.35266,0.43244,-1.17846,0.31934,0.36511,-0.92881,0.24724,0.41707,-1.03460,0.22357,0.49175,0.00000,0.00000,0.00000,0.00000,0.00000,0.00000,0.00000,0.00000,0.00000,0.00000,0.00000,0.00000,0.00000,0.00000,0.00000,0.00000,0.00000,0.00000
2.75000,  276,-0.55044,1.88448,0.26249,-0.48432,1.96908,0.35241,-0.56330,1.88332,0.44277,-0.43681,1.89458,0.32534,-0.65664,1.74481,0.34946,-0.76931,1.40646,0.34014,-0.77296,1.20067,0.34765,-0.51707,1.26109,0.35127,-0.57373,1.46270,0.35293,-0.55464,1.62680,0.34371,-0.73764,1.62366,0.47401,-0.59911,1.68234,0.16100,-0.62256,1.53124,0.08569,-0.66694,1.31606,0.05903,-0.70812,1.30973,0.12021,-0.61770,1.12050,0.04106,-0.59730,1.03457,0.03567,-0.56877,1.04153,0.10111,-0.56913,0.96176,0.05029,-0.60338,1.67760,0.52770,-0.62622,1.54308,0.60385,-0.68045,1.33064,0.63611,-0.70481,1.32365,0.55939,-0.64026,1.23392,0.65866,-0.57954,1.07556,0.66299,-0.52951,1.08732,0.60895,-0.52719,1.01041,0.66410,-0.56042,1.19965,0.22666,-0.57240,1.19932,0.48471,-0.76435,1.21860,0.30145,-0.76589,1.22612,0.39792,-0.62533,1.10996,0.16744,-0.52425,0.91916,0.18887,-0.43509,0.75191,0.23520,-0.39148,0.44758,0.23113,-0.35029,0.27196,0.25466,-0.39226,0.21996,0.31897,-0.12479,0.28004,0.29689,-0.21282,0.23028,0.21795,-0.68240,1.09901,0.54615,-0.74321,0.81530,0.50078,-0.78474,0.71018,0.48067,-0.93542,0.60892,0.48767,-1.11112,0.35897,0.43405,-1.17187,0.32906,0.36649,-0.92865,0.24727,0.41705,-1.03405,0.22415,0.49198,0.00000,0.00000,0.00000,0.00000,0.00000,0.00000,0.00000,0.00000,0.00000,0.00000,0.00000,0.00000,0.00000,0.00000,0.00000,0.00000,0.00000,0.00000
2.76000,  277,-0.53593,1.88361,0.26033,-0.47010,1.96849,0.35019,-0.54887,1.88261,0.44064,-0.42230,1.89406,0.32333,-0.64172,1.74355,0.34734,-0.75235,1.40427,0.33871,-0.75552,1.19973,0.34599,-0.49886,1.25946,0.35038,-0.55706,1.46156,0.35110,-0.53913,1.62586,0.34180,-0.72235,1.62185,0.47191,-0.58394,1.68089,0.15879,-0.60714,1.52929,0.08397,-0.65159,1.31398,0.05838,-0.69233,1.30790,0.11972,-0.60251,1.11832,0.04084,-0.58221,1.03232,0.03572,-0.55335,1.03956,0.10099,-0.55396,0.95964,0.05041,-0.58834,1.67629,0.52573,-0.61051,1.54147,0.60157,-0.66582,1.32940,0.63401,-0.69007,1.32238,0.55739,-0.62634,1.23242,0.65685,-0.56657,1.07374,0.66158,-0.51645,1.08511,0.60742,-0.51460,1.00811,0.66258,-0.54234,1.19832,0.22608,-0.55476,1.19705,0.48354,-0.74677,1.21788,0.30003,-0.74819,1.22446,0.39661,-0.60671,1.10931,0.16585,-0.50848,0.91720,0.18998,-0.42093,0.75024,0.23365,-0.37715,0.44582,0.23007,-0.34336,0.26989,0.25350,-0.38899,0.22213,0.31813,-0.11715,0.26362,0.30110,-0.20723,0.21920,0.22080,-0.66536,1.09629,0.54421,-0.72433,0.81234,0.50091,-0.76525,0.70716,0.48168,-0.91926,0.61080,0.48807,-1.10265,0.36593,0.43603,-1.16363,0.33994,0.36798,-0.92843,0.24716,0.41701,-1.03326,0.22507,0.49226,0.00000,0.00000,0.00000,0.00000,0.00000,0.00000,0.00000,0.00000,0.00000,0.00000,0.00000,0.00000,0.00000,0.00000,0.00000,0.00000,0.00000,0.00000
2.77000,  278,-0.52139,1.88315,0.25806,-0.45588,1.96824,0.34807,-0.53452,1.88213,0.43853,-0.40784,1.89395,0.32127,-0.62663,1.74266,0.34529,-0.73568,1.40261,0.33747,-0.73825,1.19909,0.34438,-0.48080,1.25813,0.34957,-0.54017,1.46078,0.34919,-0.52366,1.62540,0.33987,-0.70706,1.62044,0.46983,-0.56881,1.67981,0.15677,-0.59162,1.52788,0.08237,-0.63599,1.31242,0.05766,-0.67640,1.30651,0.11917,-0.58723,1.11657,0.04052,-0.56700,1.03052,0.03572,-0.53775,1.03804,0.10078,-0.53859,0.95800,0.05043,-0.57327,1.67533,0.52384,-0.59506,1.54031,0.59933,-0.65109,1.32853,0.63191,-0.67518,1.32148,0.55523,-0.61236,1.23122,0.65492,-0.55372,1.07205,0.66022,-0.50346,1.08294,0.60605,-0.50229,1.00607,0.66118,-0.52434,1.19742,0.22607,-0.53709,1.19516,0.48199,-0.72965,1.21780,0.29865,-0.73068,1.22321,0.39553,-0.58891,1.10999,0.16385,-0.49394,0.91550,0.18888,-0.40521,0.75063,0.23171,-0.36452,0.44540,0.22790,-0.33781,0.26884,0.25209,-0.38630,0.22424,0.31717,-0.11223,0.25220,0.30242,-0.20427,0.21122,0.22159,-0.64775,1.09364,0.54217,-0.70414,0.80918,0.50112,-0.74417,0.70395,0.48290,-0.90121,0.61273,0.48881,-1.09228,0.37343,0.43849,-1.15355,0.35205,0.36997,-0.92793,0.24697,0.41711,-1.03215,0.22624,0.49237,0.00000,0.00000,0.00000,0.00000,0.00000,0.00000,0.00000,0.00000,0.00000,0.00000,0.00000,0.00000,0.00000,0.00000,0.00000,0.00000,0.00000,0.00000
2.78000,  279,-0.50688,1.88306,0.25605,-0.44176,1.96830,0.34620,-0.52024,1.88194,0.43653,-0.39342,1.89419,0.31938,-0.61164,1.74210,0.34341,-0.71921,1.40143,0.33648,-0.72160,1.19865,0.34309,-0.46315,1.25709,0.34874,-0.52399,1.46045,0.34704,-0.50831,1.62519,0.33804,-0.69175,1.61943,0.46788,-0.55377,1.67924,0.15481,-0.57599,1.52703,0.08077,-0.62018,1.31131,0.05697,-0.66029,1.30564,0.11854,-0.57180,1.11533,0.04017,-0.55164,1.02925,0.03555,-0.52187,1.03702,0.10032,-0.52309,0.95685,0.05037,-0.55817,1.67482,0.52204,-0.57981,1.53961,0.59713,-0.63615,1.32795,0.62958,-0.66023,1.32096,0.55298,-0.59802,1.23031,0.65258,-0.54125,1.07095,0.65918,-0.49111,1.08105,0.60441,-0.49028,1.00428,0.65987,-0.50661,1.19735,0.22563,-0.51952,1.19352,0.48024,-0.71294,1.21808,0.29747,-0.71354,1.22233,0.39465,-0.57143,1.11157,0.16188,-0.47954,0.91578,0.18555,-0.38645,0.75322,0.23077,-0.35272,0.44581,0.22592,-0.33337,0.26815,0.25083,-0.38413,0.22619,0.31645,-0.10847,0.24194,0.30047,-0.20286,0.20403,0.22029,-0.62982,1.09107,0.54013,-0.68267,0.80579,0.50140,-0.72160,0.70060,0.48428,-0.88117,0.61453,0.48976,-1.07981,0.38140,0.44152,-1.14143,0.36552,0.37259,-0.92716,0.24666,0.41743,-1.03069,0.22830,0.49261,0.00000,0.00000,0.00000,0.00000,0.00000,0.00000,0.00000,0.00000,0.00000,0.00000,0.00000,0.00000,0.00000,0.00000,0.00000,0.00000,0.00000,0.00000
2.79000,  280,-0.49243,1.88327,0.25408,-0.42777,1.96875,0.34437,-0.50609,1.88201,0.43466,-0.37901,1.89476,0.31767,-0.59682,1.74185,0.34165,-0.70306,1.40077,0.33586,-0.70543,1.19832,0.34216,-0.44603,1.25642,0.34798,-0.50820,1.46080,0.34476,-0.49305,1.62541,0.33625,-0.67649,1.61895,0.46620,-0.53885,1.67905,0.15303,-0.56033,1.52666,0.07936,-0.60410,1.31073,0.05614,-0.64410,1.30531,0.11774,-0.55611,1.11458,0.03971,-0.53600,1.02841,0.03523,-0.50581,1.03653,0.09978,-0.50736,0.95607,0.05021,-0.54309,1.67479,0.52039,-0.56478,1.53935,0.59518,-0.62107,1.32771,0.62697,-0.64494,1.32080,0.55048,-0.58374,1.22975,0.65029,-0.52872,1.06988,0.65768,-0.47852,1.07941,0.60313,-0.47847,1.00276,0.65860,-0.48967,1.19762,0.22493,-0.50249,1.19216,0.47797,-0.69677,1.21877,0.29663,-0.69684,1.22164,0.39409,-0.55352,1.11408,0.16002,-0.46280,0.91771,0.18300,-0.36587,0.75600,0.23033,-0.34131,0.44678,0.22416,-0.33000,0.26786,0.24957,-0.38258,0.22801,0.31568,-0.10573,0.23358,0.29800,-0.20197,0.19829,0.21872,-0.61152,1.08837,0.53807,-0.66001,0.80211,0.50150,-0.69729,0.69677,0.48564,-0.85902,0.61584,0.49111,-1.06523,0.39009,0.44473,-1.12711,0.38058,0.37570,-0.92543,0.24591,0.41798,-1.02856,0.23196,0.49283,0.00000,0.00000,0.00000,0.00000,0.00000,0.00000,0.00000,0.00000,0.00000,0.00000,0.00000,0.00000,0.00000,0.00000,0.00000,0.00000,0.00000,0.00000
2.80000,  281,-0.47796,1.88371,0.25220,-0.41381,1.96940,0.34276,-0.49182,1.88236,0.43272,-0.36468,1.89558,0.31599,-0.58221,1.74187,0.34016,-0.68722,1.40044,0.33550,-0.68961,1.19795,0.34156,-0.42955,1.25606,0.34715,-0.49213,1.46151,0.34312,-0.47801,1.62594,0.33471,-0.66125,1.61891,0.46484,-0.52412,1.67925,0.15135,-0.54466,1.52666,0.07812,-0.58786,1.31055,0.05535,-0.62782,1.30542,0.11687,-0.54010,1.11432,0.03913,-0.52008,1.02805,0.03479,-0.48948,1.03650,0.09895,-0.49138,0.95573,0.04997,-0.52799,1.67524,0.51898,-0.54990,1.53961,0.59351,-0.60608,1.32802,0.62468,-0.62953,1.32123,0.54785,-0.56969,1.22980,0.64821,-0.51630,1.06928,0.65623,-0.46615,1.07812,0.60161,-0.46697,1.00165,0.65744,-0.47343,1.19843,0.22369,-0.48566,1.19095,0.47572,-0.68089,1.21948,0.29589,-0.68066,1.22118,0.39373,-0.53679,1.11659,0.15825,-0.44334,0.92008,0.18115,-0.34559,0.75786,0.23011,-0.33086,0.44770,0.22317,-0.32735,0.26811,0.24872,-0.38165,0.22917,0.31501,-0.10397,0.22729,0.29798,-0.20105,0.19507,0.21779,-0.59312,1.08552,0.53591,-0.63695,0.79818,0.50144,-0.67147,0.69261,0.48707,-0.83482,0.61653,0.49303,-1.04857,0.40018,0.44786,-1.11043,0.39719,0.37903,-0.92239,0.24474,0.41894,-1.02534,0.23835,0.49366,0.00000,0.00000,0.00000,0.00000,0.00000,0.00000,0.00000,0.00000,0.00000,0.00000,0.00000,0.00000,0.00000,0.00000,0.00000,0.00000,0.00000,0.00000
2.81000,  282,-0.46363,1.88430,0.25056,-0.39985,1.97019,0.34109,-0.47773,1.88294,0.43111,-0.35044,1.89649,0.31454,-0.56773,1.74213,0.33897,-0.67171,1.40048,0.33527,-0.67401,1.19759,0.34117,-0.41360,1.25574,0.34638,-0.47687,1.46234,0.34126,-0.46320,1.62675,0.33334,-0.64615,1.61926,0.46389,-0.50966,1.67968,0.15023,-0.52913,1.52712,0.07702,-0.57148,1.31081,0.05443,-0.61155,1.30580,0.11585,-0.52372,1.11455,0.03841,-0.50372,1.02820,0.03415,-0.47285,1.03679,0.09824,-0.47508,0.95582,0.04961,-0.51286,1.67599,0.51777,-0.53492,1.54026,0.59196,-0.59109,1.32863,0.62241,-0.61408,1.32203,0.54515,-0.55547,1.23027,0.64605,-0.50410,1.06919,0.65476,-0.45373,1.07722,0.59998,-0.45563,1.00093,0.65630,-0.45774,1.19986,0.22181,-0.46914,1.18990,0.47328,-0.66541,1.22008,0.29528,-0.66473,1.22083,0.39350,-0.52193,1.11885,0.15613,-0.42332,0.92275,0.17945,-0.32743,0.75886,0.22922,-0.32202,0.44839,0.22230,-0.32523,0.26860,0.24886,-0.38120,0.22976,0.31485,-0.10228,0.22218,0.29918,-0.20035,0.19403,0.21722,-0.57463,1.08281,0.53381,-0.61177,0.79435,0.50187,-0.64428,0.68848,0.48848,-0.80906,0.61691,0.49541,-1.02967,0.41093,0.45089,-1.09068,0.41494,0.38225,-0.91940,0.24364,0.41986,-1.02099,0.24636,0.49415,0.00000,0.00000,0.00000,0.00000,0.00000,0.00000,0.00000,0.00000,0.00000,0.00000,0.00000,0.00000,0.00000,0.00000,0.00000,0.00000,0.00000,0.00000
2.82000,  283,-0.44943,1.88499,0.24883,-0.38589,1.97110,0.33954,-0.46365,1.88379,0.42954,-0.33628,1.89746,0.31289,-0.55340,1.74265,0.33799,-0.65632,1.40065,0.33482,-0.65864,1.19718,0.34085,-0.39810,1.25575,0.34533,-0.46178,1.46338,0.34000,-0.44857,1.62758,0.33227,-0.63106,1.61987,0.46323,-0.49533,1.68044,0.14897,-0.51377,1.52790,0.07604,-0.55506,1.31138,0.05346,-0.59547,1.30657,0.11471,-0.50704,1.11520,0.03749,-0.48688,1.02873,0.03313,-0.45603,1.03755,0.09718,-0.45841,0.95629,0.04900,-0.49777,1.67704,0.51665,-0.51993,1.54116,0.59065,-0.57614,1.32957,0.62024,-0.59862,1.32322,0.54259,-0.54132,1.23110,0.64402,-0.49193,1.06939,0.65330,-0.44139,1.07652,0.59849,-0.44437,1.00053,0.65510,-0.44242,1.20175,0.21932,-0.45323,1.18936,0.47060,-0.65007,1.22037,0.29465,-0.64905,1.22061,0.39312,-0.50865,1.12033,0.15404,-0.40476,0.92586,0.17780,-0.31229,0.75909,0.22767,-0.31464,0.44877,0.22209,-0.32439,0.26915,0.24908,-0.38086,0.23015,0.31492,-0.10113,0.21825,0.29955,-0.20007,0.19337,0.21649,-0.55613,1.08055,0.53158,-0.58600,0.79099,0.50221,-0.61635,0.68466,0.48975,-0.78207,0.61733,0.49783,-1.00863,0.42149,0.45353,-1.06767,0.43246,0.38473,-0.91422,0.24194,0.42057,-1.01497,0.25681,0.49510,0.00000,0.00000,0.00000,0.00000,0.00000,0.00000,0.00000,0.00000,0.00000,0.00000,0.00000,0.00000,0.00000,0.00000,0.00000,0.00000,0.00000,0.00000
2.83000,  284,-0.43538,1.88569,0.24769,-0.37196,1.97209,0.33797,-0.44973,1.88496,0.42835,-0.32228,1.89850,0.31165,-0.53922,1.74336,0.33724,-0.64124,1.40118,0.33418,-0.64344,1.19687,0.34038,-0.38300,1.25602,0.34431,-0.44672,1.46439,0.33908,-0.43405,1.62866,0.33151,-0.61615,1.62063,0.46292,-0.48129,1.68130,0.14855,-0.49865,1.52884,0.07537,-0.53868,1.31216,0.05247,-0.57929,1.30725,0.11355,-0.48993,1.11623,0.03636,-0.46958,1.02970,0.03192,-0.43887,1.03864,0.09598,-0.44134,0.95707,0.04822,-0.48289,1.67821,0.51583,-0.50502,1.54222,0.58974,-0.56129,1.33048,0.61813,-0.58339,1.32465,0.54025,-0.52721,1.23210,0.64210,-0.47972,1.06983,0.65181,-0.42872,1.07625,0.59731,-0.43304,1.00029,0.65387,-0.42749,1.20384,0.21675,-0.43738,1.18913,0.46816,-0.63480,1.22054,0.29393,-0.63367,1.22070,0.39241,-0.49504,1.12145,0.15203,-0.38811,0.92853,0.17620,-0.29992,0.75903,0.22567,-0.30834,0.44871,0.22260,-0.32261,0.26956,0.25002,-0.38049,0.23042,0.31509,-0.10003,0.21459,0.29976,-0.19988,0.19288,0.21596,-0.53784,1.07891,0.52937,-0.55963,0.78824,0.50259,-0.58787,0.68156,0.49072,-0.75413,0.61808,0.50014,-0.98523,0.43212,0.45566,-1.04166,0.44923,0.38729,-0.90740,0.24004,0.42239,-1.00580,0.26830,0.49614,0.00000,0.00000,0.00000,0.00000,0.00000,0.00000,0.00000,0.00000,0.00000,0.00000,0.00000,0.00000,0.00000,0.00000,0.00000,0.00000,0.00000,0.00000
2.84000,  285,-0.42152,1.88657,0.24651,-0.35813,1.97333,0.33663,-0.43571,1.88639,0.42716,-0.30837,1.89965,0.31069,-0.52523,1.74434,0.33674,-0.62634,1.40194,0.33318,-0.62842,1.19686,0.33952,-0.36821,1.25680,0.34301,-0.43205,1.46558,0.33833,-0.41968,1.62982,0.33080,-0.60145,1.62152,0.46268,-0.46727,1.68252,0.14759,-0.48376,1.53004,0.07474,-0.52233,1.31317,0.05153,-0.56330,1.30810,0.11228,-0.47260,1.11760,0.03505,-0.45193,1.03101,0.03060,-0.42149,1.03998,0.09487,-0.42394,0.95823,0.04731,-0.46831,1.67945,0.51523,-0.49009,1.54329,0.58892,-0.54640,1.33148,0.61610,-0.56832,1.32615,0.53824,-0.51316,1.23314,0.64048,-0.46745,1.07041,0.65040,-0.41610,1.07600,0.59602,-0.42158,1.00022,0.65257,-0.41291,1.20602,0.21420,-0.42186,1.18930,0.46557,-0.61964,1.22099,0.29281,-0.61854,1.22107,0.39130,-0.48034,1.12234,0.14998,-0.37364,0.92966,0.17468,-0.28899,0.75795,0.22375,-0.30307,0.44836,0.22352,-0.32100,0.26986,0.25104,-0.38018,0.23056,0.31532,-0.09930,0.21215,0.30006,-0.19972,0.19274,0.21588,-0.51979,1.07822,0.52711,-0.53231,0.78658,0.50331,-0.55925,0.67929,0.49157,-0.72559,0.61931,0.50232,-0.96022,0.44211,0.45707,-1.01273,0.46485,0.38961,-0.90035,0.23784,0.42395,-0.99375,0.28084,0.49717,0.00000,0.00000,0.00000,0.00000,0.00000,0.00000,0.00000,0.00000,0.00000,0.00000,0.00000,0.00000,0.00000,0.00000,0.00000,0.00000,0.00000,0.00000
2.85000,  286,-0.40780,1.88768,0.24560,-0.34438,1.97478,0.33547,-0.42180,1.88814,0.42626,-0.29460,1.90098,0.30944,-0.51137,1.74560,0.33643,-0.61167,1.40302,0.33211,-0.61358,1.19739,0.33818,-0.35369,1.25816,0.34129,-0.41733,1.46692,0.33804,-0.40550,1.63115,0.33033,-0.58704,1.62255,0.46250,-0.45333,1.68406,0.14676,-0.46900,1.53139,0.07420,-0.50608,1.31443,0.05051,-0.54742,1.30902,0.11104,-0.45514,1.11915,0.03386,-0.43406,1.03276,0.02917,-0.40394,1.04175,0.09353,-0.40621,0.95977,0.04623,-0.45397,1.68069,0.51474,-0.47521,1.54436,0.58807,-0.53204,1.33259,0.61478,-0.55350,1.32768,0.53661,-0.49934,1.23422,0.63904,-0.45507,1.07103,0.64904,-0.40444,1.07568,0.59404,-0.40996,1.00029,0.65117,-0.39859,1.20825,0.21163,-0.40680,1.19004,0.46328,-0.60466,1.22191,0.29136,-0.60365,1.22180,0.38981,-0.46547,1.12326,0.14789,-0.36138,0.92859,0.17333,-0.27887,0.75617,0.22246,-0.29863,0.44784,0.22477,-0.31970,0.27019,0.25207,-0.37996,0.23066,0.31551,-0.09920,0.21069,0.30009,-0.19961,0.19270,0.21593,-0.50220,1.07826,0.52486,-0.50617,0.78587,0.50311,-0.53062,0.67796,0.49238,-0.69658,0.62102,0.50421,-0.93451,0.45104,0.45785,-0.98237,0.47817,0.39089,-0.89157,0.23368,0.42536,-0.97870,0.29299,0.49777,0.00000,0.00000,0.00000,0.00000,0.00000,0.00000,0.00000,0.00000,0.00000,0.00000,0.00000,0.00000,0.00000,0.00000,0.00000,0.00000,0.00000,0.00000
2.86000,  287,-0.39422,1.88899,0.24501,-0.33069,1.97646,0.33439,-0.40795,1.89010,0.42566,-0.28093,1.90258,0.30854,-0.49757,1.74717,0.33618,-0.59714,1.40428,0.33098,-0.59885,1.19854,0.33642,-0.33932,1.26010,0.33916,-0.40343,1.46830,0.33749,-0.39155,1.63288,0.32979,-0.57296,1.62366,0.46217,-0.43957,1.68569,0.14660,-0.45442,1.53303,0.07380,-0.48983,1.31598,0.04957,-0.53147,1.31006,0.10985,-0.43765,1.12112,0.03250,-0.41611,1.03484,0.02769,-0.38632,1.04385,0.09224,-0.38814,0.96179,0.04497,-0.44013,1.68207,0.51448,-0.46071,1.54546,0.58749,-0.51780,1.33374,0.61367,-0.53905,1.32912,0.53546,-0.48568,1.23518,0.63786,-0.44258,1.07167,0.64782,-0.39207,1.07586,0.59262,-0.39812,1.00049,0.64965,-0.38452,1.21047,0.20908,-0.39188,1.19116,0.46139,-0.58987,1.22346,0.28950,-0.58892,1.22288,0.38784,-0.45129,1.12457,0.14538,-0.35068,0.92653,0.17250,-0.26922,0.75393,0.22221,-0.29471,0.44735,0.22590,-0.31832,0.27050,0.25342,-0.37970,0.23078,0.31576,-0.09960,0.20967,0.30024,-0.19958,0.19271,0.21605,-0.48493,1.07880,0.52270,-0.48045,0.78610,0.50318,-0.50217,0.67763,0.49312,-0.66720,0.62294,0.50582,-0.90854,0.45989,0.45813,-0.95290,0.48892,0.39031,-0.88324,0.22944,0.42732,-0.96107,0.30399,0.49795,0.00000,0.00000,0.00000,0.00000,0.00000,0.00000,0.00000,0.00000,0.00000,0.00000,0.00000,0.00000,0.00000,0.00000,0.00000,0.00000,0.00000,0.00000
2.87000,  288,-0.38079,1.89066,0.24460,-0.31711,1.97839,0.33359,-0.39426,1.89231,0.42531,-0.26740,1.90445,0.30798,-0.48392,1.74893,0.33606,-0.58281,1.40582,0.32987,-0.58430,1.20021,0.33440,-0.32509,1.26252,0.33688,-0.38925,1.47016,0.33722,-0.37768,1.63473,0.32955,-0.55918,1.62491,0.46178,-0.42592,1.68764,0.14684,-0.44000,1.53497,0.07347,-0.47365,1.31787,0.04860,-0.51578,1.31144,0.10859,-0.42020,1.12339,0.03129,-0.39812,1.03739,0.02621,-0.36878,1.04632,0.09105,-0.36988,0.96437,0.04351,-0.42643,1.68351,0.51422,-0.44653,1.54668,0.58696,-0.50372,1.33486,0.61282,-0.52496,1.33053,0.53472,-0.47216,1.23611,0.63690,-0.42992,1.07243,0.64679,-0.37958,1.07621,0.59127,-0.38603,1.00072,0.64809,-0.37056,1.21268,0.20667,-0.37731,1.19266,0.45961,-0.57523,1.22528,0.28742,-0.57438,1.22427,0.38566,-0.43670,1.12619,0.14354,-0.34122,0.92437,0.17203,-0.25975,0.75187,0.22245,-0.29096,0.44648,0.22718,-0.31724,0.27069,0.25444,-0.37937,0.23085,0.31608,-0.09933,0.20823,0.30063,-0.19947,0.19278,0.21622,-0.46809,1.07974,0.52071,-0.45558,0.78718,0.50315,-0.47379,0.67812,0.49393,-0.63748,0.62496,0.50740,-0.88272,0.46842,0.45770,-0.92415,0.49784,0.38857,-0.87119,0.22557,0.43211,-0.94144,0.31356,0.49753,0.00000,0.00000,0.00000,0.00000,0.00000,0.00000,0.00000,0.00000,0.00000,0.00000,0.00000,0.00000,0.00000,0.00000,0.00000,0.00000,0.00000,0.00000
2.88000,  289,-0.36751,1.89267,0.24454,-0.30368,1.98052,0.33322,-0.38071,1.89457,0.42523,-0.25398,1.90659,0.30771,-0.47041,1.75087,0.33596,-0.56856,1.40751,0.32865,-0.56989,1.20214,0.33215,-0.31126,1.26522,0.33460,-0.37510,1.47228,0.33703,-0.36401,1.63684,0.32945,-0.54568,1.62629,0.46131,-0.41219,1.69009,0.14624,-0.42570,1.53728,0.07311,-0.45757,1.32021,0.04758,-0.50007,1.31319,0.10731,-0.40278,1.12616,0.03004,-0.38017,1.04029,0.02488,-0.35133,1.04917,0.08998,-0.35143,0.96748,0.04187,-0.41318,1.68507,0.51411,-0.43286,1.54807,0.58650,-0.48961,1.33604,0.61208,-0.51105,1.33189,0.53420,-0.45896,1.23711,0.63616,-0.41713,1.07324,0.64577,-0.36733,1.07678,0.58964,-0.37385,1.00123,0.64657,-0.35662,1.21477,0.20449,-0.36285,1.19460,0.45811,-0.56081,1.22741,0.28533,-0.55997,1.22601,0.38356,-0.42214,1.12798,0.14188,-0.33266,0.92306,0.17148,-0.25111,0.75050,0.22299,-0.28798,0.44560,0.22808,-0.31636,0.27084,0.25526,-0.37911,0.23093,0.31636,-0.09885,0.20698,0.30113,-0.19937,0.19281,0.21630,-0.45159,1.08110,0.51866,-0.43086,0.78870,0.50359,-0.44536,0.67941,0.49464,-0.60788,0.62722,0.50927,-0.85729,0.47591,0.45650,-0.89723,0.50401,0.38518,-0.84602,0.23541,0.43885,-0.91878,0.32372,0.49963,0.00000,0.00000,0.00000,0.00000,0.00000,0.00000,0.00000,0.00000,0.00000,0.00000,0.00000,0.00000,0.00000,0.00000,0.00000,0.00000,0.00000,0.00000
2.89000,  290,-0.35430,1.89496,0.24458,-0.29039,1.98293,0.33320,-0.36733,1.89697,0.42542,-0.24073,1.90899,0.30753,-0.45700,1.75303,0.33596,-0.55448,1.40951,0.32747,-0.55582,1.20438,0.32993,-0.29695,1.26828,0.33171,-0.36157,1.47470,0.33659,-0.35046,1.63916,0.32946,-0.53236,1.62784,0.46071,-0.39856,1.69268,0.14658,-0.41152,1.54000,0.07263,-0.44160,1.32289,0.04659,-0.48440,1.31536,0.10609,-0.38546,1.12931,0.02885,-0.36227,1.04367,0.02354,-0.33401,1.05228,0.08924,-0.33283,0.97114,0.04019,-0.40013,1.68678,0.51406,-0.41961,1.54968,0.58614,-0.47584,1.33739,0.61158,-0.49734,1.33332,0.53381,-0.44573,1.23827,0.63546,-0.40435,1.07430,0.64494,-0.35474,1.07765,0.58847,-0.36136,1.00183,0.64493,-0.34273,1.21661,0.20243,-0.34893,1.19689,0.45663,-0.54658,1.22979,0.28322,-0.54576,1.22801,0.38143,-0.40783,1.12987,0.14041,-0.32409,0.92267,0.17082,-0.24364,0.75017,0.22322,-0.28548,0.44485,0.22854,-0.31562,0.27101,0.25584,-0.37896,0.23109,0.31634,-0.09849,0.20612,0.30135,-0.19934,0.19281,0.21626,-0.43582,1.08292,0.51677,-0.40723,0.79077,0.50325,-0.41710,0.68145,0.49521,-0.57904,0.63066,0.51096,-0.83127,0.48355,0.45406,-0.87152,0.50857,0.38122,-0.81430,0.24509,0.44534,-0.89036,0.33218,0.50215,0.00000,0.00000,0.00000,0.00000,0.00000,0.00000,0.00000,0.00000,0.00000,0.00000,0.00000,0.00000,0.00000,0.00000,0.00000,0.00000,0.00000,0.00000
2.90000,  291,-0.34116,1.89761,0.24485,-0.27727,1.98558,0.33350,-0.35388,1.89944,0.42561,-0.22757,1.91160,0.30779,-0.44369,1.75539,0.33601,-0.54058,1.41173,0.32627,-0.54182,1.20699,0.32787,-0.28293,1.27129,0.32932,-0.34759,1.47724,0.33631,-0.33695,1.64175,0.32939,-0.51916,1.62959,0.46013,-0.38490,1.69574,0.14652,-0.39738,1.54317,0.07210,-0.42574,1.32599,0.04553,-0.46985,1.31798,0.10453,-0.36825,1.13276,0.02779,-0.34443,1.04739,0.02237,-0.31666,1.05562,0.08863,-0.31414,0.97525,0.03834,-0.38726,1.68867,0.51404,-0.40680,1.55142,0.58599,-0.46213,1.33894,0.61103,-0.48386,1.33491,0.53360,-0.43260,1.23974,0.63482,-0.39159,1.07557,0.64418,-0.34232,1.07891,0.58736,-0.34893,1.00274,0.64358,-0.32896,1.21829,0.20036,-0.33470,1.19937,0.45546,-0.53255,1.23247,0.28132,-0.53166,1.23028,0.37949,-0.39393,1.13184,0.13905,-0.31625,0.92329,0.17001,-0.23678,0.74995,0.22337,-0.28312,0.44443,0.22897,-0.31497,0.27114,0.25639,-0.37884,0.23127,0.31635,-0.09820,0.20552,0.30138,-0.19932,0.19284,0.21623,-0.42068,1.08525,0.51507,-0.38317,0.79344,0.50338,-0.38947,0.68447,0.49565,-0.55127,0.63568,0.51092,-0.80424,0.48986,0.45212,-0.84621,0.51068,0.37788,-0.77940,0.25201,0.45160,-0.85847,0.33842,0.50538,0.00000,0.00000,0.00000,0.00000,0.00000,0.00000,0.00000,0.00000,0.00000,0.00000,0.00000,0.00000,0.00000,0.00000,0.00000,0.00000,0.00000,0.00000
2.91000,  292,-0.32817,1.90051,0.24526,-0.26424,1.98840,0.33404,-0.34068,1.90205,0.42612,-0.21445,1.91461,0.30818,-0.43040,1.75800,0.33610,-0.52678,1.41423,0.32507,-0.52805,1.20980,0.32612,-0.26943,1.27400,0.32717,-0.33401,1.47994,0.33550,-0.32359,1.64457,0.32944,-0.50604,1.63162,0.45953,-0.37128,1.69921,0.14634,-0.38323,1.54660,0.07168,-0.41004,1.32927,0.04453,-0.45426,1.32089,0.10346,-0.35104,1.13662,0.02674,-0.32669,1.05145,0.02125,-0.29929,1.05967,0.08748,-0.29543,0.97986,0.03658,-0.37448,1.69074,0.51412,-0.39417,1.55343,0.58581,-0.44867,1.34077,0.61058,-0.47053,1.33674,0.53325,-0.41955,1.24150,0.63426,-0.37875,1.07709,0.64347,-0.32968,1.08052,0.58666,-0.33649,1.00404,0.64238,-0.31534,1.21982,0.19869,-0.32094,1.20219,0.45423,-0.51877,1.23532,0.27972,-0.51784,1.23286,0.37792,-0.38102,1.13395,0.13746,-0.30548,0.92422,0.16948,-0.23032,0.74954,0.22320,-0.28074,0.44449,0.22914,-0.31442,0.27129,0.25692,-0.37870,0.23147,0.31631,-0.09797,0.20506,0.30142,-0.19927,0.19285,0.21625,-0.40555,1.08780,0.51314,-0.35931,0.79692,0.50349,-0.36238,0.68847,0.49591,-0.52411,0.64142,0.50887,-0.77648,0.49362,0.44980,-0.82004,0.51071,0.37532,-0.74316,0.25776,0.45686,-0.82498,0.34282,0.50879,0.00000,0.00000,0.00000,0.00000,0.00000,0.00000,0.00000,0.00000,0.00000,0.00000,0.00000,0.00000,0.00000,0.00000,0.00000,0.00000,0.00000,0.00000
2.92000,  293,-0.31522,1.90356,0.24608,-0.25138,1.99138,0.33496,-0.32761,1.90479,0.42690,-0.20144,1.91785,0.30861,-0.41715,1.76075,0.33623,-0.51315,1.41689,0.32398,-0.51444,1.21278,0.32482,-0.25582,1.27673,0.32525,-0.32071,1.48282,0.33457,-0.31028,1.64746,0.32956,-0.49302,1.63384,0.45896,-0.35757,1.70275,0.14648,-0.36898,1.55043,0.07115,-0.39451,1.33289,0.04346,-0.43879,1.32411,0.10239,-0.33398,1.14072,0.02572,-0.30909,1.05585,0.02021,-0.28203,1.06393,0.08664,-0.27673,0.98480,0.03484,-0.36176,1.69300,0.51421,-0.38166,1.55561,0.58560,-0.43547,1.34289,0.61006,-0.45737,1.33883,0.53283,-0.40655,1.24358,0.63372,-0.36609,1.07891,0.64296,-0.31758,1.08331,0.58656,-0.32404,1.00567,0.64132,-0.30190,1.22156,0.19700,-0.30721,1.20520,0.45285,-0.50513,1.23813,0.27839,-0.50406,1.23565,0.37656,-0.36887,1.13595,0.13599,-0.29521,0.92573,0.16899,-0.22449,0.74903,0.22286,-0.27831,0.44467,0.22903,-0.31392,0.27142,0.25726,-0.37861,0.23171,0.31623,-0.09780,0.20470,0.30140,-0.19928,0.19282,0.21620,-0.39157,1.09083,0.51235,-0.33594,0.80109,0.50359,-0.33595,0.69305,0.49612,-0.49697,0.64685,0.50545,-0.74774,0.49543,0.44806,-0.79286,0.50946,0.37363,-0.70693,0.26178,0.46080,-0.79062,0.34534,0.51177,0.00000,0.00000,0.00000,0.00000,0.00000,0.00000,0.00000,0.00000,0.00000,0.00000,0.00000,0.00000,0.00000,0.00000,0.00000,0.00000,0.00000,0.00000
2.93000,  294,-0.30231,1.90682,0.24698,-0.23855,1.99447,0.33597,-0.31450,1.90753,0.42765,-0.18851,1.92100,0.30947,-0.40400,1.76361,0.33635,-0.49958,1.41964,0.32290,-0.50088,1.21578,0.32390,-0.24243,1.27938,0.32359,-0.30749,1.48575,0.33383,-0.29702,1.65060,0.32951,-0.48002,1.63620,0.45844,-0.34373,1.70630,0.14681,-0.35464,1.55448,0.07074,-0.37902,1.33673,0.04242,-0.42340,1.32758,0.10124,-0.31700,1.14505,0.02476,-0.29154,1.06048,0.01917,-0.26486,1.06853,0.08559,-0.25805,0.99012,0.03308,-0.34892,1.69541,0.51411,-0.36841,1.55762,0.58461,-0.42244,1.34517,0.60947,-0.44421,1.34114,0.53219,-0.39360,1.24598,0.63313,-0.35345,1.08110,0.64250,-0.30378,1.08475,0.58579,-0.31157,1.00765,0.64061,-0.28864,1.22380,0.19542,-0.29326,1.20816,0.45170,-0.49165,1.24107,0.27739,-0.49038,1.23866,0.37566,-0.35716,1.13808,0.13483,-0.28481,0.92731,0.16883,-0.21937,0.74847,0.22224,-0.27604,0.44488,0.22878,-0.31355,0.27136,0.25749,-0.37861,0.23197,0.31601,-0.09771,0.20446,0.30135,-0.19929,0.19273,0.21605,-0.37726,1.09388,0.51132,-0.31299,0.80563,0.50338,-0.30992,0.69812,0.49603,-0.46962,0.65173,0.50148,-0.71840,0.49539,0.44697,-0.76433,0.50662,0.37273,-0.67031,0.26359,0.46411,-0.75594,0.34572,0.51415,0.00000,0.00000,0.00000,0.00000,0.00000,0.00000,0.00000,0.00000,0.00000,0.00000,0.00000,0.00000,0.00000,0.00000,0.00000,0.00000,0.00000,0.00000
2.94000,  295,-0.28947,1.91018,0.24770,-0.22570,1.99769,0.33706,-0.30164,1.91025,0.42864,-0.17566,1.92435,0.31050,-0.39093,1.76651,0.33655,-0.48604,1.42240,0.32187,-0.48746,1.21893,0.32342,-0.22910,1.28214,0.32207,-0.29412,1.48889,0.33319,-0.28382,1.65381,0.32943,-0.46706,1.63866,0.45791,-0.32982,1.70998,0.14704,-0.34023,1.55870,0.07024,-0.36363,1.34074,0.04121,-0.40810,1.33121,0.10006,-0.30006,1.14957,0.02376,-0.27404,1.06525,0.01819,-0.24764,1.07336,0.08471,-0.23938,0.99555,0.03150,-0.33627,1.69798,0.51419,-0.35603,1.56015,0.58446,-0.40969,1.34769,0.60881,-0.43126,1.34364,0.53146,-0.38075,1.24860,0.63259,-0.34092,1.08356,0.64202,-0.29081,1.08727,0.58565,-0.29913,1.00994,0.64008,-0.27563,1.22630,0.19421,-0.27945,1.21127,0.45054,-0.47829,1.24399,0.27674,-0.47682,1.24175,0.37508,-0.34544,1.14018,0.13400,-0.27446,0.92874,0.16841,-0.21487,0.74809,0.22133,-0.27425,0.44515,0.22831,-0.31299,0.27143,0.25752,-0.37862,0.23226,0.31574,-0.09762,0.20431,0.30132,-0.19937,0.19269,0.21570,-0.36279,1.09708,0.51047,-0.29042,0.81038,0.50297,-0.28423,0.70345,0.49586,-0.44224,0.65596,0.49770,-0.68863,0.49361,0.44639,-0.73542,0.50240,0.37206,-0.63329,0.26361,0.46686,-0.72098,0.34405,0.51601,0.00000,0.00000,0.00000,0.00000,0.00000,0.00000,0.00000,0.00000,0.00000,0.00000,0.00000,0.00000,0.00000,0.00000,0.00000,0.00000,0.00000,0.00000
2.95000,  296,-0.27668,1.91352,0.24891,-0.21302,2.00082,0.33845,-0.28875,1.91288,0.42965,-0.16284,1.92763,0.31141,-0.37793,1.76938,0.33672,-0.47253,1.42522,0.32093,-0.47400,1.22208,0.32315,-0.21580,1.28490,0.32071,-0.28098,1.49217,0.33256,-0.27061,1.65697,0.32965,-0.45410,1.64114,0.45738,-0.31607,1.71378,0.14732,-0.32578,1.56303,0.06975,-0.34828,1.34484,0.03992,-0.39289,1.33496,0.09873,-0.28321,1.15419,0.02270,-0.25649,1.07020,0.01711,-0.23035,1.07824,0.08376,-0.22077,1.00113,0.03001,-0.32370,1.70060,0.51431,-0.34381,1.56272,0.58429,-0.39715,1.35025,0.60809,-0.41830,1.34624,0.53053,-0.36794,1.25127,0.63191,-0.32838,1.08622,0.64159,-0.27806,1.08993,0.58574,-0.28669,1.01244,0.63987,-0.26275,1.22897,0.19316,-0.26565,1.21437,0.44923,-0.46493,1.24687,0.27620,-0.46334,1.24483,0.37459,-0.33394,1.14245,0.13307,-0.26541,0.93021,0.16751,-0.21072,0.74787,0.22042,-0.27274,0.44538,0.22784,-0.31278,0.27219,0.25653,-0.37866,0.23253,0.31550,-0.09755,0.20416,0.30117,-0.19934,0.19259,0.21551,-0.34830,1.10035,0.50973,-0.26832,0.81516,0.50242,-0.25887,0.70886,0.49544,-0.41480,0.65939,0.49419,-0.65842,0.49023,0.44618,-0.70586,0.49678,0.37181,-0.59561,0.26243,0.46891,-0.68563,0.34061,0.51752,0.00000,0.00000,0.00000,0.00000,0.00000,0.00000,0.00000,0.00000,0.00000,0.00000,0.00000,0.00000,0.00000,0.00000,0.00000,0.00000,0.00000,0.00000
2.96000,  297,-0.26390,1.91689,0.25002,-0.20040,2.00390,0.34000,-0.27598,1.91546,0.43075,-0.15006,1.93097,0.31267,-0.36497,1.77215,0.33688,-0.45902,1.42795,0.32002,-0.46062,1.22526,0.32305,-0.20258,1.28753,0.31971,-0.26770,1.49528,0.33186,-0.25737,1.66008,0.32989,-0.44113,1.64363,0.45687,-0.30243,1.71781,0.14733,-0.31129,1.56732,0.06925,-0.33297,1.34892,0.03855,-0.37770,1.33880,0.09731,-0.26634,1.15887,0.02151,-0.23889,1.07511,0.01605,-0.21295,1.08326,0.08275,-0.20217,1.00659,0.02878,-0.31103,1.70322,0.51425,-0.33157,1.56535,0.58410,-0.38475,1.35283,0.60726,-0.40542,1.34891,0.52954,-0.35540,1.25395,0.63126,-0.31585,1.08894,0.64113,-0.26516,1.09270,0.58574,-0.27415,1.01511,0.63974,-0.24985,1.23168,0.19234,-0.25185,1.21747,0.44781,-0.45185,1.24963,0.27554,-0.44985,1.24801,0.37418,-0.32084,1.14476,0.13305,-0.25653,0.93154,0.16687,-0.20674,0.74778,0.21955,-0.27144,0.44558,0.22734,-0.31267,0.27242,0.25612,-0.37872,0.23283,0.31511,-0.09749,0.20402,0.30104,-0.19931,0.19247,0.21535,-0.33354,1.10348,0.50888,-0.24648,0.81994,0.50192,-0.23382,0.71434,0.49495,-0.38750,0.66163,0.49123,-0.62779,0.48553,0.44630,-0.67581,0.48988,0.37195,-0.55704,0.26011,0.47046,-0.64955,0.33557,0.51873,0.00000,0.00000,0.00000,0.00000,0.00000,0.00000,0.00000,0.00000,0.00000,0.00000,0.00000,0.00000,0.00000,0.00000,0.00000,0.00000,0.00000,0.00000
2.97000,  298,-0.25099,1.92021,0.25089,-0.18774,2.00687,0.34149,-0.26324,1.91789,0.43190,-0.13733,1.93415,0.31387,-0.35199,1.77477,0.33701,-0.44550,1.43064,0.31908,-0.44732,1.22832,0.32295,-0.18933,1.29009,0.31889,-0.25446,1.49846,0.33135,-0.24421,1.66317,0.32972,-0.42819,1.64602,0.45637,-0.28881,1.72150,0.14744,-0.29685,1.57149,0.06866,-0.31767,1.35292,0.03710,-0.36257,1.34250,0.09574,-0.24943,1.16343,0.02029,-0.22119,1.07995,0.01496,-0.19549,1.08831,0.08181,-0.18362,1.01190,0.02768,-0.29831,1.70570,0.51420,-0.31940,1.56788,0.58398,-0.37252,1.35529,0.60643,-0.39266,1.35148,0.52857,-0.34296,1.25654,0.63053,-0.30339,1.09161,0.64063,-0.25206,1.09539,0.58590,-0.26155,1.01779,0.63974,-0.23691,1.23427,0.19168,-0.23807,1.22059,0.44654,-0.43847,1.25271,0.27554,-0.43646,1.25105,0.37386,-0.30802,1.14685,0.13272,-0.24819,0.93260,0.16647,-0.20276,0.74764,0.21866,-0.26999,0.44568,0.22709,-0.31237,0.27274,0.25601,-0.37870,0.23312,0.31484,-0.09742,0.20390,0.30090,-0.19935,0.19235,0.21518,-0.31896,1.10668,0.50845,-0.22494,0.82477,0.50131,-0.20916,0.71978,0.49427,-0.36049,0.66278,0.48904,-0.59678,0.47939,0.44665,-0.64538,0.48168,0.37238,-0.51745,0.25687,0.47142,-0.61248,0.32913,0.51975,0.00000,0.00000,0.00000,0.00000,0.00000,0.00000,0.00000,0.00000,0.00000,0.00000,0.00000,0.00000,0.00000,0.00000,0.00000,0.00000,0.00000,0.00000
2.98000,  299,-0.23821,1.92335,0.25196,-0.17514,2.00967,0.34320,-0.25058,1.92007,0.43308,-0.12457,1.93716,0.31515,-0.33893,1.77734,0.33697,-0.43208,1.43310,0.31813,-0.43455,1.23140,0.32286,-0.17615,1.29250,0.31830,-0.24104,1.50130,0.33098,-0.23097,1.66604,0.32989,-0.41523,1.64826,0.45580,-0.27523,1.72501,0.14767,-0.28246,1.57544,0.06818,-0.30238,1.35676,0.03557,-0.34751,1.34602,0.09405,-0.23243,1.16779,0.01909,-0.20330,1.08461,0.01392,-0.17790,1.09340,0.08075,-0.16514,1.01696,0.02688,-0.28572,1.70807,0.51423,-0.30710,1.57029,0.58369,-0.36029,1.35767,0.60557,-0.37988,1.35394,0.52755,-0.33070,1.25899,0.62984,-0.29090,1.09410,0.64001,-0.23933,1.09794,0.58600,-0.24887,1.02048,0.63984,-0.22400,1.23672,0.19117,-0.22439,1.22362,0.44540,-0.42529,1.25507,0.27478,-0.42310,1.25396,0.37353,-0.29528,1.14874,0.13218,-0.24011,0.93375,0.16626,-0.19908,0.74738,0.21793,-0.26861,0.44582,0.22694,-0.31217,0.27299,0.25593,-0.37879,0.23330,0.31468,-0.09734,0.20378,0.30079,-0.19932,0.19224,0.21510,-0.30407,1.10976,0.50793,-0.20369,0.82954,0.50085,-0.18510,0.72515,0.49360,-0.33394,0.66298,0.48744,-0.56531,0.47207,0.44723,-0.61462,0.47205,0.37322,-0.47657,0.25298,0.47192,-0.57415,0.32135,0.52062,0.00000,0.00000,0.00000,0.00000,0.00000,0.00000,0.00000,0.00000,0.00000,0.00000,0.00000,0.00000,0.00000,0.00000,0.00000,0.00000,0.00000,0.00000
2.99000,  300,-0.22543,1.92625,0.25308,-0.16260,2.01216,0.34482,-0.23792,1.92207,0.43421,-0.11185,1.93996,0.31641,-0.32589,1.77956,0.33708,-0.41856,1.43536,0.31727,-0.42129,1.23409,0.32283,-0.16305,1.29505,0.31764,-0.22754,1.50405,0.33065,-0.21781,1.66878,0.32979,-0.40219,1.65024,0.45530,-0.26169,1.72822,0.14796,-0.26814,1.57916,0.06758,-0.28716,1.36047,0.03394,-0.33245,1.34934,0.09227,-0.21538,1.17208,0.01768,-0.18534,1.08916,0.01276,-0.16028,1.09824,0.07975,-0.14657,1.02173,0.02613,-0.27305,1.71025,0.51420,-0.29501,1.57254,0.58356,-0.34821,1.35981,0.60480,-0.36709,1.35616,0.52658,-0.31853,1.26115,0.62911,-0.27843,1.09641,0.63941,-0.22615,1.10037,0.58594,-0.23607,1.02302,0.63991,-0.21114,1.23886,0.19086,-0.21105,1.22646,0.44424,-0.41216,1.25761,0.27447,-0.40974,1.25670,0.37313,-0.28205,1.15059,0.13227,-0.23239,0.93434,0.16593,-0.19556,0.74704,0.21724,-0.26755,0.44607,0.22655,-0.31193,0.27329,0.25587,-0.37893,0.23352,0.31443,-0.09729,0.20369,0.30068,-0.19932,0.19216,0.21499,-0.28918,1.11262,0.50747,-0.18288,0.83420,0.50016,-0.16163,0.73032,0.49276,-0.30794,0.66255,0.48662,-0.53335,0.46357,0.44797,-0.58339,0.46113,0.37435,-0.43438,0.24881,0.47192,-0.53447,0.31272,0.52155,0.00000,0.00000,0.00000,0.00000,0.00000,0.00000,0.00000,0.00000,0.00000,0.00000,0.00000,0.00000,0.00000,0.00000,0.00000,0.00000,0.00000,0.00000
3.00000,  301,-0.21261,1.92883,0.25407,-0.15002,2.01441,0.34640,-0.22532,1.92371,0.43530,-0.09911,1.94243,0.31776,-0.31285,1.78152,0.33719,-0.40514,1.43736,0.31635,-0.40802,1.23647,0.32274,-0.15003,1.29740,0.31710,-0.21411,1.50632,0.33038,-0.20455,1.67116,0.33001,-0.38922,1.65201,0.45484,-0.24818,1.73106,0.14830,-0.25391,1.58266,0.06697,-0.27189,1.36385,0.03222,-0.31749,1.35230,0.09029,-0.19827,1.17603,0.01641,-0.16745,1.09335,0.01183,-0.14245,1.10284,0.07860,-0.12799,1.02617,0.02555,-0.25985,1.71198,0.51381,-0.28287,1.57455,0.58348,-0.33607,1.36168,0.60396,-0.35431,1.35812,0.52561,-0.30655,1.26304,0.62852,-0.26589,1.09845,0.63882,-0.21303,1.10262,0.58596,-0.22314,1.02534,0.64002,-0.19792,1.24082,0.19080,-0.19740,1.22907,0.44362,-0.39896,1.25979,0.27411,-0.39648,1.25912,0.37283,-0.26994,1.15201,0.13174,-0.22487,0.93472,0.16570,-0.19212,0.74675,0.21641,-0.26701,0.44645,0.22600,-0.31170,0.27361,0.25581,-0.37939,0.23389,0.31389,-0.09723,0.20358,0.30058,-0.19931,0.19207,0.21488,-0.27430,1.11531,0.50722,-0.16253,0.83868,0.49962,-0.13900,0.73518,0.49186,-0.28264,0.66163,0.48654,-0.50081,0.45389,0.44885,-0.55156,0.44873,0.37574,-0.39068,0.24452,0.47185,-0.49343,0.30321,0.52245,0.00000,0.00000,0.00000,0.00000,0.00000,0.00000,0.00000,0.00000,0.00000,0.00000,0.00000,0.00000,0.00000,0.00000,0.00000,0.00000,0.00000,0.00000
3.01000,  302,-0.19984,1.93109,0.25523,-0.13747,2.01634,0.34790,-0.21261,1.92511,0.43628,-0.08638,1.94459,0.31898,-0.29975,1.78312,0.33729,-0.39167,1.43902,0.31560,-0.39430,1.23843,0.32254,-0.13750,1.29969,0.31658,-0.20071,1.50850,0.33004,-0.19129,1.67326,0.33001,-0.37676,1.65369,0.45468,-0.23469,1.73362,0.14839,-0.23977,1.58573,0.06637,-0.25658,1.36702,0.03017,-0.30255,1.35496,0.08821,-0.18108,1.17972,0.01500,-0.14915,1.09731,0.01069,-0.12460,1.10740,0.07763,-0.10942,1.03037,0.02502,-0.24735,1.71367,0.51398,-0.27057,1.57625,0.58333,-0.32393,1.36325,0.60329,-0.34151,1.35984,0.52479,-0.29450,1.26457,0.62787,-0.25335,1.10024,0.63819,-0.19982,1.10464,0.58591,-0.21014,1.02732,0.64003,-0.18387,1.24218,0.19123,-0.18404,1.23145,0.44291,-0.38599,1.26198,0.27423,-0.38321,1.26119,0.37249,-0.25806,1.15296,0.13125,-0.21730,0.93496,0.16572,-0.18864,0.74641,0.21559,-0.26653,0.44686,0.22549,-0.31147,0.27400,0.25581,-0.37929,0.23431,0.31393,-0.09715,0.20347,0.30049,-0.19928,0.19200,0.21481,-0.25951,1.11779,0.50700,-0.14264,0.84309,0.49912,-0.11690,0.73977,0.49064,-0.25819,0.66022,0.48697,-0.46761,0.44313,0.44982,-0.51895,0.43506,0.37722,-0.34576,0.24027,0.47163,-0.45126,0.29321,0.52336,0.00000,0.00000,0.00000,0.00000,0.00000,0.00000,0.00000,0.00000,0.00000,0.00000,0.00000,0.00000,0.00000,0.00000,0.00000,0.00000,0.00000,0.00000
3.02000,  303,-0.18700,1.93292,0.25618,-0.12488,2.01788,0.34928,-0.20021,1.92608,0.43739,-0.07363,1.94642,0.32004,-0.28660,1.78440,0.33743,-0.37834,1.44043,0.31489,-0.38114,1.24013,0.32239,-0.12442,1.30148,0.31594,-0.18734,1.51009,0.32984,-0.17791,1.67499,0.33015,-0.36368,1.65478,0.45427,-0.22124,1.73571,0.14857,-0.22564,1.58833,0.06596,-0.24128,1.36963,0.02843,-0.28760,1.35714,0.08604,-0.16369,1.18320,0.01332,-0.13083,1.10116,0.00934,-0.10657,1.11152,0.07669,-0.09086,1.03413,0.02465,-0.23443,1.71484,0.51392,-0.25829,1.57762,0.58334,-0.31174,1.36449,0.60265,-0.32872,1.36119,0.52404,-0.28242,1.26580,0.62728,-0.24063,1.10158,0.63754,-0.18654,1.10630,0.58594,-0.19712,1.02898,0.64008,-0.17204,1.24269,0.19019,-0.17083,1.23353,0.44236,-0.37294,1.26347,0.27386,-0.36994,1.26294,0.37218,-0.24644,1.15364,0.13067,-0.20970,0.93514,0.16560,-0.18513,0.74610,0.21475,-0.26568,0.44721,0.22513,-0.31156,0.27497,0.25502,-0.37916,0.23454,0.31414,-0.09705,0.20338,0.30038,-0.19926,0.19201,0.21476,-0.24464,1.11998,0.50683,-0.12300,0.84677,0.49892,-0.09553,0.74410,0.48924,-0.23410,0.65828,0.48757,-0.43371,0.43144,0.45078,-0.48550,0.42027,0.37878,-0.29988,0.23643,0.47173,-0.40788,0.28280,0.52431,0.00000,0.00000,0.00000,0.00000,0.00000,0.00000,0.00000,0.00000,0.00000,0.00000,0.00000,0.00000,0.00000,0.00000,0.00000,0.00000,0.00000,0.00000
3.03000,  304,-0.17415,1.93437,0.25713,-0.11227,2.01916,0.35062,-0.18743,1.92682,0.43829,-0.06080,1.94790,0.32113,-0.27340,1.78539,0.33757,-0.36501,1.44150,0.31430,-0.36805,1.24159,0.32232,-0.11123,1.30291,0.31533,-0.17400,1.51144,0.32953,-0.16435,1.67630,0.33031,-0.35048,1.65554,0.45393,-0.20775,1.73738,0.14881,-0.21156,1.59053,0.06536,-0.22599,1.37195,0.02647,-0.27267,1.35890,0.08378,-0.14643,1.18620,0.01206,-0.11275,1.10429,0.00867,-0.08861,1.11529,0.07576,-0.07226,1.03753,0.02439,-0.22139,1.71560,0.51378,-0.24591,1.57858,0.58340,-0.29950,1.36534,0.60211,-0.31598,1.36211,0.52346,-0.27025,1.26662,0.62688,-0.22780,1.10258,0.63708,-0.17318,1.10760,0.58608,-0.18396,1.03024,0.64006,-0.15986,1.24298,0.18985,-0.15765,1.23523,0.44175,-0.35999,1.26470,0.27364,-0.35675,1.26432,0.37194,-0.23476,1.15392,0.13035,-0.20209,0.93532,0.16511,-0.18146,0.74566,0.21387,-0.26456,0.44750,0.22488,-0.31082,0.27495,0.25584,-0.37847,0.23505,0.31462,-0.09694,0.20324,0.30029,-0.19925,0.19198,0.21471,-0.22991,1.12185,0.50663,-0.10400,0.85057,0.49789,-0.07472,0.74807,0.48767,-0.21043,0.65569,0.48811,-0.39903,0.41892,0.45181,-0.45106,0.40450,0.38038,-0.25405,0.23263,0.47187,-0.36373,0.27228,0.52531,0.00000,0.00000,0.00000,0.00000,0.00000,0.00000,0.00000,0.00000,0.00000,0.00000,0.00000,0.00000,0.00000,0.00000,0.00000,0.00000,0.00000,0.00000
3.04000,  305,-0.16124,1.93549,0.25792,-0.09958,2.02001,0.35182,-0.17448,1.92724,0.43903,-0.04796,1.94900,0.32210,-0.26014,1.78604,0.33774,-0.35169,1.44221,0.31386,-0.35504,1.24256,0.32221,-0.09820,1.30377,0.31457,-0.16072,1.51237,0.32944,-0.15075,1.67719,0.33059,-0.33726,1.65596,0.45368,-0.19422,1.73863,0.14914,-0.19747,1.59233,0.06483,-0.21067,1.37375,0.02475,-0.25777,1.36023,0.08148,-0.12918,1.18866,0.01096,-0.09451,1.10709,0.00788,-0.07080,1.11862,0.07486,-0.05365,1.04067,0.02416,-0.20840,1.71597,0.51381,-0.23337,1.57916,0.58341,-0.28721,1.36585,0.60175,-0.30324,1.36269,0.52296,-0.25777,1.26707,0.62651,-0.21488,1.10313,0.63655,-0.15972,1.10856,0.58622,-0.17081,1.03103,0.64000,-0.14767,1.24300,0.18948,-0.14443,1.23642,0.44130,-0.34703,1.26553,0.27342,-0.34361,1.26531,0.37175,-0.22321,1.15397,0.12997,-0.19422,0.93532,0.16500,-0.17784,0.74521,0.21292,-0.26327,0.44780,0.22470,-0.31047,0.27534,0.25596,-0.37807,0.23554,0.31450,-0.09687,0.20309,0.30013,-0.19927,0.19194,0.21471,-0.21533,1.12335,0.50638,-0.08591,0.85376,0.49634,-0.05455,0.75147,0.48596,-0.18701,0.65238,0.48868,-0.36365,0.40577,0.45283,-0.41552,0.38791,0.38201,-0.20733,0.22872,0.47155,-0.31873,0.26174,0.52636,0.00000,0.00000,0.00000,0.00000,0.00000,0.00000,0.00000,0.00000,0.00000,0.00000,0.00000,0.00000,0.00000,0.00000,0.00000,0.00000,0.00000,0.00000
3.05000,  306,-0.14825,1.93613,0.25867,-0.08691,2.02052,0.35293,-0.16143,1.92735,0.43967,-0.03501,1.94972,0.32305,-0.24677,1.78637,0.33789,-0.33849,1.44263,0.31346,-0.34198,1.24316,0.32224,-0.08511,1.30413,0.31361,-0.14699,1.51290,0.32946,-0.13838,1.67788,0.33075,-0.32402,1.65609,0.45339,-0.18064,1.73943,0.14933,-0.18340,1.59358,0.06432,-0.19539,1.37513,0.02288,-0.24286,1.36109,0.07922,-0.11191,1.19071,0.00987,-0.07636,1.10958,0.00722,-0.05287,1.12170,0.07428,-0.03509,1.04341,0.02407,-0.19529,1.71609,0.51385,-0.22058,1.57928,0.58335,-0.27478,1.36595,0.60148,-0.29050,1.36285,0.52263,-0.24528,1.26716,0.62613,-0.20198,1.10340,0.63612,-0.14623,1.10920,0.58643,-0.15747,1.03139,0.63978,-0.13492,1.24264,0.18883,-0.13107,1.23716,0.44085,-0.33415,1.26605,0.27328,-0.33043,1.26590,0.37164,-0.21171,1.15387,0.12965,-0.18655,0.93522,0.16470,-0.17422,0.74478,0.21204,-0.26195,0.44810,0.22453,-0.31018,0.27580,0.25608,-0.37748,0.23594,0.31489,-0.09673,0.20295,0.30009,-0.19925,0.19190,0.21468,-0.20096,1.12443,0.50616,-0.06823,0.85621,0.49543,-0.03504,0.75440,0.48423,-0.16363,0.64830,0.48920,-0.32724,0.39203,0.45377,-0.37887,0.37072,0.38339,-0.16037,0.22490,0.47120,-0.27293,0.25159,0.52740,0.00000,0.00000,0.00000,0.00000,0.00000,0.00000,0.00000,0.00000,0.00000,0.00000,0.00000,0.00000,0.00000,0.00000,0.00000,0.00000,0.00000,0.00000
3.06000,  307,-0.13517,1.93635,0.25946,-0.07405,2.02068,0.35386,-0.14833,1.92709,0.44033,-0.02198,1.95007,0.32384,-0.23329,1.78637,0.33806,-0.32526,1.44278,0.31315,-0.32898,1.24341,0.32236,-0.07211,1.30388,0.31266,-0.13373,1.51290,0.32937,-0.12521,1.67796,0.33059,-0.31075,1.65589,0.45314,-0.16702,1.73979,0.14957,-0.16917,1.59445,0.06363,-0.18008,1.37613,0.02102,-0.22793,1.36159,0.07704,-0.09470,1.19243,0.00890,-0.05826,1.11161,0.00669,-0.03507,1.12429,0.07367,-0.01643,1.04585,0.02405,-0.18215,1.71583,0.51395,-0.20774,1.57898,0.58342,-0.26218,1.36567,0.60133,-0.27771,1.36263,0.52241,-0.23223,1.26688,0.62597,-0.18883,1.10313,0.63568,-0.13275,1.10936,0.58650,-0.14411,1.03134,0.63952,-0.12247,1.24202,0.18803,-0.11781,1.23736,0.44028,-0.32134,1.26615,0.27333,-0.31724,1.26610,0.37163,-0.20029,1.15371,0.12927,-0.17890,0.93497,0.16446,-0.17046,0.74426,0.21135,-0.26072,0.44845,0.22431,-0.30980,0.27626,0.25629,-0.37730,0.23643,0.31507,-0.09662,0.20288,0.29998,-0.19922,0.19190,0.21468,-0.18676,1.12509,0.50591,-0.05024,0.85882,0.49394,-0.01624,0.75687,0.48247,-0.14026,0.64345,0.48965,-0.28991,0.37805,0.45466,-0.34100,0.35320,0.38467,-0.11288,0.22191,0.47131,-0.22656,0.24159,0.52825,0.00000,0.00000,0.00000,0.00000,0.00000,0.00000,0.00000,0.00000,0.00000,0.00000,0.00000,0.00000,0.00000,0.00000,0.00000,0.00000,0.00000,0.00000
3.07000,  308,-0.12199,1.93624,0.25994,-0.06114,2.02045,0.35468,-0.13496,1.92654,0.44074,-0.00888,1.95003,0.32461,-0.21978,1.78602,0.33821,-0.31210,1.44259,0.31294,-0.31594,1.24331,0.32265,-0.05914,1.30300,0.31158,-0.12045,1.51250,0.32923,-0.11168,1.67766,0.33072,-0.29740,1.65540,0.45300,-0.15327,1.73988,0.14968,-0.15504,1.59486,0.06313,-0.16481,1.37656,0.01955,-0.21292,1.36162,0.07495,-0.07751,1.19376,0.00807,-0.04024,1.11325,0.00623,-0.01743,1.12642,0.07321,0.00221,1.04794,0.02409,-0.16888,1.71510,0.51410,-0.19475,1.57830,0.58345,-0.24928,1.36500,0.60116,-0.26487,1.36199,0.52232,-0.21944,1.26635,0.62581,-0.17560,1.10253,0.63527,-0.11921,1.10911,0.58663,-0.13071,1.03088,0.63924,-0.11015,1.24114,0.18694,-0.10431,1.23712,0.43975,-0.30856,1.26598,0.27354,-0.30414,1.26594,0.37179,-0.18894,1.15342,0.12894,-0.17129,0.93461,0.16423,-0.16667,0.74372,0.21065,-0.25939,0.44869,0.22420,-0.30942,0.27659,0.25659,-0.37706,0.23695,0.31526,-0.09652,0.20278,0.29988,-0.19917,0.19194,0.21471,-0.17267,1.12518,0.50565,-0.03317,0.86053,0.49248,0.00176,0.75871,0.48066,-0.11713,0.63796,0.49036,-0.25191,0.36389,0.45539,-0.30159,0.33566,0.38594,-0.06542,0.21939,0.47194,-0.17984,0.23230,0.52928,0.00000,0.00000,0.00000,0.00000,0.00000,0.00000,0.00000,0.00000,0.00000,0.00000,0.00000,0.00000,0.00000,0.00000,0.00000,0.00000,0.00000,0.00000
3.08000,  309,-0.10871,1.93571,0.26054,-0.04811,2.01985,0.35548,-0.12162,1.92563,0.44120,0.00436,1.94962,0.32515,-0.20617,1.78534,0.33843,-0.29985,1.44214,0.31289,-0.30296,1.24288,0.32316,-0.04605,1.30165,0.31066,-0.10709,1.51165,0.32923,-0.09824,1.67683,0.33074,-0.28400,1.65461,0.45297,-0.13952,1.73936,0.15005,-0.14090,1.59480,0.06282,-0.14951,1.37673,0.01781,-0.19793,1.36126,0.07302,-0.06043,1.19459,0.00736,-0.02233,1.11442,0.00591,0.00007,1.12818,0.07297,0.02081,1.04971,0.02425,-0.15559,1.71412,0.51426,-0.18161,1.57721,0.58348,-0.23649,1.36409,0.60124,-0.25200,1.36099,0.52235,-0.20633,1.26541,0.62574,-0.16234,1.10153,0.63493,-0.10558,1.10850,0.58672,-0.11717,1.03004,0.63892,-0.09773,1.24002,0.18583,-0.09091,1.23634,0.43909,-0.29572,1.26552,0.27398,-0.29097,1.26539,0.37210,-0.17753,1.15271,0.12879,-0.16382,0.93399,0.16401,-0.16272,0.74303,0.21006,-0.25801,0.44888,0.22419,-0.30910,0.27701,0.25684,-0.37696,0.23741,0.31570,-0.09642,0.20270,0.29981,-0.19918,0.19197,0.21471,-0.15882,1.12481,0.50540,-0.01651,0.86157,0.49105,0.01890,0.75988,0.47874,-0.09436,0.63190,0.49096,-0.21315,0.34978,0.45597,-0.26119,0.31828,0.38691,-0.01780,0.21760,0.47272,-0.13272,0.22366,0.53037,0.00000,0.00000,0.00000,0.00000,0.00000,0.00000,0.00000,0.00000,0.00000,0.00000,0.00000,0.00000,0.00000,0.00000,0.00000,0.00000,0.00000,0.00000
3.09000,  310,-0.09528,1.93468,0.26116,-0.03493,2.01884,0.35614,-0.10821,1.92432,0.44163,0.01767,1.94880,0.32556,-0.19252,1.78434,0.33860,-0.28667,1.44133,0.31297,-0.28992,1.24209,0.32381,-0.03303,1.29987,0.30982,-0.09379,1.51043,0.32893,-0.08470,1.67569,0.33098,-0.27054,1.65348,0.45292,-0.12577,1.73864,0.15005,-0.12678,1.59437,0.06235,-0.13425,1.37646,0.01629,-0.18285,1.36052,0.07112,-0.04335,1.19508,0.00666,-0.00444,1.11532,0.00569,0.01751,1.12941,0.07287,0.03940,1.05147,0.02417,-0.14197,1.71268,0.51437,-0.16833,1.57577,0.58358,-0.22339,1.36265,0.60130,-0.23902,1.35964,0.52244,-0.19309,1.26405,0.62563,-0.14888,1.10020,0.63462,-0.09198,1.10734,0.58655,-0.10359,1.02879,0.63869,-0.08536,1.23853,0.18495,-0.07721,1.23529,0.43862,-0.28291,1.26462,0.27453,-0.27778,1.26446,0.37267,-0.16623,1.15179,0.12867,-0.15626,0.93316,0.16372,-0.15861,0.74218,0.20950,-0.25653,0.44904,0.22411,-0.30877,0.27736,0.25710,-0.37672,0.23777,0.31596,-0.09636,0.20257,0.29972,-0.19917,0.19196,0.21476,-0.14506,1.12391,0.50524,-0.00036,0.86192,0.48960,0.03502,0.76039,0.47693,-0.07179,0.62521,0.49160,-0.17373,0.33599,0.45651,-0.21988,0.30121,0.38763,0.02981,0.21670,0.47382,-0.08529,0.21577,0.53149,0.00000,0.00000,0.00000,0.00000,0.00000,0.00000,0.00000,0.00000,0.00000,0.00000,0.00000,0.00000,0.00000,0.00000,0.00000,0.00000,0.00000,0.00000
3.10000,  311,-0.08174,1.93339,0.26151,-0.02162,2.01744,0.35673,-0.09475,1.92271,0.44196,0.03113,1.94754,0.32618,-0.17875,1.78303,0.33887,-0.27349,1.44016,0.31325,-0.27658,1.24071,0.32441,-0.01995,1.29786,0.30866,-0.08066,1.50877,0.32891,-0.07117,1.67412,0.33101,-0.25697,1.65208,0.45307,-0.11199,1.73743,0.15036,-0.11264,1.59347,0.06207,-0.11895,1.37569,0.01502,-0.16775,1.35937,0.06953,-0.02633,1.19508,0.00620,0.01327,1.11571,0.00564,0.03489,1.13034,0.07290,0.05763,1.05201,0.02470,-0.12833,1.71096,0.51455,-0.15486,1.57398,0.58367,-0.21023,1.36091,0.60136,-0.22589,1.35791,0.52255,-0.17972,1.26225,0.62557,-0.13538,1.09846,0.63425,-0.07847,1.10591,0.58622,-0.08987,1.02720,0.63825,-0.07314,1.23685,0.18408,-0.06359,1.23368,0.43807,-0.27017,1.26351,0.27524,-0.26450,1.26317,0.37327,-0.15507,1.15068,0.12844,-0.14869,0.93219,0.16335,-0.15439,0.74130,0.20889,-0.25502,0.44912,0.22412,-0.30843,0.27768,0.25742,-0.37650,0.23811,0.31618,-0.09624,0.20282,0.29932,-0.19917,0.19199,0.21480,-0.13138,1.12259,0.50509,0.01508,0.86175,0.48809,0.05026,0.76009,0.47516,-0.04993,0.61817,0.49220,-0.13402,0.32264,0.45700,-0.17691,0.28437,0.38751,0.07723,0.21699,0.47525,-0.03763,0.20864,0.53244,0.00000,0.00000,0.00000,0.00000,0.00000,0.00000,0.00000,0.00000,0.00000,0.00000,0.00000,0.00000,0.00000,0.00000,0.00000,0.00000,0.00000,0.00000
3.11000,  312,-0.06808,1.93165,0.26177,-0.00818,2.01572,0.35732,-0.08129,1.92073,0.44237,0.04477,1.94590,0.32691,-0.16496,1.78136,0.33908,-0.26026,1.43869,0.31372,-0.26376,1.23946,0.32525,-0.00684,1.29549,0.30779,-0.06717,1.50683,0.32887,-0.05751,1.67220,0.33114,-0.24333,1.65035,0.45322,-0.09824,1.73593,0.15051,-0.09853,1.59215,0.06197,-0.10367,1.37446,0.01401,-0.15265,1.35792,0.06810,-0.00939,1.19474,0.00580,0.03093,1.11577,0.00558,0.05193,1.13062,0.07282,0.07622,1.05300,0.02484,-0.11464,1.70893,0.51482,-0.14124,1.57182,0.58381,-0.19686,1.35886,0.60147,-0.21269,1.35585,0.52273,-0.16627,1.26019,0.62549,-0.12177,1.09641,0.63390,-0.06478,1.10404,0.58601,-0.07608,1.02523,0.63780,-0.05996,1.23480,0.18333,-0.04988,1.23173,0.43747,-0.25734,1.26215,0.27603,-0.25112,1.26149,0.37394,-0.14396,1.14940,0.12833,-0.14100,0.93100,0.16293,-0.14988,0.74026,0.20834,-0.25345,0.44916,0.22411,-0.30815,0.27796,0.25776,-0.37631,0.23843,0.31642,-0.09630,0.20256,0.29940,-0.19917,0.19199,0.21486,-0.11784,1.12081,0.50497,0.02987,0.86084,0.48659,0.06478,0.75890,0.47345,-0.02861,0.61065,0.49268,-0.09351,0.30996,0.45751,-0.13335,0.26878,0.38774,0.12455,0.21852,0.47650,0.01013,0.20280,0.53335,0.00000,0.00000,0.00000,0.00000,0.00000,0.00000,0.00000,0.00000,0.00000,0.00000,0.00000,0.00000,0.00000,0.00000,0.00000,0.00000,0.00000,0.00000
3.12000,  313,-0.05430,1.92958,0.26212,0.00540,2.01362,0.35774,-0.06809,1.91842,0.44292,0.05846,1.94393,0.32715,-0.15108,1.77942,0.33941,-0.24698,1.43694,0.31430,-0.25026,1.23749,0.32603,0.00635,1.29306,0.30687,-0.05400,1.50446,0.32874,-0.04390,1.66989,0.33129,-0.22958,1.64835,0.45346,-0.08443,1.73400,0.15083,-0.08441,1.59052,0.06183,-0.08841,1.37313,0.01292,-0.13761,1.35597,0.06703,0.00745,1.19401,0.00550,0.04856,1.11539,0.00574,0.06906,1.13070,0.07296,0.09456,1.05324,0.02527,-0.10073,1.70649,0.51502,-0.12742,1.56933,0.58389,-0.18337,1.35647,0.60155,-0.19936,1.35356,0.52289,-0.15275,1.25775,0.62548,-0.10802,1.09400,0.63352,-0.05121,1.10174,0.58550,-0.06225,1.02295,0.63740,-0.04745,1.23271,0.18294,-0.03607,1.22950,0.43695,-0.24436,1.26039,0.27687,-0.23769,1.25954,0.37458,-0.13286,1.14780,0.12820,-0.13322,0.92955,0.16250,-0.14502,0.73904,0.20791,-0.25170,0.44909,0.22417,-0.30784,0.27827,0.25805,-0.37608,0.23871,0.31668,-0.09623,0.20251,0.29932,-0.19917,0.19201,0.21489,-0.10435,1.11868,0.50489,0.04376,0.85921,0.48508,0.07818,0.75693,0.47207,-0.00787,0.60294,0.49251,-0.05180,0.29800,0.45767,-0.08905,0.25431,0.38778,0.17118,0.22154,0.47786,0.05816,0.19829,0.53386,0.00000,0.00000,0.00000,0.00000,0.00000,0.00000,0.00000,0.00000,0.00000,0.00000,0.00000,0.00000,0.00000,0.00000,0.00000,0.00000,0.00000,0.00000
3.13000,  314,-0.04039,1.92711,0.26251,0.01916,2.01120,0.35813,-0.05440,1.91591,0.44333,0.07233,1.94156,0.32760,-0.13719,1.77715,0.33979,-0.23365,1.43488,0.31498,-0.23720,1.23552,0.32689,0.01967,1.29047,0.30619,-0.04063,1.50175,0.32859,-0.03008,1.66729,0.33155,-0.21580,1.64601,0.45376,-0.07068,1.73184,0.15084,-0.07027,1.58850,0.06177,-0.07310,1.37131,0.01207,-0.12243,1.35380,0.06605,0.02431,1.19288,0.00548,0.06603,1.11472,0.00590,0.08619,1.13033,0.07319,0.11276,1.05329,0.02559,-0.08674,1.70382,0.51528,-0.11345,1.56657,0.58404,-0.16971,1.35381,0.60176,-0.18589,1.35092,0.52305,-0.13908,1.25503,0.62542,-0.09425,1.09134,0.63322,-0.03758,1.09909,0.58497,-0.04844,1.02034,0.63694,-0.03543,1.23034,0.18242,-0.02198,1.22680,0.43665,-0.23136,1.25841,0.27771,-0.22406,1.25720,0.37521,-0.12176,1.14607,0.12814,-0.12535,0.92794,0.16206,-0.13973,0.73764,0.20759,-0.24973,0.44889,0.22428,-0.30753,0.27856,0.25840,-0.37586,0.23901,0.31696,-0.09623,0.20246,0.29925,-0.19915,0.19206,0.21491,-0.09087,1.11613,0.50488,0.05694,0.85672,0.48361,0.09086,0.75412,0.47075,0.01259,0.59515,0.49191,-0.01044,0.28731,0.45794,-0.04439,0.24130,0.38783,0.21721,0.22611,0.47879,0.10571,0.19561,0.53442,0.00000,0.00000,0.00000,0.00000,0.00000,0.00000,0.00000,0.00000,0.00000,0.00000,0.00000,0.00000,0.00000,0.00000,0.00000,0.00000,0.00000,0.00000
3.14000,  315,-0.02636,1.92430,0.26286,0.03302,2.00845,0.35853,-0.04041,1.91306,0.44359,0.08631,1.93882,0.32817,-0.12319,1.77460,0.34020,-0.22026,1.43249,0.31580,-0.22357,1.23307,0.32773,0.03314,1.28774,0.30563,-0.02729,1.49903,0.32843,-0.01629,1.66448,0.33147,-0.20184,1.64340,0.45414,-0.05691,1.72936,0.15116,-0.05612,1.58623,0.06155,-0.05788,1.36921,0.01140,-0.10723,1.35121,0.06525,0.04103,1.19147,0.00539,0.08350,1.11360,0.00613,0.10307,1.12953,0.07345,0.13087,1.05283,0.02605,-0.07263,1.70085,0.51559,-0.09938,1.56349,0.58426,-0.15596,1.35084,0.60192,-0.17236,1.34802,0.52323,-0.12527,1.25197,0.62541,-0.08039,1.08835,0.63288,-0.02396,1.09612,0.58447,-0.03452,1.01744,0.63647,-0.02402,1.22795,0.18176,-0.00796,1.22397,0.43632,-0.21817,1.25585,0.27847,-0.21030,1.25461,0.37590,-0.11062,1.14397,0.12824,-0.11736,0.92613,0.16157,-0.13398,0.73603,0.20729,-0.24749,0.44862,0.22442,-0.30720,0.27880,0.25881,-0.37564,0.23930,0.31731,-0.09619,0.20227,0.29924,-0.19917,0.19212,0.21496,-0.07734,1.11324,0.50485,0.06914,0.85351,0.48236,0.10279,0.75044,0.46944,0.03289,0.58738,0.49110,0.03080,0.27817,0.45808,-0.00002,0.23000,0.38805,0.26210,0.23238,0.47927,0.15285,0.19447,0.53462,0.00000,0.00000,0.00000,0.00000,0.00000,0.00000,0.00000,0.00000,0.00000,0.00000,0.00000,0.00000,0.00000,0.00000,0.00000,0.00000,0.00000,0.00000
3.15000,  316,-0.01226,1.92124,0.26314,0.04701,2.00540,0.35893,-0.02652,1.90995,0.44396,0.10036,1.93588,0.32845,-0.10915,1.77177,0.34065,-0.20680,1.42978,0.31676,-0.20993,1.23037,0.32862,0.04678,1.28491,0.30524,-0.01368,1.49585,0.32858,-0.00245,1.66124,0.33178,-0.18787,1.64052,0.45459,-0.04318,1.72647,0.15159,-0.04191,1.58355,0.06173,-0.04259,1.36659,0.01113,-0.09202,1.34832,0.06472,0.05773,1.18970,0.00542,0.10083,1.11224,0.00643,0.12005,1.12836,0.07400,0.14877,1.05207,0.02644,-0.05842,1.69763,0.51592,-0.08514,1.56016,0.58441,-0.14213,1.34763,0.60208,-0.15863,1.34485,0.52344,-0.11134,1.24869,0.62537,-0.06648,1.08508,0.63265,-0.01031,1.09281,0.58381,-0.02056,1.01416,0.63593,-0.01141,1.22512,0.18150,0.00632,1.22086,0.43594,-0.20491,1.25321,0.27945,-0.19639,1.25165,0.37664,-0.09928,1.14163,0.12854,-0.10911,0.92426,0.16110,-0.12777,0.73428,0.20710,-0.24499,0.44825,0.22470,-0.30682,0.27911,0.25925,-0.37538,0.23962,0.31760,-0.09616,0.20221,0.29920,-0.19919,0.19211,0.21505,-0.06375,1.11003,0.50477,0.08073,0.84939,0.48117,0.11420,0.74621,0.46840,0.05273,0.57984,0.49038,0.07164,0.27074,0.45831,0.04405,0.22048,0.38817,0.30556,0.24042,0.47920,0.19911,0.19518,0.53446,0.00000,0.00000,0.00000,0.00000,0.00000,0.00000,0.00000,0.00000,0.00000,0.00000,0.00000,0.00000,0.00000,0.00000,0.00000,0.00000,0.00000,0.00000
3.16000,  317,0.00196,1.91789,0.26339,0.06114,2.00208,0.35929,-0.01229,1.90659,0.44424,0.11452,1.93257,0.32877,-0.09505,1.76867,0.34113,-0.19325,1.42679,0.31768,-0.19574,1.22713,0.32940,0.06050,1.28199,0.30495,-0.00005,1.49252,0.32860,0.01154,1.65786,0.33198,-0.17372,1.63733,0.45511,-0.02947,1.72335,0.15191,-0.02773,1.58053,0.06196,-0.02735,1.36379,0.01071,-0.07678,1.34506,0.06443,0.07437,1.18759,0.00563,0.11804,1.11056,0.00679,0.13694,1.12678,0.07434,0.16658,1.05082,0.02700,-0.04408,1.69416,0.51623,-0.07086,1.55662,0.58467,-0.12797,1.34417,0.60216,-0.14478,1.34142,0.52364,-0.09731,1.24519,0.62528,-0.05252,1.08154,0.63229,0.00335,1.08925,0.58306,-0.00667,1.01064,0.63539,0.00120,1.22226,0.18111,0.02078,1.21736,0.43554,-0.19146,1.25020,0.28035,-0.18231,1.24832,0.37744,-0.08757,1.13921,0.12850,-0.10051,0.92224,0.16058,-0.12123,0.73235,0.20693,-0.24230,0.44788,0.22498,-0.30642,0.27944,0.25970,-0.37511,0.24000,0.31800,-0.09613,0.20211,0.29914,-0.19919,0.19211,0.21508,-0.05009,1.10651,0.50481,0.09175,0.84446,0.48063,0.12542,0.74133,0.46772,0.07253,0.57256,0.48933,0.11155,0.26470,0.45833,0.08715,0.21266,0.38826,0.34714,0.25025,0.47843,0.24414,0.19791,0.53411,0.00000,0.00000,0.00000,0.00000,0.00000,0.00000,0.00000,0.00000,0.00000,0.00000,0.00000,0.00000,0.00000,0.00000,0.00000,0.00000,0.00000,0.00000
3.17000,  318,0.01627,1.91426,0.26394,0.07538,1.99846,0.35972,0.00204,1.90295,0.44457,0.12884,1.92895,0.32934,-0.08080,1.76528,0.34152,-0.17963,1.42354,0.31877,-0.18152,1.22375,0.33032,0.07432,1.27893,0.30478,0.01361,1.48895,0.32875,0.02549,1.65427,0.33219,-0.15948,1.63393,0.45571,-0.01572,1.71991,0.15228,-0.01355,1.57721,0.06217,-0.01215,1.36055,0.01077,-0.06154,1.34148,0.06433,0.09089,1.18513,0.00590,0.13517,1.10839,0.00724,0.15369,1.12479,0.07473,0.18414,1.04913,0.02761,-0.02971,1.69050,0.51662,-0.05641,1.55286,0.58486,-0.11379,1.34046,0.60236,-0.13087,1.33788,0.52379,-0.08320,1.24144,0.62524,-0.03850,1.07782,0.63201,0.01706,1.08537,0.58250,0.00722,1.00688,0.63479,0.01416,1.21916,0.18092,0.03545,1.21382,0.43528,-0.17779,1.24676,0.28136,-0.16807,1.24471,0.37832,-0.07574,1.13647,0.12879,-0.09159,0.92005,0.16004,-0.11430,0.73039,0.20664,-0.23953,0.44751,0.22521,-0.30601,0.27985,0.26009,-0.37479,0.24039,0.31838,-0.09609,0.20207,0.29902,-0.19920,0.19210,0.21513,-0.03610,1.10259,0.50482,0.10183,0.83857,0.48050,0.13676,0.73594,0.46737,0.09188,0.56557,0.48858,0.15037,0.26007,0.45793,0.12900,0.20649,0.38813,0.38634,0.26159,0.47685,0.28746,0.20244,0.53312,0.00000,0.00000,0.00000,0.00000,0.00000,0.00000,0.00000,0.00000,0.00000,0.00000,0.00000,0.00000,0.00000,0.00000,0.00000,0.00000,0.00000,0.00000
3.18000,  319,0.03062,1.91047,0.26428,0.08974,1.99464,0.36015,0.01634,1.89907,0.44497,0.14316,1.92518,0.32948,-0.06655,1.76169,0.34209,-0.16586,1.42010,0.31977,-0.16742,1.22020,0.33144,0.08836,1.27573,0.30465,0.02735,1.48519,0.32883,0.03959,1.65043,0.33238,-0.14513,1.63031,0.45631,-0.00195,1.71634,0.15248,0.00069,1.57364,0.06256,0.00302,1.35713,0.01078,-0.04630,1.33763,0.06448,0.10734,1.18235,0.00634,0.15217,1.10598,0.00783,0.17046,1.12245,0.07543,0.20153,1.04711,0.02819,-0.01523,1.68668,0.51703,-0.04191,1.54899,0.58511,-0.09953,1.33661,0.60256,-0.11685,1.33410,0.52401,-0.06902,1.23751,0.62523,-0.02446,1.07386,0.63165,0.03094,1.08138,0.58191,0.02117,1.00282,0.63418,0.02736,1.21601,0.18079,0.05038,1.21005,0.43520,-0.16393,1.24306,0.28242,-0.15353,1.24079,0.37930,-0.06374,1.13355,0.12914,-0.08218,0.91767,0.15973,-0.10706,0.72817,0.20646,-0.23668,0.44727,0.22532,-0.30561,0.28026,0.26035,-0.37453,0.24088,0.31858,-0.09614,0.20211,0.29905,-0.19921,0.19208,0.21513,-0.02172,1.09844,0.50489,0.11287,0.83278,0.48165,0.14809,0.73028,0.46750,0.11126,0.55888,0.48804,0.18734,0.25693,0.45736,0.16903,0.20189,0.38773,0.42294,0.27386,0.47436,0.32859,0.20849,0.53155,0.00000,0.00000,0.00000,0.00000,0.00000,0.00000,0.00000,0.00000,0.00000,0.00000,0.00000,0.00000,0.00000,0.00000,0.00000,0.00000,0.00000,0.00000
3.19000,  320,0.04506,1.90646,0.26468,0.10421,1.99060,0.36063,0.03077,1.89501,0.44545,0.15754,1.92111,0.32999,-0.05221,1.75796,0.34261,-0.15193,1.41636,0.32088,-0.15275,1.21622,0.33248,0.10257,1.27238,0.30436,0.04114,1.48124,0.32900,0.05368,1.64641,0.33259,-0.13070,1.62648,0.45695,0.01181,1.71249,0.15268,0.01487,1.56983,0.06294,0.01818,1.35330,0.01112,-0.03106,1.33351,0.06480,0.12363,1.17933,0.00679,0.16902,1.10326,0.00840,0.18711,1.11983,0.07585,0.21874,1.04466,0.02885,-0.00064,1.68266,0.51747,-0.02726,1.54488,0.58538,-0.08520,1.33260,0.60273,-0.10266,1.33016,0.52425,-0.05477,1.23341,0.62518,-0.01040,1.06972,0.63142,0.04471,1.07711,0.58123,0.03503,0.99856,0.63358,0.04068,1.21261,0.18074,0.06552,1.20598,0.43510,-0.14988,1.23904,0.28353,-0.13884,1.23664,0.38032,-0.05153,1.13042,0.12962,-0.07222,0.91507,0.15919,-0.09944,0.72588,0.20625,-0.23375,0.44691,0.22543,-0.30506,0.28070,0.26047,-0.37420,0.24149,0.31867,-0.09614,0.20206,0.29899,-0.19923,0.19201,0.21505,-0.00684,1.09408,0.50497,0.12347,0.82648,0.48354,0.15951,0.72466,0.46805,0.13060,0.55287,0.48805,0.22261,0.25505,0.45631,0.20695,0.19860,0.38700,0.45674,0.28643,0.47083,0.36720,0.21544,0.52904,0.00000,0.00000,0.00000,0.00000,0.00000,0.00000,0.00000,0.00000,0.00000,0.00000,0.00000,0.00000,0.00000,0.00000,0.00000,0.00000,0.00000,0.00000
3.20000,  321,0.05961,1.90237,0.26522,0.11877,1.98646,0.36123,0.04532,1.89078,0.44596,0.17216,1.91696,0.33065,-0.03783,1.75404,0.34320,-0.13780,1.41243,0.32201,-0.13789,1.21214,0.33375,0.11694,1.26889,0.30410,0.05522,1.47711,0.32917,0.06793,1.64225,0.33291,-0.11620,1.62246,0.45771,0.02568,1.70838,0.15315,0.02896,1.56569,0.06337,0.03327,1.34921,0.01169,-0.01581,1.32913,0.06530,0.13982,1.17591,0.00745,0.18568,1.10014,0.00912,0.20369,1.11693,0.07668,0.23573,1.04192,0.02966,0.01403,1.67851,0.51793,-0.01258,1.54067,0.58567,-0.07073,1.32838,0.60291,-0.08835,1.32605,0.52445,-0.04044,1.22915,0.62524,0.00368,1.06534,0.63109,0.05857,1.07273,0.58059,0.04906,0.99412,0.63285,0.05399,1.20891,0.18056,0.08066,1.20188,0.43489,-0.13560,1.23491,0.28480,-0.12397,1.23239,0.38146,-0.03920,1.12717,0.13004,-0.06197,0.91227,0.15901,-0.09143,0.72337,0.20608,-0.23071,0.44662,0.22549,-0.30446,0.28132,0.26048,-0.37379,0.24224,0.31877,-0.09614,0.20203,0.29896,-0.19927,0.19192,0.21496,0.00856,1.08960,0.50506,0.13356,0.82007,0.48677,0.17101,0.71930,0.46907,0.14997,0.54738,0.48860,0.25563,0.25390,0.45476,0.24248,0.19641,0.38568,0.48756,0.29865,0.46641,0.40332,0.22244,0.52562,0.00000,0.00000,0.00000,0.00000,0.00000,0.00000,0.00000,0.00000,0.00000,0.00000,0.00000,0.00000,0.00000,0.00000,0.00000,0.00000,0.00000,0.00000
3.21000,  322,0.07423,1.89818,0.26587,0.13343,1.98220,0.36185,0.05989,1.88646,0.44654,0.18667,1.91271,0.33089,-0.02339,1.75006,0.34370,-0.12353,1.40834,0.32310,-0.12302,1.20805,0.33506,0.13156,1.26522,0.30386,0.06947,1.47288,0.32963,0.08223,1.63805,0.33321,-0.10161,1.61831,0.45846,0.03959,1.70414,0.15346,0.04307,1.56132,0.06395,0.04839,1.34491,0.01231,-0.00055,1.32456,0.06600,0.15586,1.17216,0.00824,0.20206,1.09674,0.00987,0.21843,1.11297,0.07710,0.25246,1.03887,0.03033,0.02880,1.67423,0.51834,0.00224,1.53626,0.58602,-0.05615,1.32409,0.60315,-0.07400,1.32189,0.52472,-0.02598,1.22473,0.62523,0.01786,1.06086,0.63073,0.07246,1.06814,0.57993,0.06303,0.98955,0.63231,0.06558,1.20464,0.18083,0.09629,1.19766,0.43485,-0.12123,1.23076,0.28620,-0.10905,1.22807,0.38269,-0.02654,1.12367,0.13065,-0.05127,0.90932,0.15888,-0.08291,0.72074,0.20596,-0.22748,0.44630,0.22553,-0.30375,0.28198,0.26046,-0.37330,0.24332,0.31881,-0.09614,0.20197,0.29888,-0.19926,0.19181,0.21487,0.02424,1.08513,0.50542,0.14358,0.81400,0.49116,0.18262,0.71454,0.47043,0.16934,0.54256,0.48972,0.28628,0.25311,0.45248,0.27539,0.19491,0.38348,0.51542,0.31000,0.46124,0.43646,0.22880,0.52136,0.00000,0.00000,0.00000,0.00000,0.00000,0.00000,0.00000,0.00000,0.00000,0.00000,0.00000,0.00000,0.00000,0.00000,0.00000,0.00000,0.00000,0.00000
3.22000,  323,0.08892,1.89398,0.26631,0.14823,1.97784,0.36248,0.07467,1.88209,0.44707,0.20138,1.90840,0.33143,-0.00890,1.74596,0.34430,-0.10909,1.40415,0.32414,-0.10817,1.20412,0.33668,0.14629,1.26137,0.30351,0.08381,1.46864,0.33001,0.09659,1.63367,0.33353,-0.08695,1.61404,0.45919,0.05358,1.69988,0.15368,0.05719,1.55684,0.06452,0.06344,1.34049,0.01315,0.01470,1.31984,0.06695,0.17170,1.16820,0.00909,0.21826,1.09299,0.01092,0.23449,1.10944,0.07802,0.26889,1.03545,0.03118,0.04353,1.66990,0.51890,0.01711,1.53180,0.58639,-0.04146,1.31966,0.60339,-0.05954,1.31752,0.52505,-0.01143,1.22022,0.62527,0.03201,1.05626,0.63052,0.08652,1.06336,0.57931,0.07704,0.98482,0.63167,0.07915,1.20060,0.18062,0.11157,1.19329,0.43457,-0.10663,1.22658,0.28765,-0.09403,1.22375,0.38399,-0.01352,1.12015,0.13125,-0.04014,0.90624,0.15885,-0.07389,0.71800,0.20581,-0.22365,0.44613,0.22555,-0.30292,0.28290,0.26036,-0.37274,0.24461,0.31886,-0.09613,0.20192,0.29882,-0.19927,0.19175,0.21465,0.04003,1.08079,0.50601,0.15504,0.80790,0.49399,0.19476,0.71017,0.47150,0.18807,0.53805,0.49114,0.31409,0.25208,0.45007,0.30529,0.19380,0.38059,0.54006,0.32016,0.45601,0.46695,0.23368,0.51628,0.00000,0.00000,0.00000,0.00000,0.00000,0.00000,0.00000,0.00000,0.00000,0.00000,0.00000,0.00000,0.00000,0.00000,0.00000,0.00000,0.00000,0.00000
3.23000,  324,0.10372,1.88976,0.26705,0.16304,1.97352,0.36328,0.08949,1.87770,0.44775,0.21622,1.90401,0.33227,0.00570,1.74182,0.34494,-0.09456,1.39993,0.32515,-0.09319,1.20008,0.33825,0.16120,1.25721,0.30329,0.09841,1.46428,0.33044,0.11119,1.62925,0.33404,-0.07220,1.60971,0.45990,0.06769,1.69546,0.15419,0.07134,1.55227,0.06516,0.07848,1.33587,0.01417,0.02991,1.31497,0.06808,0.18739,1.16400,0.01015,0.23419,1.08909,0.01188,0.25048,1.10556,0.07892,0.28513,1.03173,0.03210,0.05834,1.66551,0.51936,0.03205,1.52726,0.58674,-0.02669,1.31518,0.60365,-0.04491,1.31314,0.52535,0.00316,1.21563,0.62529,0.04632,1.05159,0.63021,0.10067,1.05862,0.57894,0.09112,0.98003,0.63106,0.09298,1.19640,0.18078,0.12652,1.18901,0.43405,-0.09192,1.22248,0.28915,-0.07916,1.21959,0.38540,-0.00016,1.11645,0.13210,-0.02858,0.90314,0.15889,-0.06452,0.71513,0.20599,-0.21921,0.44623,0.22535,-0.30187,0.28409,0.26018,-0.37207,0.24634,0.31879,-0.09612,0.20190,0.29875,-0.19926,0.19169,0.21471,0.05592,1.07670,0.50692,0.16996,0.80394,0.49280,0.20770,0.70575,0.47243,0.20484,0.53374,0.49213,0.33880,0.25046,0.44786,0.33187,0.19230,0.37760,0.56128,0.32875,0.45131,0.49458,0.23676,0.51054,0.00000,0.00000,0.00000,0.00000,0.00000,0.00000,0.00000,0.00000,0.00000,0.00000,0.00000,0.00000,0.00000,0.00000,0.00000,0.00000,0.00000,0.00000
3.24000,  325,0.11855,1.88556,0.26784,0.17801,1.96920,0.36399,0.10429,1.87336,0.44843,0.23105,1.89964,0.33268,0.02043,1.73762,0.34555,-0.07981,1.39563,0.32615,-0.07787,1.19587,0.33971,0.17632,1.25296,0.30310,0.11306,1.45988,0.33075,0.12579,1.62496,0.33438,-0.05738,1.60535,0.46063,0.08197,1.69102,0.15463,0.08563,1.54766,0.06600,0.09348,1.33123,0.01532,0.04503,1.31010,0.06935,0.20280,1.15961,0.01124,0.24985,1.08487,0.01297,0.26628,1.10150,0.07998,0.30104,1.02780,0.03315,0.07317,1.66113,0.52002,0.04713,1.52272,0.58718,-0.01182,1.31069,0.60390,-0.03026,1.30869,0.52569,0.01788,1.21100,0.62536,0.06058,1.04689,0.62997,0.11465,1.05380,0.57835,0.10508,0.97522,0.63052,0.10764,1.19214,0.18090,0.14206,1.18466,0.43408,-0.07670,1.21810,0.29034,-0.06414,1.21556,0.38679,0.01348,1.11276,0.13293,-0.01650,0.89989,0.15913,-0.05429,0.71214,0.20600,-0.21489,0.44616,0.22549,-0.30063,0.28544,0.25996,-0.37124,0.24838,0.31863,-0.09610,0.20187,0.29866,-0.19926,0.19159,0.21465,0.07228,1.07271,0.50790,0.18594,0.80172,0.49108,0.22181,0.70171,0.47321,0.22007,0.52911,0.49105,0.35995,0.24779,0.44597,0.35430,0.18964,0.37514,0.57850,0.33510,0.44646,0.51844,0.23812,0.50483,0.00000,0.00000,0.00000,0.00000,0.00000,0.00000,0.00000,0.00000,0.00000,0.00000,0.00000,0.00000,0.00000,0.00000,0.00000,0.00000,0.00000,0.00000
3.25000,  326,0.13348,1.88140,0.26854,0.19300,1.96491,0.36482,0.11922,1.86908,0.44920,0.24599,1.89533,0.33359,0.03525,1.73347,0.34620,-0.06495,1.39141,0.32711,-0.06256,1.19171,0.34123,0.19154,1.24840,0.30329,0.12799,1.45552,0.33141,0.14005,1.62079,0.33489,-0.04248,1.60103,0.46136,0.09643,1.68663,0.15512,0.09999,1.54306,0.06669,0.10833,1.32656,0.01666,0.06014,1.30526,0.07079,0.21809,1.15513,0.01248,0.26521,1.08049,0.01424,0.28172,1.09722,0.08115,0.31666,1.02375,0.03423,0.08807,1.65676,0.52071,0.06216,1.51816,0.58757,0.00318,1.30615,0.60417,-0.01550,1.30426,0.52594,0.03264,1.20639,0.62540,0.07497,1.04213,0.62982,0.12865,1.04892,0.57775,0.11932,0.97032,0.62992,0.12211,1.18780,0.18137,0.15752,1.18044,0.43423,-0.06183,1.21410,0.29196,-0.04894,1.21150,0.38813,0.02744,1.10888,0.13396,-0.00408,0.89643,0.15955,-0.04364,0.70897,0.20605,-0.20979,0.44626,0.22534,-0.29921,0.28706,0.25959,-0.37023,0.25086,0.31853,-0.09609,0.20186,0.29858,-0.19913,0.19150,0.21446,0.08866,1.06917,0.50893,0.20292,0.79976,0.49069,0.23818,0.69876,0.47297,0.23535,0.52473,0.48836,0.37748,0.24418,0.44452,0.37191,0.18543,0.37407,0.59228,0.33791,0.44067,0.53816,0.23782,0.49958,0.00000,0.00000,0.00000,0.00000,0.00000,0.00000,0.00000,0.00000,0.00000,0.00000,0.00000,0.00000,0.00000,0.00000,0.00000,0.00000,0.00000,0.00000
3.26000,  327,0.14845,1.87735,0.26933,0.20808,1.96072,0.36562,0.13431,1.86485,0.44989,0.26099,1.89110,0.33432,0.05025,1.72942,0.34696,-0.04987,1.38728,0.32792,-0.04730,1.18773,0.34286,0.20685,1.24390,0.30354,0.14297,1.45119,0.33199,0.15579,1.61639,0.33543,-0.02755,1.59685,0.46215,0.11118,1.68228,0.15580,0.11459,1.53848,0.06755,0.12311,1.32184,0.01806,0.07517,1.30044,0.07248,0.23301,1.15054,0.01384,0.28028,1.07607,0.01555,0.29694,1.09295,0.08251,0.33192,1.01943,0.03546,0.10315,1.65246,0.52142,0.07733,1.51371,0.58803,0.01827,1.30170,0.60445,-0.00058,1.29983,0.52629,0.04746,1.20181,0.62556,0.08937,1.03743,0.62965,0.14244,1.04406,0.57696,0.13342,0.96553,0.62951,0.13720,1.18332,0.18183,0.17316,1.17645,0.43484,-0.04626,1.20967,0.29307,-0.03356,1.20761,0.38939,0.04167,1.10484,0.13510,0.00865,0.89285,0.16002,-0.03255,0.70566,0.20616,-0.20447,0.44648,0.22533,-0.29751,0.28896,0.25916,-0.36889,0.25370,0.31825,-0.09610,0.20185,0.29852,-0.19907,0.19141,0.21433,0.10471,1.06637,0.51013,0.22028,0.79752,0.49042,0.25629,0.69684,0.47198,0.25159,0.52138,0.48584,0.39160,0.23982,0.44354,0.38518,0.17972,0.37442,0.60445,0.33579,0.43374,0.55370,0.23545,0.49520,0.00000,0.00000,0.00000,0.00000,0.00000,0.00000,0.00000,0.00000,0.00000,0.00000,0.00000,0.00000,0.00000,0.00000,0.00000,0.00000,0.00000,0.00000
3.27000,  328,0.16356,1.87327,0.27018,0.22320,1.95665,0.36640,0.14946,1.86078,0.45070,0.27607,1.88702,0.33499,0.06542,1.72536,0.34774,-0.03456,1.38315,0.32872,-0.03172,1.18366,0.34413,0.22237,1.23928,0.30413,0.15820,1.44698,0.33271,0.17158,1.61214,0.33624,-0.01249,1.59278,0.46292,0.12623,1.67804,0.15638,0.12926,1.53403,0.06835,0.13777,1.31729,0.01948,0.09007,1.29584,0.07420,0.24774,1.14597,0.01533,0.29500,1.07146,0.01698,0.31193,1.08854,0.08381,0.34683,1.01513,0.03658,0.11827,1.64826,0.52222,0.09255,1.50932,0.58851,0.03343,1.29733,0.60474,0.01451,1.29557,0.52664,0.06243,1.19735,0.62565,0.10375,1.03286,0.62949,0.15671,1.03922,0.57660,0.14762,0.96079,0.62901,0.15244,1.17885,0.18240,0.18906,1.17285,0.43573,-0.03082,1.20562,0.29446,-0.01788,1.20382,0.39055,0.05623,1.10091,0.13587,0.02177,0.88920,0.16062,-0.02086,0.70217,0.20635,-0.19886,0.44681,0.22532,-0.29554,0.29120,0.25860,-0.36733,0.25716,0.31804,-0.09609,0.20183,0.29848,-0.19896,0.19130,0.21419,0.12057,1.06412,0.51151,0.23821,0.79535,0.49014,0.27549,0.69482,0.47043,0.26844,0.51869,0.48424,0.40292,0.23497,0.44260,0.39459,0.17339,0.37523,0.61633,0.32861,0.42664,0.56563,0.23058,0.49176,0.00000,0.00000,0.00000,0.00000,0.00000,0.00000,0.00000,0.00000,0.00000,0.00000,0.00000,0.00000,0.00000,0.00000,0.00000,0.00000,0.00000,0.00000
3.28000,  329,0.17865,1.86928,0.27083,0.23839,1.95266,0.36712,0.16458,1.85687,0.45156,0.29123,1.88303,0.33578,0.08058,1.72141,0.34855,-0.01899,1.37904,0.32934,-0.01552,1.17943,0.34513,0.23831,1.23481,0.30502,0.17364,1.44293,0.33359,0.18616,1.60822,0.33725,0.00267,1.58873,0.46370,0.14148,1.67390,0.15714,0.14410,1.52973,0.06938,0.15218,1.31285,0.02107,0.10485,1.29139,0.07614,0.26218,1.14140,0.01689,0.30934,1.06688,0.01855,0.32653,1.08398,0.08505,0.36132,1.01074,0.03793,0.13344,1.64419,0.52311,0.10776,1.50509,0.58913,0.04873,1.29304,0.60503,0.02970,1.29140,0.52692,0.07751,1.19301,0.62579,0.11828,1.02833,0.62941,0.17103,1.03466,0.57628,0.16180,0.95618,0.62870,0.16792,1.17427,0.18307,0.20499,1.16969,0.43679,-0.01496,1.20140,0.29541,-0.00175,1.19998,0.39148,0.07113,1.09676,0.13697,0.03523,0.88548,0.16136,-0.00855,0.69857,0.20645,-0.19284,0.44744,0.22526,-0.29316,0.29369,0.25814,-0.36544,0.26125,0.31790,-0.09608,0.20184,0.29839,-0.19885,0.19124,0.21408,0.13676,1.06195,0.51280,0.25637,0.79265,0.48948,0.29494,0.69246,0.46879,0.28538,0.51617,0.48347,0.41168,0.22972,0.44167,0.40107,0.16694,0.37559,0.62754,0.31747,0.42076,0.57430,0.22314,0.48907,0.00000,0.00000,0.00000,0.00000,0.00000,0.00000,0.00000,0.00000,0.00000,0.00000,0.00000,0.00000,0.00000,0.00000,0.00000,0.00000,0.00000,0.00000
3.29000,  330,0.19386,1.86526,0.27183,0.25361,1.94875,0.36793,0.17999,1.85297,0.45235,0.30643,1.87904,0.33658,0.09575,1.71747,0.34953,-0.00317,1.37485,0.33006,0.00063,1.17559,0.34620,0.25448,1.23054,0.30601,0.18935,1.43908,0.33443,0.20158,1.60428,0.33830,0.01787,1.58475,0.46454,0.15697,1.66982,0.15815,0.15922,1.52550,0.07067,0.16649,1.30855,0.02285,0.11952,1.28730,0.07813,0.27629,1.13677,0.01857,0.32333,1.06225,0.02018,0.34078,1.07957,0.08669,0.37541,1.00633,0.03919,0.14853,1.64023,0.52408,0.12306,1.50099,0.58989,0.06403,1.28891,0.60532,0.04498,1.28739,0.52722,0.09255,1.18886,0.62594,0.13279,1.02406,0.62939,0.18529,1.03016,0.57588,0.17612,0.95164,0.62838,0.18367,1.16979,0.18397,0.22139,1.16677,0.43823,0.00128,1.19718,0.29631,0.01478,1.19603,0.39229,0.08634,1.09240,0.13836,0.04914,0.88181,0.16202,0.00446,0.69488,0.20633,-0.18636,0.44834,0.22512,-0.29042,0.29664,0.25758,-0.36301,0.26596,0.31774,-0.09607,0.20186,0.29827,-0.19860,0.19125,0.21407,0.15330,1.05966,0.51398,0.27627,0.79058,0.48897,0.31457,0.68989,0.46706,0.30251,0.51369,0.48289,0.41851,0.22373,0.44035,0.40525,0.16051,0.37511,0.63706,0.30428,0.41655,0.58046,0.21369,0.48696,0.00000,0.00000,0.00000,0.00000,0.00000,0.00000,0.00000,0.00000,0.00000,0.00000,0.00000,0.00000,0.00000,0.00000,0.00000,0.00000,0.00000,0.00000
3.30000,  331,0.20907,1.86128,0.27261,0.26887,1.94488,0.36867,0.19525,1.84925,0.45327,0.32171,1.87520,0.33744,0.11103,1.71337,0.35049,0.01303,1.37060,0.33079,0.01734,1.17149,0.34721,0.27106,1.22675,0.30740,0.20544,1.43530,0.33555,0.21715,1.60047,0.33952,0.03321,1.58067,0.46541,0.17259,1.66587,0.15923,0.17461,1.52142,0.07191,0.18074,1.30434,0.02464,0.13409,1.28342,0.08025,0.29013,1.13230,0.02018,0.33703,1.05763,0.02174,0.35485,1.07498,0.08814,0.38921,1.00161,0.04076,0.16379,1.63639,0.52509,0.13828,1.49702,0.59074,0.07933,1.28493,0.60569,0.06042,1.28361,0.52758,0.10771,1.18478,0.62610,0.14751,1.01984,0.62945,0.19976,1.02583,0.57577,0.19050,0.94731,0.62817,0.20009,1.16540,0.18501,0.23838,1.16398,0.44002,0.01785,1.19290,0.29721,0.03165,1.19200,0.39309,0.10168,1.08831,0.13952,0.06350,0.87807,0.16279,0.01834,0.69110,0.20561,-0.17920,0.44953,0.22485,-0.28701,0.29995,0.25694,-0.36000,0.27142,0.31765,-0.09608,0.20195,0.29816,-0.19830,0.19129,0.21403,0.17019,1.05682,0.51472,0.29599,0.78759,0.48792,0.33413,0.68717,0.46512,0.31959,0.51117,0.48245,0.42386,0.21793,0.43903,0.40819,0.15716,0.37353,0.64472,0.29126,0.41450,0.58533,0.20331,0.48559,0.35888,0.00000,0.40789,6.86456,13.20501,0.48068,-5.38614,2.69485,4.73895,0.00000,0.00000,0.00000,0.00000,0.00000,0.00000,0.00000,0.00000,0.00000
3.31000,  332,0.22436,1.85735,0.27358,0.28419,1.94116,0.36939,0.21066,1.84559,0.45424,0.33700,1.87140,0.33829,0.12631,1.70937,0.35152,0.02952,1.36625,0.33164,0.03460,1.16739,0.34823,0.28785,1.22328,0.30856,0.22171,1.43157,0.33672,0.23282,1.59672,0.34069,0.04874,1.57647,0.46638,0.18813,1.66212,0.16029,0.19021,1.51748,0.07339,0.19484,1.30030,0.02638,0.14850,1.27973,0.08238,0.30377,1.12781,0.02188,0.35041,1.05298,0.02340,0.36861,1.07044,0.08973,0.40250,0.99698,0.04227,0.17898,1.63262,0.52639,0.15353,1.49317,0.59165,0.09464,1.28103,0.60610,0.07583,1.27987,0.52791,0.12280,1.18083,0.62642,0.16222,1.01574,0.62962,0.21431,1.02158,0.57565,0.20487,0.94303,0.62812,0.21669,1.16112,0.18608,0.25583,1.16112,0.44175,0.03478,1.18850,0.29817,0.04833,1.18794,0.39429,0.11739,1.08406,0.14115,0.07843,0.87422,0.16347,0.03305,0.68707,0.20459,-0.17131,0.45107,0.22428,-0.28306,0.30385,0.25616,-0.35619,0.27771,0.31753,-0.09613,0.20203,0.29807,-0.19786,0.19134,0.21401,0.18740,1.05332,0.51541,0.31589,0.78424,0.48599,0.35399,0.68438,0.46290,0.33646,0.50828,0.48233,0.42987,0.21369,0.43746,0.41210,0.15575,0.37144,0.65324,0.27924,0.41290,0.58992,0.19443,0.48454,0.37501,0.00000,0.38445,43.89788,99.33750,9.03650,-38.19016,12.95261,37.25277,0.00000,0.00000,0.00000,0.00000,0.00000,0.00000,0.00000,0.00000,0.00000
3.32000,  333,0.23963,1.85359,0.27446,0.29958,1.93760,0.37017,0.22616,1.84217,0.45522,0.35233,1.86776,0.33902,0.14174,1.70557,0.35274,0.04606,1.36205,0.33270,0.05179,1.16344,0.34944,0.30505,1.22018,0.30976,0.23826,1.42808,0.33813,0.24872,1.59308,0.34195,0.06449,1.57222,0.46738,0.20375,1.65841,0.16155,0.20588,1.51361,0.07482,0.20884,1.29637,0.02817,0.16277,1.27616,0.08445,0.31712,1.12326,0.02361,0.36341,1.04819,0.02509,0.38205,1.06582,0.09128,0.41555,0.99214,0.04396,0.19440,1.62889,0.52757,0.16875,1.48936,0.59276,0.10998,1.27713,0.60651,0.09134,1.27616,0.52823,0.13796,1.17693,0.62669,0.17704,1.01178,0.62986,0.22906,1.01753,0.57595,0.21948,0.93882,0.62805,0.23350,1.15677,0.18724,0.27323,1.15822,0.44309,0.05178,1.18436,0.29945,0.06574,1.18400,0.39524,0.13342,1.07986,0.14279,0.09406,0.87026,0.16407,0.04887,0.68286,0.20307,-0.16256,0.45298,0.22330,-0.27818,0.30830,0.25483,-0.35148,0.28507,0.31708,-0.09617,0.20216,0.29799,-0.19727,0.19147,0.21393,0.20538,1.04896,0.51619,0.33522,0.78094,0.48304,0.37382,0.68161,0.46075,0.35283,0.50531,0.48223,0.43728,0.20985,0.43433,0.41774,0.15690,0.36857,0.66265,0.26593,0.41051,0.59416,0.18622,0.48319,0.42139,0.00000,0.38909,32.92193,223.35867,5.99800,-86.90627,10.77027,94.12189,0.00000,0.00000,0.00000,0.00000,0.00000,0.00000,0.00000,0.00000,0.00000
3.33000,  334,0.25494,1.85023,0.27537,0.31495,1.93450,0.37093,0.24162,1.83913,0.45628,0.36775,1.86460,0.33993,0.15754,1.70220,0.35401,0.06265,1.35826,0.33388,0.06875,1.15988,0.35118,0.32242,1.21710,0.31097,0.25480,1.42470,0.33973,0.26484,1.58975,0.34338,0.08051,1.56822,0.46852,0.21938,1.65494,0.16278,0.22156,1.50977,0.07642,0.22280,1.29244,0.03015,0.17702,1.27265,0.08656,0.33023,1.11874,0.02529,0.37615,1.04342,0.02674,0.39519,1.06116,0.09280,0.42821,0.98721,0.04551,0.20998,1.62535,0.52897,0.18404,1.48557,0.59386,0.12533,1.27337,0.60693,0.10698,1.27250,0.52867,0.15313,1.17307,0.62710,0.19189,1.00788,0.63018,0.24388,1.01354,0.57600,0.23411,0.93479,0.62814,0.25061,1.15269,0.18872,0.29065,1.15547,0.44400,0.06892,1.18040,0.30083,0.08288,1.18061,0.39665,0.14986,1.07566,0.14457,0.11041,0.86634,0.16426,0.06587,0.67865,0.20118,-0.15250,0.45526,0.22186,-0.27219,0.31357,0.25312,-0.34544,0.29370,0.31615,-0.09613,0.20225,0.29781,-0.19656,0.19163,0.21383,0.22398,1.04467,0.51770,0.35409,0.77877,0.47907,0.39311,0.67905,0.45888,0.36911,0.50289,0.48124,0.44685,0.20796,0.43223,0.42339,0.15968,0.36665,0.67478,0.24733,0.40762,0.60016,0.17504,0.48110,0.44736,0.00000,0.38125,-13.07282,349.19085,10.44449,-133.12794,-8.04342,156.21408,0.00000,0.00000,0.00000,0.00000,0.00000,0.00000,0.00000,0.00000,0.00000
3.34000,  335,0.27035,1.84736,0.27644,0.33039,1.93193,0.37174,0.25732,1.83656,0.45736,0.38316,1.86202,0.34070,0.17358,1.69927,0.35541,0.07923,1.35508,0.33500,0.08575,1.15674,0.35297,0.33992,1.21432,0.31195,0.27118,1.42177,0.34121,0.28089,1.58685,0.34476,0.09670,1.56466,0.46975,0.23517,1.65173,0.16387,0.23716,1.50605,0.07814,0.23677,1.28869,0.03219,0.19124,1.26932,0.08870,0.34301,1.11422,0.02703,0.38852,1.03858,0.02844,0.40808,1.05648,0.09425,0.44035,0.98216,0.04711,0.22582,1.62204,0.53036,0.19944,1.48213,0.59500,0.14075,1.26981,0.60740,0.12226,1.26912,0.52938,0.16821,1.16942,0.62760,0.20676,1.00420,0.63050,0.25882,1.00980,0.57643,0.24875,0.93106,0.62833,0.26805,1.14880,0.19033,0.30802,1.15296,0.44500,0.08605,1.17693,0.30240,0.09979,1.17797,0.39831,0.16677,1.07142,0.14647,0.12776,0.86261,0.16436,0.08445,0.67447,0.19891,-0.14075,0.45803,0.21986,-0.26456,0.31949,0.25078,-0.33757,0.30369,0.31456,-0.09606,0.20226,0.29765,-0.19561,0.19197,0.21371,0.24229,1.04185,0.51948,0.37200,0.77801,0.47719,0.41058,0.67777,0.45856,0.38669,0.50188,0.47937,0.45609,0.20711,0.43186,0.42802,0.16273,0.36637,0.68829,0.22641,0.40362,0.60646,0.16324,0.47831,0.46696,0.00000,0.37557,-56.46554,458.09712,27.65993,-172.04665,-32.25543,213.91465,0.00000,0.00000,0.00000,0.00000,0.00000,0.00000,0.00000,0.00000,0.00000
3.35000,  336,0.28580,1.84489,0.27742,0.34581,1.92972,0.37263,0.27296,1.83437,0.45861,0.39872,1.85988,0.34152,0.18975,1.69677,0.35672,0.09571,1.35233,0.33607,0.10251,1.15391,0.35490,0.35713,1.21171,0.31295,0.28753,1.41932,0.34259,0.29705,1.58434,0.34602,0.11291,1.56177,0.47099,0.25131,1.64889,0.16497,0.25246,1.50283,0.07954,0.25068,1.28532,0.03434,0.20538,1.26622,0.09102,0.35550,1.10984,0.02878,0.40039,1.03389,0.03009,0.42056,1.05193,0.09566,0.45190,0.97723,0.04857,0.24183,1.61917,0.53181,0.21512,1.47906,0.59617,0.15642,1.26668,0.60795,0.13820,1.26591,0.52998,0.18339,1.16612,0.62818,0.22161,1.00080,0.63073,0.27345,1.00627,0.57702,0.26343,0.92766,0.62862,0.28565,1.14531,0.19230,0.32528,1.15084,0.44574,0.10312,1.17379,0.30389,0.11654,1.17585,0.40004,0.18410,1.06749,0.14838,0.14613,0.85908,0.16428,0.10472,0.67037,0.19614,-0.12679,0.46111,0.21730,-0.25489,0.32612,0.24796,-0.32755,0.31486,0.31219,-0.09595,0.20217,0.29771,-0.19405,0.19252,0.21342,0.25978,1.04127,0.52074,0.38928,0.77669,0.47764,0.42793,0.67746,0.45906,0.40505,0.50262,0.47960,0.46403,0.20689,0.43274,0.43163,0.16557,0.36699,0.69690,0.21006,0.39971,0.61122,0.15302,0.47588,0.47911,0.00000,0.37731,-84.02234,565.17526,31.92166,-213.24526,-46.20386,270.77846,0.00000,0.00000,0.00000,0.00000,0.00000,0.00000,0.00000,0.00000,0.00000
3.36000,  337,0.30135,1.84275,0.27854,0.36131,1.92780,0.37350,0.28890,1.83236,0.45963,0.41432,1.85807,0.34253,0.20583,1.69467,0.35791,0.11205,1.35001,0.33712,0.11896,1.15144,0.35656,0.37398,1.20945,0.31429,0.30392,1.41722,0.34406,0.31293,1.58218,0.34732,0.12905,1.55949,0.47221,0.26756,1.64647,0.16602,0.26763,1.50011,0.08093,0.26462,1.28235,0.03661,0.21952,1.26358,0.09348,0.36761,1.10580,0.03053,0.41180,1.02943,0.03179,0.43267,1.04751,0.09710,0.46304,0.97251,0.04992,0.25789,1.61681,0.53307,0.23118,1.47656,0.59718,0.17240,1.26404,0.60847,0.15433,1.26331,0.53059,0.19873,1.16333,0.62874,0.23631,0.99785,0.63108,0.28867,1.00328,0.57746,0.27789,0.92472,0.62915,0.30290,1.14217,0.19428,0.34234,1.14947,0.44639,0.11990,1.17118,0.30527,0.13292,1.17444,0.40168,0.20168,1.06381,0.15032,0.16554,0.85566,0.16404,0.12663,0.66621,0.19314,-0.11036,0.46426,0.21416,-0.24275,0.33312,0.24455,-0.31497,0.32761,0.30933,-0.09537,0.20206,0.29767,-0.19211,0.19346,0.21301,0.27702,1.04154,0.52188,0.40708,0.77668,0.47871,0.44733,0.67882,0.45889,0.42431,0.50419,0.48240,0.47040,0.20713,0.43388,0.43416,0.16781,0.36773,0.70345,0.19508,0.39824,0.61426,0.14390,0.47515,0.49194,0.00000,0.38248,-112.65224,676.89604,24.93882,-258.90180,-55.81591,332.99228,0.00000,0.00000,0.00000,0.00000,0.00000,0.00000,0.00000,0.00000,0.00000
3.37000,  338,0.31689,1.84099,0.27953,0.37679,1.92621,0.37448,0.30475,1.83061,0.46076,0.42993,1.85659,0.34337,0.22176,1.69290,0.35894,0.12821,1.34812,0.33797,0.13513,1.14929,0.35782,0.39039,1.20774,0.31565,0.32030,1.41569,0.34523,0.32888,1.58046,0.34856,0.14503,1.55764,0.47341,0.28376,1.64452,0.16709,0.28288,1.49775,0.08250,0.27846,1.27984,0.03887,0.23360,1.26152,0.09602,0.37937,1.10210,0.03234,0.42275,1.02518,0.03345,0.44429,1.04326,0.09861,0.47344,0.96778,0.05139,0.27382,1.61499,0.53425,0.24766,1.47451,0.59811,0.18857,1.26200,0.60915,0.17061,1.26120,0.53126,0.21431,1.16113,0.62935,0.25110,0.99534,0.63127,0.30363,1.00076,0.57773,0.29247,0.92229,0.62964,0.31985,1.13935,0.19665,0.35883,1.14905,0.44751,0.13620,1.16887,0.30648,0.14885,1.17359,0.40297,0.21931,1.06039,0.15222,0.18594,0.85191,0.16389,0.15018,0.66182,0.18989,-0.09144,0.46687,0.21073,-0.22798,0.34021,0.24082,-0.29953,0.34165,0.30581,-0.09419,0.20170,0.29752,-0.18942,0.19515,0.21244,0.29673,1.04293,0.52585,0.42785,0.77940,0.47893,0.46905,0.68031,0.45745,0.44359,0.50587,0.48555,0.47608,0.20774,0.43443,0.43577,0.16938,0.36825,0.70850,0.18173,0.39875,0.61623,0.13679,0.47601,0.50337,0.00000,0.39157,-126.97878,771.08642,0.91480,-301.93331,-50.11814,388.14160,0.00000,0.00000,0.00000,0.00000,0.00000,0.00000,0.00000,0.00000,0.00000
3.38000,  339,0.33248,1.83956,0.28073,0.39236,1.92494,0.37539,0.32069,1.82921,0.46182,0.44556,1.85545,0.34419,0.23739,1.69146,0.35989,0.14403,1.34669,0.33857,0.15071,1.14755,0.35892,0.40632,1.20631,0.31726,0.33653,1.41459,0.34650,0.34452,1.57909,0.34951,0.16084,1.55625,0.47439,0.29985,1.64296,0.16812,0.29831,1.49589,0.08400,0.29234,1.27785,0.04104,0.24757,1.26005,0.09857,0.39094,1.09878,0.03420,0.43331,1.02128,0.03504,0.45558,1.03920,0.10002,0.48336,0.96332,0.05280,0.28960,1.61375,0.53532,0.26420,1.47297,0.59887,0.20501,1.26054,0.60985,0.18702,1.25988,0.53192,0.23012,1.15960,0.63000,0.26584,0.99355,0.63168,0.31871,0.99875,0.57823,0.30703,0.92036,0.63030,0.33669,1.13684,0.19928,0.37468,1.14918,0.44892,0.15233,1.16687,0.30734,0.16444,1.17290,0.40399,0.23698,1.05676,0.15416,0.20730,0.84781,0.16378,0.17514,0.65720,0.18695,-0.07030,0.46883,0.20711,-0.21105,0.34775,0.23703,-0.28138,0.35718,0.30149,-0.09158,0.20059,0.29706,-0.18553,0.19851,0.21183,0.31352,1.04383,0.52796,0.44971,0.78199,0.47889,0.49078,0.68099,0.45570,0.46183,0.50722,0.48768,0.48068,0.20868,0.43413,0.43622,0.17026,0.36843,0.71217,0.17254,0.39688,0.61786,0.13412,0.47645,0.51802,0.00000,0.40244,-152.28139,849.30319,-39.94951,-341.79529,-37.95176,439.95463,0.00000,0.00000,0.00000,0.00000,0.00000,0.00000,0.00000,0.00000,0.00000
3.39000,  340,0.34800,1.83846,0.28165,0.40792,1.92388,0.37630,0.33663,1.82803,0.46279,0.46123,1.85448,0.34522,0.25295,1.69032,0.36071,0.15945,1.34569,0.33903,0.16594,1.14594,0.35967,0.42187,1.20515,0.31914,0.35244,1.41386,0.34774,0.36019,1.57810,0.35048,0.17648,1.55527,0.47529,0.31583,1.64171,0.16902,0.31381,1.49445,0.08536,0.30618,1.27644,0.04312,0.26141,1.25910,0.10100,0.40234,1.09592,0.03595,0.44361,1.01782,0.03658,0.46653,1.03553,0.10146,0.49300,0.95926,0.05401,0.30518,1.61306,0.53625,0.28080,1.47198,0.59962,0.22153,1.25966,0.61063,0.20369,1.25905,0.53254,0.24622,1.15864,0.63067,0.28085,0.99221,0.63236,0.33395,0.99729,0.57883,0.32160,0.91895,0.63102,0.35308,1.13464,0.20190,0.38999,1.14971,0.45060,0.16776,1.16503,0.30792,0.17917,1.17209,0.40478,0.25448,1.05331,0.15601,0.22947,0.84360,0.16377,0.20146,0.65247,0.18441,-0.04735,0.47074,0.20384,-0.19230,0.35654,0.23321,-0.26036,0.37405,0.29736,-0.08730,0.19928,0.29626,-0.18047,0.20457,0.21072,0.32918,1.04456,0.53018,0.47124,0.78375,0.47812,0.51074,0.68133,0.45417,0.47808,0.50832,0.48863,0.48392,0.20998,0.43274,0.43657,0.17077,0.36807,0.71459,0.16645,0.39408,0.61865,0.13381,0.47621,0.52910,0.00000,0.40644,-174.64187,884.47211,-56.03481,-359.48704,-39.15349,467.96999,0.00000,0.00000,0.00000,0.00000,0.00000,0.00000,0.00000,0.00000,0.00000
3.40000,  341,0.36357,1.83771,0.28264,0.42352,1.92309,0.37717,0.35234,1.82715,0.46375,0.47678,1.85379,0.34592,0.26844,1.68955,0.36136,0.17459,1.34505,0.33941,0.18087,1.14442,0.36020,0.43696,1.20429,0.32101,0.36818,1.41322,0.34877,0.37574,1.57737,0.35142,0.19204,1.55473,0.47604,0.33162,1.64082,0.16989,0.32951,1.49329,0.08674,0.32003,1.27534,0.04524,0.27506,1.25860,0.10330,0.41362,1.09350,0.03774,0.45378,1.01480,0.03799,0.47721,1.03207,0.10284,0.50228,0.95542,0.05524,0.32086,1.61266,0.53700,0.29700,1.47151,0.60041,0.23816,1.25922,0.61150,0.22020,1.25876,0.53324,0.26258,1.15827,0.63150,0.29613,0.99154,0.63329,0.34922,0.99633,0.57985,0.33645,0.91791,0.63186,0.37053,1.13333,0.20462,0.40503,1.15050,0.45263,0.18306,1.16334,0.30839,0.19476,1.17127,0.40532,0.27180,1.04992,0.15803,0.25233,0.83985,0.16351,0.22902,0.64807,0.18217,-0.02321,0.47352,0.20095,-0.17148,0.36626,0.22994,-0.23630,0.39143,0.29335,-0.08217,0.19778,0.29555,-0.17377,0.21280,0.20932,0.34425,1.04502,0.53215,0.48985,0.78550,0.47775,0.52757,0.68169,0.45299,0.49209,0.50893,0.48805,0.48673,0.21124,0.43135,0.43715,0.17111,0.36769,0.71635,0.16109,0.39275,0.61897,0.13340,0.47642,0.53484,0.00000,0.40666,-171.23670,874.18218,-49.25002,-355.49188,-42.08668,467.55123,0.00000,0.00000,0.00000,0.00000,0.00000,0.00000,0.00000,0.00000,0.00000
3.41000,  342,0.37898,1.83728,0.28340,0.43909,1.92248,0.37805,0.36782,1.82644,0.46465,0.49230,1.85322,0.34649,0.28378,1.68908,0.36191,0.18934,1.34480,0.33990,0.19564,1.14296,0.36072,0.45165,1.20382,0.32278,0.38337,1.41277,0.34968,0.39112,1.57687,0.35212,0.20746,1.55459,0.47667,0.34729,1.64019,0.17054,0.34515,1.49235,0.08787,0.33382,1.27456,0.04717,0.28858,1.25846,0.10533,0.42485,1.09155,0.03923,0.46382,1.01223,0.03935,0.48748,1.02895,0.10425,0.51128,0.95197,0.05644,0.33636,1.61261,0.53769,0.31305,1.47151,0.60119,0.25474,1.25914,0.61242,0.23669,1.25872,0.53401,0.27907,1.15826,0.63241,0.31172,0.99136,0.63446,0.36472,0.99587,0.58113,0.35148,0.91730,0.63283,0.38673,1.13258,0.20703,0.41980,1.15137,0.45512,0.19808,1.16195,0.30899,0.20985,1.17037,0.40603,0.28897,1.04748,0.15970,0.27567,0.83661,0.16402,0.25758,0.64450,0.18024,0.00205,0.47790,0.19830,-0.14880,0.37620,0.22711,-0.20963,0.40792,0.29015,-0.07480,0.19515,0.29451,-0.16415,0.22312,0.20800,0.35862,1.04499,0.53331,0.50432,0.78602,0.47769,0.54148,0.68164,0.45204,0.50320,0.50912,0.48694,0.48955,0.21229,0.42982,0.43750,0.17131,0.36735,0.71706,0.15712,0.39212,0.61926,0.13293,0.47655,0.54162,0.00000,0.40853,-177.09954,902.77010,-60.07523,-368.81070,-38.13236,488.95896,0.00000,0.00000,0.00000,0.00000,0.00000,0.00000,0.00000,0.00000,0.00000
3.42000,  343,0.39432,1.83708,0.28412,0.45462,1.92206,0.37890,0.38355,1.82579,0.46518,0.50776,1.85279,0.34729,0.29901,1.68887,0.36232,0.20389,1.34485,0.34062,0.21020,1.14180,0.36144,0.46614,1.20374,0.32447,0.39841,1.41256,0.35070,0.40624,1.57661,0.35246,0.22284,1.55474,0.47728,0.36258,1.63976,0.17101,0.36072,1.49168,0.08908,0.34744,1.27390,0.04907,0.30200,1.25852,0.10722,0.43610,1.08986,0.04083,0.47395,1.00991,0.04056,0.49769,1.02597,0.10550,0.52015,0.94862,0.05762,0.35189,1.61287,0.53815,0.32878,1.47195,0.60199,0.27125,1.25939,0.61341,0.25308,1.25886,0.53487,0.29562,1.15860,0.63344,0.32765,0.99162,0.63598,0.38036,0.99574,0.58243,0.36688,0.91716,0.63376,0.40152,1.13216,0.20909,0.43443,1.15239,0.45753,0.21290,1.16091,0.30984,0.22479,1.16953,0.40695,0.30577,1.04601,0.16134,0.29892,0.83452,0.16411,0.28679,0.64168,0.17873,0.02828,0.48289,0.19537,-0.12467,0.38597,0.22521,-0.17992,0.42318,0.28827,-0.06758,0.19225,0.29325,-0.15232,0.23410,0.20633,0.37307,1.04454,0.53432,0.51647,0.78452,0.47772,0.55344,0.68053,0.45132,0.51198,0.50909,0.48520,0.49171,0.21324,0.42802,0.43780,0.17138,0.36691,0.71698,0.15503,0.39135,0.61948,0.13314,0.47630,0.54509,0.00000,0.40840,-172.05680,946.18120,-62.50660,-386.42167,-34.38493,515.75168,0.00000,0.00000,0.00000,0.00000,0.00000,0.00000,0.00000,0.00000,0.00000
3.43000,  344,0.40959,1.83725,0.28454,0.47003,1.92190,0.37971,0.39874,1.82541,0.46571,0.52305,1.85264,0.34779,0.31396,1.68907,0.36257,0.21830,1.34516,0.34164,0.22482,1.14121,0.36249,0.48035,1.20439,0.32592,0.41319,1.41247,0.35134,0.42144,1.57651,0.35295,0.23811,1.55520,0.47795,0.37733,1.63949,0.17135,0.37585,1.49116,0.09024,0.36088,1.27339,0.05077,0.31530,1.25860,0.10901,0.44728,1.08848,0.04197,0.48403,1.00791,0.04164,0.50762,1.02334,0.10699,0.52904,0.94562,0.05887,0.36745,1.61343,0.53845,0.34448,1.47266,0.60263,0.28762,1.25990,0.61452,0.26907,1.25924,0.53602,0.31206,1.15929,0.63473,0.34389,0.99218,0.63758,0.39641,0.99614,0.58414,0.38261,0.91731,0.63497,0.41638,1.13255,0.21086,0.44902,1.15327,0.45989,0.22761,1.16052,0.31099,0.23961,1.16938,0.40810,0.32233,1.04545,0.16293,0.32198,0.83336,0.16420,0.31617,0.64011,0.17735,0.05591,0.48724,0.19331,-0.09878,0.39463,0.22354,-0.14855,0.43594,0.28736,-0.05962,0.18857,0.29084,-0.13889,0.24457,0.20558,0.38786,1.04404,0.53570,0.52692,0.78148,0.47753,0.56414,0.67828,0.45066,0.51868,0.50882,0.48279,0.49345,0.21398,0.42627,0.43813,0.17152,0.36650,0.71775,0.15268,0.39092,0.61969,0.13332,0.47599,0.54762,0.00000,0.40544,-164.84406,978.45149,-47.15915,-396.70663,-40.05624,535.81665,0.00000,0.00000,0.00000,0.00000,0.00000,0.00000,0.00000,0.00000,0.00000
3.44000,  345,0.42479,1.83780,0.28498,0.48536,1.92202,0.38033,0.41384,1.82542,0.46603,0.53830,1.85273,0.34832,0.32883,1.68960,0.36288,0.23265,1.34583,0.34292,0.23942,1.14156,0.36382,0.49458,1.20559,0.32700,0.42773,1.41283,0.35192,0.43612,1.57679,0.35297,0.25325,1.55603,0.47878,0.39160,1.63952,0.17139,0.39048,1.49078,0.09124,0.37411,1.27303,0.05236,0.32849,1.25880,0.11064,0.45854,1.08720,0.04330,0.49435,1.00618,0.04263,0.51748,1.02084,0.10812,0.53778,0.94278,0.06006,0.38299,1.61416,0.53866,0.36018,1.47359,0.60333,0.30393,1.26065,0.61575,0.28489,1.25978,0.53739,0.32861,1.16012,0.63599,0.36027,0.99309,0.63922,0.41223,0.99670,0.58499,0.39870,0.91797,0.63626,0.43122,1.13351,0.21218,0.46334,1.15403,0.46187,0.24211,1.16078,0.31243,0.25423,1.16983,0.40947,0.33865,1.04568,0.16419,0.34469,0.83292,0.16452,0.34545,0.63962,0.17619,0.08471,0.49078,0.19151,-0.07203,0.40254,0.22216,-0.11621,0.44661,0.28746,-0.05084,0.18387,0.28892,-0.12403,0.25447,0.20578,0.40253,1.04387,0.53691,0.53628,0.77780,0.47669,0.57391,0.67556,0.44990,0.52430,0.50773,0.47974,0.49469,0.21453,0.42506,0.43825,0.17179,0.36614,0.71856,0.15053,0.39086,0.61985,0.13331,0.47591,0.55170,0.00000,0.40333,-158.52439,1011.54586,-36.10266,-407.98499,-43.01587,558.07118,0.00000,0.00000,0.00000,0.00000,0.00000,0.00000,0.00000,0.00000,0.00000
3.45000,  346,0.43990,1.83884,0.28509,0.50054,1.92261,0.38077,0.42882,1.82587,0.46619,0.55337,1.85337,0.34861,0.34357,1.69056,0.36319,0.24687,1.34686,0.34434,0.25397,1.14239,0.36539,0.50864,1.20710,0.32794,0.44223,1.41336,0.35217,0.45075,1.57739,0.35301,0.26837,1.55732,0.47964,0.40544,1.63976,0.17153,0.40441,1.49072,0.09210,0.38721,1.27286,0.05399,0.34144,1.25907,0.11200,0.46967,1.08636,0.04428,0.50458,1.00493,0.04336,0.52726,1.01881,0.10940,0.54650,0.94041,0.06115,0.39849,1.61518,0.53889,0.37611,1.47467,0.60385,0.32020,1.26170,0.61706,0.30043,1.26067,0.53899,0.34497,1.16128,0.63744,0.37687,0.99433,0.64088,0.42836,0.99765,0.58596,0.41500,0.91906,0.63775,0.44580,1.13495,0.21302,0.47781,1.15481,0.46339,0.25651,1.16152,0.31399,0.26872,1.17079,0.41095,0.35498,1.04625,0.16555,0.36727,0.83323,0.16486,0.37452,0.64015,0.17528,0.11444,0.49354,0.18958,-0.04490,0.40964,0.22123,-0.08336,0.45508,0.28859,-0.04144,0.17839,0.28350,-0.10677,0.26350,0.20672,0.41735,1.04460,0.53816,0.54455,0.77439,0.47580,0.58297,0.67273,0.44897,0.52869,0.50664,0.47683,0.49556,0.21493,0.42431,0.43845,0.17187,0.36603,0.71890,0.14945,0.39064,0.61994,0.13339,0.47583,0.55620,0.00000,0.40265,-152.05872,1034.06994,-31.17810,-416.37137,-42.70506,575.14561,0.00000,0.00000,0.00000,0.00000,0.00000,0.00000,0.00000,0.00000,0.00000
3.46000,  347,0.45493,1.84022,0.28523,0.51563,1.92355,0.38083,0.44367,1.82681,0.46612,0.56835,1.85435,0.34864,0.35820,1.69192,0.36348,0.26102,1.34818,0.34582,0.26832,1.14363,0.36696,0.52284,1.20909,0.32877,0.45662,1.41448,0.35235,0.46513,1.57848,0.35294,0.28327,1.55897,0.48080,0.41882,1.64043,0.17141,0.41753,1.49094,0.09267,0.40004,1.27296,0.05545,0.35432,1.25954,0.11342,0.48070,1.08580,0.04526,0.51478,1.00399,0.04403,0.53678,1.01700,0.11036,0.55508,0.93836,0.06227,0.41404,1.61663,0.53899,0.39224,1.47603,0.60429,0.33642,1.26317,0.61850,0.31594,1.26183,0.54078,0.36127,1.16276,0.63893,0.39347,0.99591,0.64241,0.44436,0.99915,0.58672,0.43168,0.92069,0.63914,0.45974,1.13697,0.21378,0.49218,1.15574,0.46446,0.27072,1.16262,0.31558,0.28309,1.17215,0.41243,0.37092,1.04721,0.16652,0.38981,0.83424,0.16507,0.40341,0.64171,0.17424,0.14436,0.49607,0.18774,-0.01782,0.41621,0.22112,-0.05052,0.46137,0.29116,-0.02236,0.18206,0.27798,-0.08668,0.27299,0.20688,0.43113,1.04569,0.53823,0.55294,0.77292,0.47558,0.59096,0.67105,0.44829,0.53202,0.50611,0.47406,0.49617,0.21532,0.42394,0.43851,0.17205,0.36600,0.71919,0.14858,0.39056,0.62000,0.13339,0.47581,0.55944,0.00000,0.40264,-135.86249,1037.69055,-27.94958,-417.81058,-38.62505,580.52578,0.00000,0.00000,0.00000,0.00000,0.00000,0.00000,0.00000,0.00000,0.00000
3.47000,  348,0.46970,1.84209,0.28485,0.53059,1.92496,0.38080,0.45824,1.82824,0.46597,0.58321,1.85561,0.34864,0.37262,1.69362,0.36366,0.27506,1.34983,0.34739,0.28249,1.14526,0.36840,0.53682,1.21127,0.32938,0.47090,1.41596,0.35259,0.47926,1.57996,0.35261,0.29820,1.56102,0.48174,0.43199,1.64145,0.17133,0.42989,1.49173,0.09297,0.41272,1.27348,0.05692,0.36700,1.26033,0.11480,0.49156,1.08575,0.04611,0.52487,1.00357,0.04466,0.54599,1.01577,0.11121,0.56360,0.93683,0.06324,0.42935,1.61848,0.53903,0.40832,1.47776,0.60461,0.35262,1.26497,0.61993,0.33137,1.26340,0.54256,0.37761,1.16462,0.64038,0.41007,0.99791,0.64399,0.46051,1.00096,0.58763,0.44845,0.92278,0.64074,0.47339,1.13938,0.21417,0.50650,1.15676,0.46549,0.28475,1.16405,0.31693,0.29721,1.17386,0.41371,0.38665,1.04873,0.16740,0.41226,0.83578,0.16517,0.43207,0.64389,0.17357,0.17374,0.49928,0.18659,0.00981,0.42294,0.22176,-0.02053,0.46630,0.29397,0.00623,0.18824,0.27214,-0.06075,0.28130,0.20438,0.44608,1.04763,0.53948,0.56242,0.77337,0.47515,0.59812,0.67071,0.44792,0.53507,0.50625,0.47169,0.49680,0.21569,0.42368,0.43862,0.17216,0.36602,0.71938,0.14812,0.39057,0.62003,0.13340,0.47579,0.56389,0.00000,0.40317,-127.09967,1033.11269,-29.22446,-416.51708,-34.54301,582.56097,0.00000,0.00000,0.00000,0.00000,0.00000,0.00000,0.00000,0.00000,0.00000
3.48000,  349,0.48432,1.84410,0.28442,0.54525,1.92673,0.38008,0.47295,1.83016,0.46552,0.59786,1.85720,0.34828,0.38684,1.69566,0.36378,0.28896,1.35180,0.34888,0.29646,1.14712,0.36954,0.55068,1.21370,0.32986,0.48509,1.41791,0.35265,0.49326,1.58182,0.35238,0.31296,1.56336,0.48274,0.44491,1.64295,0.17108,0.44187,1.49283,0.09318,0.42516,1.27437,0.05835,0.37945,1.26156,0.11618,0.50215,1.08614,0.04700,0.53475,1.00368,0.04517,0.55523,1.01513,0.11216,0.57192,0.93598,0.06392,0.44453,1.62071,0.53899,0.42444,1.47988,0.60488,0.36878,1.26722,0.62138,0.34679,1.26541,0.54435,0.39402,1.16694,0.64179,0.42679,1.00028,0.64540,0.47673,1.00325,0.58859,0.46541,0.92543,0.64231,0.48667,1.14205,0.21434,0.52063,1.15835,0.46588,0.29874,1.16576,0.31794,0.31123,1.17594,0.41483,0.40212,1.05057,0.16804,0.43447,0.83789,0.16516,0.46028,0.64677,0.17298,0.20268,0.50371,0.18611,0.03792,0.42799,0.22241,0.00674,0.46939,0.29584,0.03943,0.19273,0.26730,-0.02972,0.28583,0.20197,0.46032,1.04989,0.54070,0.57267,0.77426,0.47504,0.60500,0.67027,0.44761,0.53802,0.50690,0.47024,0.49696,0.21603,0.42347,0.43866,0.17234,0.36604,0.71953,0.14785,0.39059,0.62007,0.13343,0.47579,0.56816,0.00000,0.40370,-116.97391,1012.64864,-29.43573,-408.80304,-30.36784,575.34617,0.00000,0.00000,0.00000,0.00000,0.00000,0.00000,0.00000,0.00000,0.00000
3.49000,  350,0.49876,1.84629,0.28389,0.56012,1.92864,0.37964,0.48722,1.83249,0.46504,0.61241,1.85910,0.34768,0.40094,1.69787,0.36388,0.30278,1.35405,0.35016,0.31021,1.14912,0.37050,0.56430,1.21626,0.33006,0.49890,1.41992,0.35263,0.50719,1.58400,0.35203,0.32759,1.56594,0.48363,0.45782,1.64470,0.17110,0.45347,1.49446,0.09319,0.43726,1.27580,0.05965,0.39163,1.26333,0.11747,0.51253,1.08711,0.04765,0.54449,1.00444,0.04553,0.56433,1.01504,0.11286,0.58020,0.93576,0.06452,0.45961,1.62328,0.53886,0.44023,1.48254,0.60520,0.38491,1.26986,0.62281,0.36219,1.26791,0.54603,0.41035,1.16965,0.64319,0.44344,1.00310,0.64684,0.49305,1.00604,0.58964,0.48242,0.92852,0.64395,0.49995,1.14499,0.21419,0.53454,1.16028,0.46610,0.31246,1.16766,0.31878,0.32503,1.17819,0.41575,0.41735,1.05268,0.16855,0.45642,0.84039,0.16564,0.48823,0.65049,0.17249,0.23157,0.50888,0.18651,0.06700,0.43124,0.22285,0.03255,0.47080,0.29660,0.07613,0.19631,0.26413,0.00491,0.28774,0.19883,0.47373,1.05214,0.54172,0.58230,0.77489,0.47502,0.61148,0.66982,0.44750,0.54151,0.50749,0.47033,0.49739,0.21640,0.42337,0.43867,0.17252,0.36611,0.71963,0.14763,0.39064,0.62008,0.13349,0.47580,0.57269,0.00000,0.40380,-107.06600,976.78582,-25.97854,-394.42877,-28.20033,559.39953,0.00000,0.00000,0.00000,0.00000,0.00000,0.00000,0.00000,0.00000,0.00000
3.50000,  351,0.51305,1.84866,0.28317,0.57478,1.93093,0.37909,0.50149,1.83515,0.46438,0.62673,1.86113,0.34693,0.41485,1.70037,0.36386,0.31650,1.35652,0.35131,0.32383,1.15130,0.37107,0.57781,1.21892,0.33025,0.51271,1.42248,0.35263,0.52086,1.58647,0.35155,0.34208,1.56877,0.48442,0.47058,1.64687,0.17093,0.46501,1.49647,0.09327,0.44905,1.27777,0.06078,0.40348,1.26563,0.11876,0.52260,1.08861,0.04825,0.55394,1.00563,0.04573,0.57347,1.01564,0.11340,0.58838,0.93620,0.06481,0.47447,1.62624,0.53867,0.45579,1.48561,0.60556,0.40098,1.27286,0.62412,0.37762,1.27079,0.54753,0.42688,1.17275,0.64452,0.46032,1.00634,0.64827,0.50927,1.00927,0.59060,0.49949,0.93198,0.64565,0.51313,1.14789,0.21426,0.54813,1.16270,0.46630,0.32603,1.16981,0.31942,0.33870,1.18051,0.41650,0.43237,1.05508,0.16897,0.47777,0.84355,0.16561,0.51562,0.65499,0.17217,0.26063,0.51398,0.18748,0.09735,0.43323,0.22313,0.05824,0.47077,0.29645,0.11486,0.19932,0.26208,0.04207,0.28816,0.19507,0.48609,1.05422,0.54221,0.59102,0.77503,0.47499,0.61723,0.66923,0.44752,0.54542,0.50752,0.47179,0.49769,0.21673,0.42344,0.43878,0.17262,0.36624,0.71968,0.14748,0.39069,0.62009,0.13351,0.47585,0.57741,0.00000,0.40459,-97.98087,931.06966,-26.21592,-376.70127,-24.04784,537.60853,0.00000,0.00000,0.00000,0.00000,0.00000,0.00000,0.00000,0.00000,0.00000
3.51000,  352,0.52710,1.85114,0.28226,0.58917,1.93341,0.37781,0.51566,1.83802,0.46346,0.64094,1.86341,0.34607,0.42857,1.70301,0.36384,0.33011,1.35916,0.35216,0.33729,1.15356,0.37144,0.59118,1.22166,0.33035,0.52622,1.42526,0.35234,0.53453,1.58919,0.35127,0.35650,1.57184,0.48513,0.48334,1.64926,0.17069,0.47658,1.49876,0.09337,0.46052,1.28006,0.06182,0.41501,1.26828,0.11995,0.53253,1.09053,0.04868,0.56335,1.00728,0.04584,0.58221,1.01667,0.11360,0.59660,0.93724,0.06490,0.48920,1.62945,0.53849,0.47111,1.48906,0.60584,0.41695,1.27613,0.62540,0.39297,1.27396,0.54900,0.44332,1.17624,0.64581,0.47711,1.00991,0.64979,0.52590,1.01281,0.59183,0.51669,0.93579,0.64730,0.52618,1.15110,0.21437,0.56164,1.16564,0.46627,0.33956,1.17216,0.31995,0.35226,1.18287,0.41699,0.44736,1.05782,0.16922,0.49857,0.84718,0.16559,0.54215,0.66035,0.17192,0.29004,0.51832,0.18863,0.12853,0.43382,0.22326,0.08466,0.46928,0.29552,0.15465,0.20155,0.26073,0.08124,0.28699,0.19262,0.49863,1.05627,0.54266,0.59849,0.77514,0.47530,0.62232,0.66869,0.44769,0.54983,0.50722,0.47345,0.49809,0.21703,0.42356,0.43879,0.17275,0.36639,0.71972,0.14738,0.39077,0.62006,0.13349,0.47588,0.58215,0.00000,0.40597,-86.62590,882.86081,-29.97957,-358.41365,-17.30991,513.95340,0.00000,0.00000,0.00000,0.00000,0.00000,0.00000,0.00000,0.00000,0.00000
3.52000,  353,0.54103,1.85368,0.28134,0.60348,1.93605,0.37677,0.52960,1.84108,0.46259,0.65495,1.86577,0.34495,0.44222,1.70575,0.36381,0.34375,1.36191,0.35289,0.35073,1.15592,0.37161,0.60440,1.22441,0.33018,0.53919,1.42804,0.35210,0.54814,1.59199,0.35089,0.37080,1.57498,0.48571,0.49610,1.65190,0.17049,0.48821,1.50123,0.09345,0.47156,1.28262,0.06269,0.42633,1.27122,0.12114,0.54225,1.09280,0.04896,0.57250,1.00937,0.04581,0.59118,1.01807,0.11371,0.60489,0.93865,0.06469,0.50370,1.63287,0.53819,0.48613,1.49272,0.60629,0.43286,1.27963,0.62668,0.40821,1.27731,0.55042,0.45988,1.17992,0.64710,0.49410,1.01375,0.65137,0.54247,1.01661,0.59314,0.53396,0.93969,0.64890,0.53947,1.15431,0.21462,0.57493,1.16853,0.46650,0.35297,1.17467,0.32029,0.36578,1.18527,0.41734,0.46225,1.06089,0.16934,0.51956,0.85064,0.16642,0.56825,0.66583,0.17222,0.31962,0.52138,0.18963,0.16011,0.43297,0.22320,0.11180,0.46611,0.29429,0.19545,0.20223,0.25955,0.12089,0.28502,0.18955,0.51168,1.05825,0.54283,0.60516,0.77556,0.47468,0.62678,0.66828,0.44794,0.55403,0.50693,0.47475,0.49847,0.21735,0.42372,0.43901,0.17296,0.36619,0.71977,0.14730,0.39083,0.62010,0.13349,0.47593,0.58765,0.00000,0.40748,-79.39211,836.05982,-34.65641,-340.67769,-11.73601,491.31109,0.00000,0.00000,0.00000,0.00000,0.00000,0.00000,0.00000,0.00000,0.00000
3.53000,  354,0.55490,1.85620,0.28044,0.61753,1.93870,0.37518,0.54342,1.84425,0.46155,0.66887,1.86826,0.34367,0.45576,1.70851,0.36368,0.35732,1.36462,0.35352,0.36410,1.15842,0.37160,0.61763,1.22732,0.32989,0.55042,1.43059,0.35260,0.56164,1.59494,0.35030,0.38503,1.57814,0.48623,0.50892,1.65459,0.17023,0.50003,1.50387,0.09345,0.48228,1.28522,0.06343,0.43746,1.27426,0.12232,0.55187,1.09527,0.04908,0.58151,1.01167,0.04569,0.60028,1.01993,0.11352,0.61329,0.94046,0.06432,0.51821,1.63634,0.53787,0.50097,1.49654,0.60670,0.44866,1.28323,0.62791,0.42352,1.28068,0.55177,0.47643,1.18369,0.64826,0.51120,1.01772,0.65288,0.55904,1.02059,0.59411,0.55140,0.94375,0.65046,0.55301,1.15745,0.21505,0.58825,1.17148,0.46656,0.36634,1.17727,0.32047,0.37932,1.18776,0.41760,0.47703,1.06409,0.16949,0.53975,0.85488,0.16668,0.59419,0.67156,0.17280,0.34933,0.52322,0.19045,0.19175,0.43081,0.22312,0.13985,0.46126,0.29327,0.23642,0.20169,0.25854,0.16057,0.28192,0.18705,0.52512,1.06023,0.54257,0.61135,0.77590,0.47464,0.63082,0.66792,0.44825,0.55791,0.50681,0.47554,0.49889,0.21763,0.42386,0.43883,0.17313,0.36658,0.71984,0.14720,0.39088,0.62012,0.13357,0.47595,0.59330,0.00000,0.40879,-70.65362,787.18355,-37.32780,-321.79333,-6.78643,467.03559,0.00000,0.00000,0.00000,0.00000,0.00000,0.00000,0.00000,0.00000,0.00000
3.54000,  355,0.56856,1.85874,0.27938,0.63145,1.94146,0.37368,0.55703,1.84748,0.46039,0.68268,1.87071,0.34253,0.46923,1.71123,0.36351,0.37089,1.36731,0.35406,0.37757,1.16091,0.37141,0.63086,1.23025,0.32974,0.56356,1.43343,0.35244,0.57506,1.59783,0.34995,0.39923,1.58124,0.48668,0.52177,1.65722,0.17006,0.51188,1.50650,0.09344,0.49267,1.28790,0.06404,0.44835,1.27734,0.12339,0.56142,1.09778,0.04919,0.59031,1.01419,0.04510,0.60936,1.02192,0.11320,0.62163,0.94242,0.06376,0.53250,1.63977,0.53756,0.51566,1.50034,0.60703,0.46429,1.28685,0.62909,0.43870,1.28418,0.55314,0.49283,1.18756,0.64950,0.52837,1.02174,0.65446,0.57592,1.02466,0.59557,0.56888,0.94788,0.65196,0.56658,1.16075,0.21565,0.60163,1.17429,0.46670,0.37977,1.17999,0.32064,0.39270,1.19026,0.41780,0.49150,1.06756,0.16927,0.56007,0.85912,0.16710,0.61961,0.67781,0.17346,0.37895,0.52417,0.19099,0.22358,0.42721,0.22293,0.16925,0.45462,0.29272,0.27787,0.20003,0.25700,0.19967,0.27774,0.18510,0.53906,1.06220,0.54206,0.61749,0.77607,0.47472,0.63455,0.66759,0.44835,0.56142,0.50662,0.47556,0.49947,0.21789,0.42377,0.43885,0.17345,0.36663,0.71991,0.14708,0.39089,0.62012,0.13368,0.47590,0.59941,0.00000,0.40992,-64.19523,739.69856,-38.10667,-303.21641,-3.65736,443.38274,0.00000,0.00000,0.00000,0.00000,0.00000,0.00000,0.00000,0.00000,0.00000
3.55000,  356,0.58212,1.86121,0.27812,0.64525,1.94413,0.37197,0.57065,1.85067,0.45910,0.69627,1.87318,0.34113,0.48183,1.71407,0.36394,0.38455,1.36986,0.35455,0.39102,1.16343,0.37129,0.64412,1.23326,0.32968,0.57920,1.43663,0.35203,0.58849,1.60075,0.34946,0.41325,1.58421,0.48704,0.53465,1.65978,0.16979,0.52373,1.50907,0.09332,0.50279,1.29055,0.06455,0.45908,1.28041,0.12440,0.57074,1.10025,0.04920,0.59926,1.01647,0.04496,0.61867,1.02411,0.11280,0.63015,0.94446,0.06311,0.54666,1.64311,0.53713,0.53028,1.50400,0.60746,0.47989,1.29031,0.63023,0.45376,1.28739,0.55438,0.50914,1.19135,0.65074,0.54562,1.02574,0.65599,0.59288,1.02874,0.59680,0.58638,0.95197,0.65345,0.58035,1.16405,0.21635,0.61483,1.17710,0.46693,0.39319,1.18272,0.32068,0.40621,1.19262,0.41792,0.50616,1.07093,0.16933,0.58019,0.86317,0.16785,0.64487,0.68402,0.17436,0.40865,0.52396,0.19143,0.25556,0.42221,0.22263,0.19964,0.44654,0.29253,0.32007,0.19751,0.25475,0.23847,0.27213,0.18316,0.55063,1.06424,0.54280,0.62332,0.77628,0.47469,0.63813,0.66732,0.44843,0.56429,0.50661,0.47527,0.50033,0.21845,0.42370,0.43893,0.17382,0.36662,0.72004,0.14695,0.39088,0.62015,0.13384,0.47585,0.60565,0.00000,0.41043,-57.64427,693.33190,-36.88973,-284.56140,-1.22004,419.91937,0.00000,0.00000,0.00000,0.00000,0.00000,0.00000,0.00000,0.00000,0.00000
3.56000,  357,0.59558,1.86351,0.27686,0.65893,1.94672,0.37031,0.58401,1.85369,0.45774,0.70982,1.87554,0.33965,0.49520,1.71656,0.36367,0.39824,1.37225,0.35505,0.40441,1.16593,0.37118,0.65747,1.23622,0.32960,0.59097,1.43911,0.35219,0.60207,1.60354,0.34910,0.42723,1.58708,0.48727,0.54748,1.66226,0.16953,0.53553,1.51149,0.09327,0.51233,1.29324,0.06427,0.46977,1.28336,0.12532,0.57986,1.10267,0.04904,0.60808,1.01867,0.04457,0.62828,1.02622,0.11227,0.63870,0.94653,0.06224,0.56063,1.64634,0.53676,0.54488,1.50757,0.60773,0.49529,1.29366,0.63131,0.46894,1.29049,0.55561,0.52527,1.19491,0.65193,0.56291,1.02959,0.65752,0.60997,1.03278,0.59806,0.60413,0.95601,0.65482,0.59420,1.16731,0.21686,0.62816,1.17945,0.46711,0.40668,1.18536,0.32075,0.41969,1.19493,0.41799,0.52096,1.07413,0.16945,0.59985,0.86763,0.16819,0.66961,0.69023,0.17532,0.43815,0.52300,0.19161,0.28786,0.41575,0.22243,0.23104,0.43697,0.29316,0.36295,0.19428,0.25167,0.27723,0.26545,0.18169,0.56284,1.06598,0.54299,0.62922,0.77656,0.47469,0.64128,0.66709,0.44844,0.56583,0.50709,0.47510,0.50075,0.21898,0.42344,0.43902,0.17419,0.36655,0.72018,0.14682,0.39081,0.62020,0.13406,0.47571,0.61175,0.00000,0.41016,-49.95442,649.15450,-31.91953,-266.25966,-1.04440,397.11933,0.00000,0.00000,0.00000,0.00000,0.00000,0.00000,0.00000,0.00000,0.00000
3.57000,  358,0.60893,1.86559,0.27552,0.67253,1.94908,0.36852,0.59742,1.85653,0.45668,0.72326,1.87772,0.33824,0.50953,1.71857,0.36268,0.41198,1.37438,0.35557,0.41783,1.16832,0.37095,0.67094,1.23905,0.32998,0.60498,1.44184,0.35227,0.61551,1.60610,0.34880,0.44116,1.58970,0.48748,0.56040,1.66446,0.16910,0.54723,1.51377,0.09303,0.52208,1.29559,0.06442,0.48045,1.28612,0.12611,0.58886,1.10479,0.04870,0.61664,1.02066,0.04406,0.63885,1.02847,0.11135,0.64704,0.94831,0.06145,0.57467,1.64929,0.53630,0.55916,1.51087,0.60783,0.51063,1.29679,0.63241,0.48391,1.29345,0.55684,0.54133,1.19822,0.65325,0.58033,1.03325,0.65898,0.62729,1.03671,0.59940,0.62199,0.95986,0.65619,0.60800,1.17051,0.21715,0.64124,1.18162,0.46740,0.42010,1.18791,0.32072,0.43316,1.19709,0.41803,0.53565,1.07721,0.16946,0.61940,0.87180,0.16859,0.69375,0.69647,0.17643,0.46767,0.52115,0.19170,0.32046,0.40829,0.22230,0.26319,0.42599,0.29393,0.40670,0.19057,0.24854,0.31654,0.25810,0.18028,0.57471,1.06744,0.54315,0.63494,0.77680,0.47466,0.64412,0.66701,0.44865,0.56607,0.50771,0.47536,0.50109,0.21958,0.42316,0.43822,0.17526,0.36710,0.72033,0.14671,0.39072,0.62029,0.13431,0.47552,0.61773,0.00000,0.40924,-42.83037,608.84831,-26.00168,-249.16767,-1.08690,376.10405,0.00000,0.00000,0.00000,0.00000,0.00000,0.00000,0.00000,0.00000,0.00000
3.58000,  359,0.62219,1.86741,0.27416,0.68597,1.95120,0.36670,0.61101,1.85967,0.45521,0.73659,1.87971,0.33665,0.52299,1.72054,0.36228,0.42571,1.37627,0.35605,0.43122,1.17052,0.37073,0.68453,1.24164,0.33057,0.61826,1.44398,0.35220,0.62908,1.60842,0.34821,0.45509,1.59201,0.48764,0.57342,1.66633,0.16895,0.55880,1.51586,0.09268,0.53193,1.29766,0.06459,0.49115,1.28861,0.12684,0.59773,1.10659,0.04833,0.62526,1.02239,0.04353,0.64985,1.03064,0.11015,0.65578,0.95000,0.06053,0.58857,1.65201,0.53578,0.57363,1.51387,0.60812,0.52586,1.29964,0.63345,0.49899,1.29606,0.55788,0.55723,1.20121,0.65440,0.59773,1.03669,0.66025,0.64469,1.04040,0.60060,0.63990,0.96350,0.65733,0.62246,1.17384,0.21745,0.65446,1.18336,0.46755,0.43353,1.19018,0.32062,0.44658,1.19906,0.41807,0.55069,1.07959,0.16985,0.63821,0.87591,0.16950,0.71723,0.70237,0.17762,0.49727,0.51847,0.19158,0.35348,0.40000,0.22221,0.29590,0.41360,0.29495,0.45155,0.18695,0.24477,0.35694,0.25012,0.17878,0.58674,1.06864,0.54303,0.64038,0.77691,0.47466,0.64691,0.66700,0.44912,0.56615,0.50832,0.47577,0.50117,0.22011,0.42300,0.43835,0.17572,0.36694,0.72052,0.14658,0.39061,0.62034,0.13453,0.47535,0.62352,0.00000,0.40823,-36.31374,573.23238,-20.40330,-234.01077,-1.56430,357.41974,0.00000,0.00000,0.00000,0.00000,0.00000,0.00000,0.00000,0.00000,0.00000
3.59000,  360,0.63540,1.86900,0.27272,0.69941,1.95304,0.36498,0.62458,1.86198,0.45394,0.74987,1.88135,0.33516,0.53647,1.72217,0.36191,0.43945,1.37784,0.35641,0.44464,1.17250,0.37042,0.69808,1.24384,0.33137,0.63223,1.44613,0.35223,0.64260,1.61046,0.34785,0.46897,1.59405,0.48774,0.58638,1.66792,0.16852,0.57034,1.51761,0.09226,0.54188,1.29948,0.06465,0.50183,1.29081,0.12731,0.60658,1.10805,0.04784,0.63377,1.02375,0.04296,0.65825,1.03153,0.10939,0.66454,0.95137,0.05955,0.60247,1.65435,0.53536,0.58795,1.51657,0.60824,0.54099,1.30219,0.63447,0.51401,1.29829,0.55901,0.57308,1.20399,0.65549,0.61515,1.03989,0.66141,0.66233,1.04394,0.60199,0.65802,0.96697,0.65863,0.63560,1.17644,0.21822,0.66749,1.18462,0.46792,0.44697,1.19221,0.32049,0.45986,1.20083,0.41798,0.56467,1.08236,0.16918,0.65757,0.88010,0.16928,0.73995,0.70786,0.17879,0.52662,0.51489,0.19181,0.38710,0.39057,0.22239,0.32909,0.39998,0.29570,0.49729,0.18323,0.24162,0.39869,0.24170,0.17713,0.59869,1.06966,0.54290,0.64578,0.77713,0.47477,0.64965,0.66695,0.44971,0.56716,0.50903,0.47646,0.50172,0.22073,0.42262,0.43849,0.17636,0.36682,0.72065,0.14650,0.39057,0.62039,0.13469,0.47516,0.62870,0.00000,0.40743,-30.67020,543.47853,-16.55664,-221.42786,-1.16429,341.68743,0.00000,0.00000,0.00000,0.00000,0.00000,0.00000,0.00000,0.00000,0.00000
3.60000,  361,0.64864,1.87011,0.27144,0.71268,1.95449,0.36318,0.63794,1.86399,0.45270,0.76315,1.88278,0.33362,0.54998,1.72346,0.36149,0.45324,1.37910,0.35672,0.45799,1.17426,0.37017,0.71177,1.24564,0.33235,0.64583,1.44762,0.35206,0.65610,1.61211,0.34746,0.48285,1.59568,0.48784,0.59946,1.66914,0.16825,0.58184,1.51911,0.09179,0.55188,1.30098,0.06448,0.51255,1.29264,0.12762,0.61547,1.10913,0.04740,0.64233,1.02469,0.04230,0.66810,1.03287,0.10815,0.67347,0.95245,0.05847,0.61631,1.65639,0.53488,0.60226,1.51892,0.60842,0.55605,1.30431,0.63538,0.52901,1.30023,0.55997,0.58885,1.20633,0.65659,0.63260,1.04268,0.66235,0.67963,1.04718,0.60291,0.67614,0.97007,0.65973,0.64896,1.17865,0.21873,0.68051,1.18542,0.46825,0.46041,1.19390,0.32026,0.47313,1.20231,0.41792,0.57961,1.08463,0.16931,0.67619,0.88369,0.16939,0.76185,0.71297,0.17990,0.55585,0.51040,0.19217,0.42146,0.38023,0.22261,0.36284,0.38505,0.29630,0.54350,0.18001,0.23875,0.44200,0.23307,0.17541,0.61094,1.07032,0.54262,0.65124,0.77722,0.47520,0.65252,0.66695,0.45062,0.56866,0.50956,0.47727,0.50215,0.22123,0.42250,0.43851,0.17699,0.36672,0.72078,0.14644,0.39054,0.62044,0.13483,0.47509,0.63357,0.00000,0.40752,-25.25811,519.17316,-14.98950,-211.57373,-0.13780,328.93052,0.00000,0.00000,0.00000,0.00000,0.00000,0.00000,0.00000,0.00000,0.00000
3.61000,  362,0.66181,1.87088,0.27006,0.72588,1.95570,0.36127,0.65106,1.86545,0.45137,0.77636,1.88381,0.33213,0.56363,1.72440,0.36104,0.46703,1.38006,0.35692,0.47138,1.17565,0.36981,0.72536,1.24690,0.33356,0.65949,1.44880,0.35213,0.66976,1.61341,0.34699,0.49676,1.59696,0.48791,0.61262,1.66998,0.16790,0.59336,1.52022,0.09115,0.56211,1.30208,0.06430,0.52328,1.29410,0.12763,0.62450,1.10982,0.04680,0.65096,1.02533,0.04156,0.67809,1.03388,0.10667,0.68243,0.95324,0.05743,0.63018,1.65798,0.53440,0.61650,1.52083,0.60856,0.57108,1.30601,0.63631,0.54399,1.30171,0.56101,0.60464,1.20830,0.65754,0.65010,1.04506,0.66333,0.69717,1.05007,0.60402,0.69435,0.97291,0.66086,0.66272,1.18039,0.21906,0.69371,1.18594,0.46867,0.47382,1.19528,0.32003,0.48632,1.20356,0.41771,0.59421,1.08630,0.16921,0.69442,0.88698,0.16959,0.78297,0.71745,0.18118,0.58515,0.50496,0.19278,0.45677,0.36893,0.22287,0.39741,0.36906,0.29646,0.59082,0.17622,0.23651,0.48642,0.22436,0.17342,0.62316,1.07082,0.54263,0.65683,0.77730,0.47581,0.65528,0.66679,0.45203,0.57046,0.50995,0.47826,0.50251,0.22175,0.42250,0.43862,0.17758,0.36650,0.72089,0.14639,0.39054,0.62045,0.13491,0.47505,0.63770,0.00000,0.40791,-20.27090,499.46855,-14.74459,-203.73753,1.77033,318.51144,0.00000,0.00000,0.00000,0.00000,0.00000,0.00000,0.00000,0.00000,0.00000
3.62000,  363,0.67498,1.87120,0.26882,0.73910,1.95651,0.35960,0.66443,1.86670,0.45006,0.78957,1.88451,0.33052,0.57724,1.72499,0.36063,0.48074,1.38066,0.35705,0.48471,1.17670,0.36941,0.73904,1.24753,0.33474,0.67315,1.44940,0.35210,0.68344,1.61421,0.34659,0.51070,1.59789,0.48786,0.62588,1.67043,0.16753,0.60507,1.52094,0.09071,0.57240,1.30288,0.06397,0.53411,1.29519,0.12756,0.63367,1.11023,0.04611,0.65965,1.02556,0.04088,0.68834,1.03447,0.10538,0.69159,0.95352,0.05635,0.64406,1.65921,0.53390,0.63066,1.52235,0.60877,0.58606,1.30735,0.63725,0.55886,1.30273,0.56201,0.62063,1.20983,0.65855,0.66774,1.04705,0.66433,0.71490,1.05259,0.60510,0.71276,0.97539,0.66173,0.67645,1.18173,0.21955,0.70643,1.18565,0.46882,0.48724,1.19621,0.31972,0.49951,1.20451,0.41741,0.60841,1.08751,0.16900,0.71320,0.88999,0.16918,0.80329,0.72137,0.18239,0.61437,0.49890,0.19332,0.49288,0.35687,0.22311,0.43291,0.35220,0.29634,0.63891,0.17276,0.23512,0.53203,0.21564,0.17159,0.63539,1.07102,0.54269,0.66237,0.77711,0.47705,0.65820,0.66659,0.45339,0.57242,0.51020,0.47939,0.50249,0.22235,0.42257,0.43911,0.17780,0.36569,0.72099,0.14632,0.39057,0.62050,0.13496,0.47500,0.64125,0.00000,0.40863,-16.57505,484.88244,-15.06822,-198.13771,3.39928,310.93289,0.00000,0.00000,0.00000,0.00000,0.00000,0.00000,0.00000,0.00000,0.00000
3.63000,  364,0.68815,1.87119,0.26749,0.75226,1.95693,0.35780,0.67781,1.86743,0.44878,0.80280,1.88492,0.32909,0.59093,1.72524,0.36014,0.49444,1.38101,0.35702,0.49802,1.17735,0.36895,0.75256,1.24743,0.33580,0.68703,1.44971,0.35188,0.69711,1.61458,0.34618,0.52458,1.59846,0.48783,0.63935,1.67030,0.16723,0.61697,1.52123,0.09005,0.58284,1.30328,0.06353,0.54500,1.29588,0.12725,0.64303,1.11027,0.04537,0.66864,1.02537,0.04003,0.69869,1.03466,0.10383,0.70080,0.95345,0.05532,0.65798,1.65997,0.53340,0.64487,1.52345,0.60884,0.60106,1.30829,0.63812,0.57399,1.30329,0.56276,0.63651,1.21104,0.65934,0.68527,1.04873,0.66508,0.73254,1.05483,0.60606,0.73115,0.97754,0.66264,0.69031,1.18236,0.21989,0.71925,1.18516,0.46919,0.50072,1.19684,0.31924,0.51262,1.20512,0.41702,0.62313,1.08798,0.16931,0.72959,0.89223,0.16969,0.82273,0.72460,0.18388,0.64366,0.49209,0.19394,0.52984,0.34413,0.22325,0.46953,0.33465,0.29581,0.68699,0.16980,0.23357,0.57843,0.20707,0.16981,0.64746,1.07108,0.54276,0.66812,0.77720,0.47761,0.66110,0.66628,0.45502,0.57446,0.51030,0.48055,0.50295,0.22291,0.42263,0.44039,0.17835,0.36556,0.72108,0.14628,0.39057,0.62049,0.13499,0.47496,0.64397,0.00000,0.40905,-13.65993,475.10724,-14.88877,-194.34374,4.38912,305.95551,0.00000,0.00000,0.00000,0.00000,0.00000,0.00000,0.00000,0.00000,0.00000
3.64000,  365,0.70140,1.87075,0.26596,0.76549,1.95698,0.35608,0.69139,1.86788,0.44755,0.81608,1.88498,0.32763,0.60480,1.72511,0.35961,0.50816,1.38097,0.35688,0.51131,1.17766,0.36835,0.76610,1.24675,0.33660,0.70058,1.44958,0.35185,0.71085,1.61459,0.34576,0.53847,1.59860,0.48770,0.65281,1.66995,0.16666,0.62907,1.52111,0.08959,0.59351,1.30331,0.06298,0.55593,1.29618,0.12690,0.65259,1.10987,0.04469,0.67758,1.02495,0.03912,0.70919,1.03459,0.10224,0.71024,0.95303,0.05419,0.67183,1.66031,0.53294,0.65898,1.52401,0.60906,0.61613,1.30873,0.63894,0.58892,1.30344,0.56357,0.65264,1.21180,0.66024,0.70294,1.04993,0.66590,0.75031,1.05667,0.60703,0.74960,0.97933,0.66345,0.70417,1.18234,0.22023,0.73203,1.18431,0.46949,0.51410,1.19698,0.31870,0.52573,1.20543,0.41643,0.63779,1.08809,0.16941,0.74648,0.89397,0.16989,0.84148,0.72723,0.18538,0.67306,0.48469,0.19461,0.56754,0.33089,0.22327,0.50722,0.31659,0.29544,0.73543,0.16700,0.23200,0.62544,0.19851,0.16819,0.65933,1.07088,0.54287,0.67356,0.77682,0.47879,0.66416,0.66596,0.45652,0.57650,0.51052,0.48171,0.50338,0.22346,0.42270,0.44092,0.17906,0.36559,0.72103,0.14638,0.39089,0.62052,0.13498,0.47495,0.64550,0.00000,0.40938,-10.76779,470.33554,-14.88745,-192.54406,5.69268,303.60193,0.00000,0.00000,0.00000,0.00000,0.00000,0.00000,0.00000,0.00000,0.00000
3.65000,  366,0.71476,1.86990,0.26509,0.77864,1.95670,0.35437,0.70470,1.86779,0.44626,0.82940,1.88466,0.32616,0.61864,1.72465,0.35906,0.52180,1.38058,0.35655,0.52459,1.17763,0.36761,0.77961,1.24546,0.33735,0.71440,1.44909,0.35167,0.72456,1.61416,0.34530,0.55239,1.59838,0.48746,0.66645,1.66913,0.16616,0.64140,1.52051,0.08905,0.60425,1.30297,0.06245,0.56709,1.29611,0.12644,0.66229,1.10927,0.04378,0.68654,1.02422,0.03787,0.71975,1.03405,0.10063,0.71976,0.95224,0.05314,0.68565,1.66027,0.53236,0.67306,1.52418,0.60908,0.63108,1.30873,0.63975,0.60390,1.30309,0.56453,0.66876,1.21218,0.66106,0.72060,1.05071,0.66648,0.76810,1.05810,0.60778,0.76818,0.98072,0.66423,0.71803,1.18173,0.22069,0.74495,1.18315,0.47015,0.52759,1.19677,0.31804,0.53883,1.20532,0.41576,0.65200,1.08776,0.16932,0.76306,0.89512,0.16992,0.85945,0.72915,0.18704,0.70253,0.47674,0.19517,0.60582,0.31723,0.22324,0.54624,0.29801,0.29499,0.78429,0.16517,0.23059,0.67283,0.18998,0.16668,0.67087,1.07052,0.54311,0.67905,0.77623,0.47995,0.66729,0.66548,0.45808,0.57833,0.51082,0.48287,0.50375,0.22399,0.42277,0.44111,0.17983,0.36557,0.72105,0.14632,0.39096,0.62050,0.13493,0.47499,0.64608,0.00000,0.40982,-6.59690,469.28719,-14.19790,-192.32461,7.23155,303.19491,0.00000,0.00000,0.00000,0.00000,0.00000,0.00000,0.00000,0.00000,0.00000
3.66000,  367,0.72811,1.86871,0.26370,0.79187,1.95602,0.35274,0.71836,1.86726,0.44507,0.84273,1.88398,0.32476,0.63255,1.72382,0.35847,0.53549,1.37984,0.35613,0.53793,1.17716,0.36678,0.79310,1.24371,0.33773,0.72797,1.44813,0.35147,0.73843,1.61332,0.34479,0.56621,1.59781,0.48715,0.68028,1.66795,0.16568,0.65406,1.51948,0.08843,0.61520,1.30225,0.06185,0.57835,1.29554,0.12596,0.67192,1.10838,0.04244,0.69602,1.02297,0.03708,0.73025,1.03321,0.09917,0.72947,0.95112,0.05200,0.69948,1.65970,0.53185,0.68730,1.52390,0.60909,0.64620,1.30832,0.64053,0.61876,1.30234,0.56538,0.68488,1.21206,0.66176,0.73840,1.05112,0.66706,0.78590,1.05916,0.60848,0.78673,0.98171,0.66491,0.73201,1.18057,0.22070,0.75776,1.18173,0.47075,0.54105,1.19612,0.31729,0.55196,1.20478,0.41500,0.66601,1.08698,0.16905,0.77928,0.89560,0.16982,0.87646,0.73025,0.18892,0.73204,0.46820,0.19582,0.64501,0.30323,0.22312,0.58666,0.27909,0.29469,0.83346,0.16402,0.22930,0.72064,0.18170,0.16533,0.68225,1.06977,0.54319,0.68441,0.77558,0.48118,0.67048,0.66495,0.45969,0.57994,0.51121,0.48392,0.50406,0.22440,0.42286,0.44133,0.18062,0.36562,0.72121,0.14635,0.39093,0.62048,0.13485,0.47506,0.64587,0.00000,0.41040,-2.07447,470.90135,-14.70088,-193.25564,9.21728,304.14296,0.00000,0.00000,0.00000,0.00000,0.00000,0.00000,0.00000,0.00000,0.00000
3.67000,  368,0.74159,1.86713,0.26268,0.80522,1.95488,0.35127,0.73199,1.86640,0.44398,0.85621,1.88287,0.32344,0.64658,1.72261,0.35785,0.54916,1.37873,0.35554,0.55129,1.17635,0.36582,0.80655,1.24157,0.33801,0.74174,1.44676,0.35132,0.75222,1.61201,0.34437,0.58006,1.59684,0.48674,0.69423,1.66639,0.16513,0.66703,1.51803,0.08792,0.62636,1.30118,0.06130,0.58975,1.29469,0.12543,0.68211,1.10695,0.04170,0.70552,1.02143,0.03608,0.74109,1.03191,0.09737,0.73942,0.94958,0.05096,0.71340,1.65875,0.53138,0.70135,1.52313,0.60910,0.66121,1.30746,0.64116,0.63367,1.30111,0.56620,0.70099,1.21156,0.66234,0.75619,1.05115,0.66765,0.80367,1.05980,0.60913,0.80540,0.98239,0.66547,0.74602,1.17886,0.22091,0.77031,1.17994,0.47077,0.55461,1.19505,0.31639,0.56510,1.20379,0.41420,0.68001,1.08545,0.16893,0.79502,0.89553,0.16987,0.89263,0.73055,0.19089,0.76155,0.45926,0.19637,0.68489,0.28909,0.22302,0.62785,0.26072,0.29392,0.88266,0.16376,0.22789,0.76852,0.17405,0.16402,0.69277,1.06899,0.54349,0.68984,0.77469,0.48244,0.67371,0.66420,0.46135,0.58118,0.51156,0.48501,0.50435,0.22486,0.42303,0.44149,0.18134,0.36560,0.72130,0.14642,0.39105,0.62045,0.13469,0.47515,0.64538,0.00000,0.41115,3.41571,474.57555,-15.07990,-195.12193,12.17247,306.28322,0.00000,0.00000,0.00000,0.00000,0.00000,0.00000,0.00000,0.00000,0.00000
3.68000,  369,0.75503,1.86522,0.26156,0.81858,1.95344,0.34977,0.74578,1.86495,0.44292,0.86970,1.88152,0.32207,0.66060,1.72106,0.35720,0.56285,1.37730,0.35484,0.56471,1.17508,0.36480,0.82011,1.23900,0.33822,0.75563,1.44499,0.35107,0.76611,1.61026,0.34391,0.59394,1.59553,0.48625,0.70834,1.66440,0.16465,0.68020,1.51625,0.08733,0.63784,1.29973,0.06068,0.60136,1.29346,0.12487,0.69246,1.10515,0.04092,0.71565,1.01948,0.03552,0.75176,1.03006,0.09643,0.74951,0.94770,0.04996,0.72731,1.65738,0.53087,0.71553,1.52190,0.60899,0.67635,1.30614,0.64177,0.64878,1.29943,0.56684,0.71711,1.21060,0.66281,0.77401,1.05083,0.66793,0.82146,1.06005,0.60950,0.82404,0.98265,0.66593,0.76000,1.17658,0.22087,0.78315,1.17789,0.47137,0.56812,1.19357,0.31547,0.57831,1.20242,0.41330,0.69358,1.08347,0.16880,0.81024,0.89485,0.17011,0.90797,0.72995,0.19305,0.79110,0.45000,0.19690,0.72540,0.27503,0.22291,0.67089,0.24234,0.29449,0.93154,0.16445,0.22646,0.81653,0.16666,0.16325,0.70390,1.06800,0.54350,0.69520,0.77374,0.48391,0.67707,0.66355,0.46302,0.58263,0.51190,0.48598,0.50465,0.22529,0.42315,0.44158,0.18212,0.36550,0.72138,0.14612,0.39077,0.62039,0.13453,0.47527,0.64436,0.00000,0.41235,9.07185,481.84102,-16.02115,-198.68756,15.09547,310.47938,0.00000,0.00000,0.00000,0.00000,0.00000,0.00000,0.00000,0.00000,0.00000
3.69000,  370,0.76868,1.86294,0.26058,0.83207,1.95155,0.34840,0.75950,1.86318,0.44193,0.88337,1.87967,0.32089,0.67470,1.71911,0.35653,0.57645,1.37553,0.35394,0.57816,1.17344,0.36370,0.83374,1.23625,0.33783,0.76936,1.44280,0.35088,0.78000,1.60816,0.34345,0.60784,1.59377,0.48571,0.72246,1.66209,0.16414,0.69357,1.51408,0.08672,0.64946,1.29796,0.06009,0.61317,1.29184,0.12432,0.70298,1.10315,0.04002,0.72577,1.01733,0.03468,0.76233,1.02811,0.09451,0.75976,0.94551,0.04892,0.74122,1.65565,0.53027,0.72974,1.52033,0.60872,0.69158,1.30443,0.64219,0.66375,1.29739,0.56747,0.73331,1.20921,0.66327,0.79185,1.05016,0.66830,0.83919,1.05994,0.60984,0.84273,0.98256,0.66626,0.77419,1.17402,0.22054,0.79601,1.17569,0.47150,0.58183,1.19172,0.31441,0.59153,1.20069,0.41220,0.70697,1.08091,0.16874,0.82593,0.89383,0.17004,0.92247,0.72847,0.19528,0.82055,0.44048,0.19703,0.76625,0.26134,0.22258,0.71487,0.22529,0.29494,0.97985,0.16593,0.22516,0.86478,0.15945,0.16317,0.71463,1.06679,0.54360,0.70069,0.77270,0.48540,0.68050,0.66275,0.46469,0.58422,0.51218,0.48697,0.50497,0.22573,0.42325,0.44190,0.18274,0.36550,0.72124,0.14611,0.39083,0.62037,0.13439,0.47541,0.64350,0.00000,0.41340,14.55109,492.80565,-17.26704,-203.72633,18.06766,317.11953,0.00000,0.00000,0.00000,0.00000,0.00000,0.00000,0.00000,0.00000,0.00000
3.70000,  371,0.78242,1.86027,0.25960,0.84568,1.94928,0.34707,0.77352,1.86102,0.44082,0.89708,1.87743,0.31961,0.68880,1.71684,0.35587,0.59004,1.37340,0.35303,0.59186,1.17129,0.36247,0.84742,1.23331,0.33766,0.78314,1.44026,0.35066,0.79398,1.60565,0.34301,0.61987,1.59208,0.48635,0.73679,1.65943,0.16350,0.70725,1.51154,0.08614,0.66134,1.29584,0.05942,0.62520,1.28988,0.12379,0.71382,1.10074,0.03923,0.73623,1.01471,0.03394,0.77355,1.02557,0.09352,0.77026,0.94289,0.04803,0.75511,1.65349,0.52973,0.74398,1.51828,0.60844,0.70671,1.30234,0.64250,0.67880,1.29498,0.56710,0.74944,1.20750,0.66357,0.80975,1.04907,0.66837,0.85695,1.05938,0.61000,0.86139,0.98213,0.66645,0.78842,1.17090,0.22023,0.80903,1.17331,0.47181,0.59565,1.18934,0.31335,0.60482,1.19852,0.41105,0.72056,1.07792,0.16879,0.83912,0.89083,0.17084,0.93619,0.72601,0.19743,0.85032,0.43084,0.19712,0.80800,0.24850,0.22228,0.75941,0.20932,0.29511,1.02757,0.16830,0.22429,0.91304,0.15300,0.16319,0.72554,1.06528,0.54359,0.70637,0.77155,0.48705,0.68428,0.66190,0.46633,0.58608,0.51244,0.48788,0.50533,0.22616,0.42337,0.44222,0.18343,0.36544,0.72120,0.14615,0.39086,0.62035,0.13428,0.47562,0.64235,0.00000,0.41442,20.38168,505.45762,-19.69577,-209.47149,22.12979,324.68019,0.00000,0.00000,0.00000,0.00000,0.00000,0.00000,0.00000,0.00000,0.00000
3.71000,  372,0.79616,1.85733,0.25858,0.85942,1.94658,0.34584,0.78742,1.85834,0.44004,0.91088,1.87478,0.31843,0.70297,1.71416,0.35517,0.60374,1.37086,0.35199,0.60569,1.16870,0.36123,0.86120,1.23023,0.33722,0.79712,1.43742,0.35014,0.80787,1.60269,0.34247,0.63384,1.58957,0.48565,0.75113,1.65647,0.16303,0.72127,1.50867,0.08574,0.67341,1.29338,0.05871,0.63746,1.28753,0.12319,0.72514,1.09786,0.03872,0.74695,1.01183,0.03317,0.78467,1.02250,0.09287,0.78090,0.93998,0.04701,0.76904,1.65099,0.52918,0.75822,1.51580,0.60821,0.72200,1.29982,0.64280,0.69411,1.29203,0.56728,0.76557,1.20540,0.66376,0.82753,1.04752,0.66861,0.87469,1.05841,0.61011,0.88004,0.98127,0.66653,0.80280,1.16761,0.21985,0.82200,1.17079,0.47203,0.60962,1.18653,0.31213,0.61818,1.19598,0.40980,0.73398,1.07445,0.16863,0.85281,0.88821,0.17244,0.94882,0.72260,0.19913,0.88038,0.42103,0.19748,0.85007,0.23675,0.22181,0.80414,0.19489,0.29501,1.07450,0.17174,0.22444,0.96125,0.14777,0.16379,0.73658,1.06363,0.54352,0.71234,0.77041,0.48876,0.68830,0.66103,0.46806,0.58822,0.51264,0.48884,0.50569,0.22659,0.42347,0.44259,0.18411,0.36546,0.72132,0.14614,0.39098,0.62025,0.13404,0.47572,0.64105,0.00000,0.41557,26.50477,519.30943,-22.03958,-215.80874,26.67916,332.90079,0.00000,0.00000,0.00000,0.00000,0.00000,0.00000,0.00000,0.00000,0.00000
3.72000,  373,0.81005,1.85400,0.25762,0.87328,1.94347,0.34463,0.80181,1.85532,0.43900,0.92485,1.87169,0.31737,0.71715,1.71115,0.35446,0.61744,1.36795,0.35079,0.61968,1.16569,0.35999,0.87525,1.22712,0.33696,0.81096,1.43407,0.34977,0.82190,1.59945,0.34189,0.64781,1.58666,0.48493,0.76552,1.65315,0.16236,0.73541,1.50537,0.08527,0.68586,1.29059,0.05806,0.64991,1.28489,0.12258,0.73657,1.09474,0.03800,0.75788,1.00854,0.03245,0.79594,1.01913,0.09196,0.79164,0.93669,0.04617,0.78296,1.64808,0.52861,0.77247,1.51299,0.60785,0.73729,1.29697,0.64298,0.70952,1.28898,0.56738,0.78175,1.20282,0.66375,0.84538,1.04571,0.66855,0.89153,1.05653,0.61030,0.89853,0.98007,0.66662,0.81747,1.16409,0.21949,0.83521,1.16815,0.47212,0.62381,1.18326,0.31089,0.63166,1.19294,0.40851,0.74760,1.07088,0.16830,0.86589,0.88433,0.17320,0.96072,0.71800,0.20060,0.91031,0.41182,0.19730,0.89235,0.22626,0.22143,0.84870,0.18181,0.29459,1.12043,0.17636,0.22556,1.00937,0.14467,0.16457,0.74788,1.06166,0.54335,0.71868,0.76906,0.49039,0.69262,0.66006,0.46983,0.59067,0.51289,0.48968,0.50606,0.22709,0.42353,0.44296,0.18483,0.36543,0.72127,0.14605,0.39100,0.62021,0.13378,0.47588,0.63955,0.00000,0.41682,34.89876,536.49478,-24.80992,-223.62032,31.98038,343.11308,0.00000,0.00000,0.00000,0.00000,0.00000,0.00000,0.00000,0.00000,0.00000
3.73000,  374,0.82403,1.85037,0.25677,0.88734,1.94000,0.34354,0.81592,1.85195,0.43809,0.93888,1.86826,0.31629,0.73135,1.70776,0.35369,0.63121,1.36472,0.34949,0.63404,1.16220,0.35864,0.88929,1.22386,0.33669,0.82492,1.43062,0.34925,0.83604,1.59588,0.34130,0.66251,1.58332,0.48360,0.78008,1.64946,0.16168,0.74950,1.50180,0.08460,0.69852,1.28742,0.05742,0.66261,1.28187,0.12199,0.74825,1.09130,0.03731,0.76917,1.00502,0.03168,0.80721,1.01549,0.09132,0.80272,0.93303,0.04522,0.79690,1.64484,0.52782,0.78694,1.50984,0.60738,0.75260,1.29370,0.64297,0.72481,1.28535,0.56753,0.79795,1.19999,0.66377,0.86318,1.04349,0.66854,0.90970,1.05493,0.61017,0.91692,0.97846,0.66663,0.83213,1.16033,0.21927,0.84845,1.16522,0.47215,0.63817,1.17954,0.30964,0.64536,1.18948,0.40716,0.76184,1.06698,0.16824,0.87810,0.87924,0.17443,0.97183,0.71237,0.20198,0.93986,0.40369,0.19719,0.93429,0.21737,0.22108,0.89294,0.17035,0.29368,1.16517,0.18275,0.22813,1.05720,0.14397,0.16566,0.75946,1.05960,0.54331,0.72542,0.76756,0.49213,0.69735,0.65896,0.47138,0.59332,0.51313,0.49050,0.50650,0.22761,0.42364,0.44333,0.18562,0.36536,0.72126,0.14601,0.39109,0.62023,0.13345,0.47606,0.63786,0.00000,0.41813,43.64172,555.85775,-28.65516,-232.42326,38.12794,354.56184,0.00000,0.00000,0.00000,0.00000,0.00000,0.00000,0.00000,0.00000,0.00000
3.74000,  375,0.83813,1.84636,0.25591,0.90145,1.93620,0.34251,0.83022,1.84817,0.43726,0.95303,1.86443,0.31524,0.74558,1.70400,0.35285,0.64517,1.36105,0.34804,0.64854,1.15840,0.35725,0.90350,1.22064,0.33648,0.83911,1.42671,0.34874,0.85016,1.59196,0.34069,0.67645,1.57970,0.48271,0.79462,1.64558,0.16087,0.76373,1.49805,0.08403,0.71147,1.28390,0.05672,0.67550,1.27850,0.12136,0.76013,1.08755,0.03644,0.78065,1.00114,0.03090,0.81882,1.01136,0.09051,0.81390,0.92904,0.04447,0.81081,1.64120,0.52723,0.80126,1.50631,0.60684,0.76798,1.29014,0.64279,0.74038,1.28137,0.56728,0.81414,1.19673,0.66361,0.88097,1.04101,0.66824,0.92765,1.05323,0.60989,0.93539,0.97650,0.66636,0.84718,1.15632,0.21894,0.86196,1.16223,0.47249,0.65281,1.17545,0.30833,0.65917,1.18564,0.40576,0.78071,1.06467,0.16558,0.88972,0.87335,0.17544,0.98230,0.70592,0.20338,0.96846,0.39669,0.19701,0.97556,0.20999,0.22086,0.93638,0.15980,0.29238,1.20805,0.19163,0.23163,1.10424,0.14563,0.16712,0.77111,1.05713,0.54368,0.73261,0.76587,0.49374,0.70267,0.65771,0.47282,0.59644,0.51326,0.49117,0.50696,0.22822,0.42378,0.44375,0.18647,0.36535,0.72123,0.14599,0.39115,0.62008,0.13320,0.47624,0.63646,0.00000,0.41942,52.80848,578.22526,-32.72516,-242.52188,44.70763,368.01724,0.00000,0.00000,0.00000,0.00000,0.00000,0.00000,0.00000,0.00000,0.00000
3.75000,  376,0.85231,1.84206,0.25500,0.91564,1.93206,0.34138,0.84474,1.84401,0.43630,0.96729,1.86026,0.31423,0.75979,1.69991,0.35193,0.65918,1.35707,0.34648,0.66316,1.15435,0.35587,0.91780,1.21719,0.33642,0.85309,1.42258,0.34811,0.86455,1.58774,0.34002,0.69047,1.57570,0.48167,0.80922,1.64130,0.16009,0.77808,1.49388,0.08341,0.72473,1.28000,0.05596,0.68861,1.27477,0.12068,0.77242,1.08348,0.03573,0.79249,0.99704,0.03007,0.83037,1.00695,0.08982,0.82530,0.92479,0.04361,0.82475,1.63718,0.52643,0.81580,1.50240,0.60620,0.78335,1.28618,0.64254,0.75569,1.27724,0.56704,0.83041,1.19318,0.66346,0.89865,1.03805,0.66808,0.94512,1.05066,0.60946,0.95369,0.97412,0.66616,0.86247,1.15225,0.21902,0.87553,1.15892,0.47252,0.66762,1.17098,0.30698,0.67320,1.18149,0.40433,0.79589,1.06041,0.16481,0.90063,0.86663,0.17666,0.99236,0.69885,0.20447,0.99570,0.39057,0.19720,1.01578,0.20411,0.22060,0.97908,0.15062,0.29118,1.24847,0.20287,0.23531,1.14963,0.14944,0.16877,0.78295,1.05445,0.54377,0.74037,0.76397,0.49496,0.70852,0.65627,0.47404,0.60014,0.51330,0.49157,0.50744,0.22887,0.42391,0.44411,0.18749,0.36530,0.72122,0.14596,0.39128,0.62003,0.13298,0.47644,0.63532,0.00000,0.42058,62.57626,602.34870,-37.23958,-253.33577,51.93718,382.68678,0.00000,0.00000,0.00000,0.00000,0.00000,0.00000,0.00000,0.00000,0.00000
3.76000,  377,0.86656,1.83758,0.25406,0.93002,1.92758,0.34042,0.85909,1.83960,0.43547,0.98157,1.85582,0.31315,0.77409,1.69555,0.35098,0.67334,1.35280,0.34484,0.67805,1.15003,0.35441,0.93232,1.21358,0.33661,0.86737,1.41812,0.34761,0.87877,1.58327,0.33929,0.70455,1.57133,0.48057,0.82385,1.63681,0.15917,0.79252,1.48941,0.08286,0.73814,1.27583,0.05521,0.70192,1.27073,0.11992,0.78488,1.07913,0.03488,0.80461,0.99255,0.02920,0.84211,1.00214,0.08935,0.83690,0.92018,0.04274,0.83869,1.63288,0.52561,0.83036,1.49824,0.60539,0.79877,1.28191,0.64226,0.77136,1.27250,0.56666,0.84659,1.18925,0.66299,0.91633,1.03480,0.66760,0.96255,1.04783,0.60903,0.97186,0.97137,0.66569,0.87797,1.14824,0.21892,0.88930,1.15543,0.47299,0.68257,1.16623,0.30563,0.68738,1.17698,0.40286,0.81081,1.05544,0.16480,0.91136,0.85960,0.17760,1.00234,0.69126,0.20544,1.02156,0.38536,0.19792,1.05443,0.19984,0.22051,1.02053,0.14320,0.29007,1.28614,0.21577,0.23915,1.19292,0.15528,0.17042,0.79512,1.05151,0.54375,0.74871,0.76179,0.49592,0.71518,0.65455,0.47485,0.60441,0.51325,0.49193,0.50811,0.22956,0.42403,0.44459,0.18843,0.36532,0.72115,0.14592,0.39128,0.61999,0.13277,0.47660,0.63400,0.00000,0.42164,74.27739,629.68660,-40.82761,-265.49794,59.03790,399.22187,0.00000,0.00000,0.00000,0.00000,0.00000,0.00000,0.00000,0.00000,0.00000
3.77000,  378,0.88094,1.83282,0.25311,0.94438,1.92297,0.33932,0.87371,1.83499,0.43440,0.99599,1.85113,0.31202,0.78843,1.69093,0.34995,0.68771,1.34828,0.34309,0.69310,1.14553,0.35291,0.94697,1.20991,0.33682,0.88189,1.41345,0.34681,0.89328,1.57859,0.33845,0.71858,1.56677,0.47934,0.83858,1.63210,0.15816,0.80684,1.48476,0.08190,0.75179,1.27138,0.05436,0.71538,1.26636,0.11910,0.79773,1.07449,0.03405,0.81704,0.98787,0.02832,0.85407,0.99711,0.08868,0.84874,0.91525,0.04196,0.85257,1.62831,0.52478,0.84496,1.49377,0.60449,0.81418,1.27733,0.64176,0.78693,1.26783,0.56614,0.86284,1.18504,0.66256,0.93387,1.03125,0.66713,0.97997,1.04464,0.60859,0.99001,0.96835,0.66521,0.89378,1.14394,0.21909,0.90318,1.15165,0.47329,0.69783,1.16125,0.30416,0.70174,1.17233,0.40136,0.82634,1.05028,0.16451,0.92204,0.85252,0.17794,1.01241,0.68339,0.20603,1.04655,0.38090,0.19909,1.09125,0.19720,0.22077,1.06021,0.13752,0.28934,1.32080,0.22908,0.24331,1.23332,0.16229,0.17304,0.80763,1.04820,0.54368,0.75772,0.75936,0.49657,0.72255,0.65259,0.47535,0.60928,0.51301,0.49202,0.50877,0.23029,0.42416,0.44510,0.18950,0.36534,0.72111,0.14587,0.39136,0.61994,0.13254,0.47678,0.63307,0.00000,0.42264,85.17856,658.27687,-45.87685,-278.21130,67.02827,416.73651,0.00000,0.00000,0.00000,0.00000,0.00000,0.00000,0.00000,0.00000,0.00000
3.78000,  379,0.89545,1.82797,0.25210,0.95889,1.91819,0.33834,0.88820,1.83008,0.43346,1.01054,1.84644,0.31096,0.80292,1.68623,0.34882,0.70220,1.34357,0.34135,0.70834,1.14092,0.35129,0.96192,1.20585,0.33736,0.89639,1.40858,0.34612,0.90785,1.57364,0.33763,0.73268,1.56199,0.47798,0.85343,1.62707,0.15710,0.82130,1.47980,0.08106,0.76555,1.26667,0.05346,0.72908,1.26172,0.11818,0.81068,1.06955,0.03313,0.82967,0.98299,0.02731,0.86621,0.99185,0.08811,0.86073,0.91006,0.04116,0.86654,1.62352,0.52386,0.85953,1.48894,0.60351,0.82967,1.27251,0.64118,0.80246,1.26260,0.56566,0.87904,1.18053,0.66192,0.95132,1.02739,0.66662,0.99724,1.04115,0.60790,1.00805,0.96498,0.66463,0.90993,1.13943,0.21911,0.91722,1.14760,0.47378,0.71330,1.15616,0.30272,0.71626,1.16748,0.39981,0.84231,1.04498,0.16427,0.93285,0.84560,0.17684,1.02238,0.67555,0.20628,1.07087,0.37721,0.20026,1.12605,0.19561,0.22202,1.09780,0.13332,0.28906,1.35250,0.24208,0.24795,1.27062,0.17032,0.17566,0.82027,1.04465,0.54359,0.76733,0.75664,0.49683,0.73057,0.65014,0.47545,0.61472,0.51259,0.49170,0.50953,0.23111,0.42428,0.44570,0.19068,0.36532,0.72108,0.14582,0.39143,0.61990,0.13226,0.47693,0.63173,0.00000,0.42332,98.43123,687.83727,-49.93946,-291.17411,74.81841,434.52950,0.00000,0.00000,0.00000,0.00000,0.00000,0.00000,0.00000,0.00000,0.00000
3.79000,  380,0.91009,1.82309,0.25103,0.97347,1.91339,0.33722,0.90296,1.82522,0.43241,1.02512,1.84166,0.30985,0.81762,1.68148,0.34754,0.71681,1.33885,0.33960,0.72382,1.13645,0.34966,0.97719,1.20170,0.33801,0.91106,1.40356,0.34536,0.92250,1.56862,0.33678,0.74678,1.55716,0.47652,0.86842,1.62195,0.15592,0.83584,1.47463,0.08010,0.77959,1.26168,0.05255,0.74294,1.25684,0.11726,0.82394,1.06444,0.03224,0.84262,0.97779,0.02642,0.87872,0.98635,0.08750,0.87293,0.90466,0.04042,0.88051,1.61862,0.52288,0.87410,1.48398,0.60238,0.84524,1.26750,0.64039,0.81797,1.25720,0.56502,0.89524,1.17582,0.66124,0.96862,1.02328,0.66582,1.01440,1.03743,0.60710,1.02581,0.96142,0.66383,0.92627,1.13471,0.21914,0.93142,1.14346,0.47427,0.72891,1.15115,0.30110,0.73099,1.16262,0.39814,0.85865,1.03967,0.16380,0.94380,0.83884,0.17424,1.03299,0.66807,0.20625,1.09452,0.37402,0.20111,1.15810,0.19532,0.22304,1.13265,0.13039,0.28965,1.38122,0.25376,0.25270,1.30451,0.17804,0.17882,0.83341,1.04073,0.54361,0.77765,0.75353,0.49675,0.73930,0.64754,0.47519,0.62089,0.51210,0.49115,0.51045,0.23212,0.42434,0.44636,0.19207,0.36530,0.72106,0.14575,0.39148,0.61987,0.13206,0.47706,0.63072,0.00000,0.42365,111.03997,715.20973,-52.36882,-303.00037,81.60866,451.09455,0.00000,0.00000,0.00000,0.00000,0.00000,0.00000,0.00000,0.00000,0.00000
3.80000,  381,0.92486,1.81821,0.24992,0.98812,1.90856,0.33605,0.91786,1.82036,0.43130,1.03990,1.83686,0.30872,0.83237,1.67676,0.34626,0.73163,1.33399,0.33784,0.73930,1.13187,0.34792,0.99268,1.19728,0.33888,0.92575,1.39848,0.34461,0.93730,1.56357,0.33575,0.76100,1.55229,0.47490,0.88348,1.61683,0.15465,0.85054,1.46938,0.07910,0.79389,1.25653,0.05156,0.75713,1.25173,0.11628,0.83735,1.05917,0.03121,0.85573,0.97252,0.02549,0.89121,0.98070,0.08695,0.88533,0.89910,0.03972,0.89469,1.61358,0.52182,0.88857,1.47877,0.60123,0.86077,1.26236,0.63956,0.83353,1.25188,0.56415,0.91138,1.17096,0.66036,0.98581,1.01898,0.66486,1.03143,1.03339,0.60611,1.04341,0.95757,0.66302,0.94269,1.12993,0.21950,0.94621,1.13924,0.47485,0.74459,1.14618,0.29945,0.74588,1.15783,0.39654,0.87548,1.03451,0.16327,0.95534,0.83184,0.17089,1.04447,0.66135,0.20567,1.11714,0.37122,0.20178,1.18710,0.19480,0.22530,1.16442,0.12813,0.29179,1.40671,0.26369,0.25740,1.33490,0.18402,0.18269,0.84673,1.03678,0.54380,0.78838,0.75021,0.49656,0.74894,0.64457,0.47470,0.62755,0.51163,0.49031,0.51159,0.23343,0.42428,0.44723,0.19386,0.36513,0.72107,0.14568,0.39152,0.61985,0.13208,0.47733,0.62984,0.00000,0.42387,124.19737,739.77961,-54.69358,-313.57047,88.48292,465.93969,0.00000,0.00000,0.00000,0.00000,0.00000,0.00000,0.00000,0.00000,0.00000
3.81000,  382,0.93975,1.81335,0.24869,1.00290,1.90377,0.33492,0.93263,1.81547,0.43020,1.05477,1.83218,0.30755,0.84732,1.67197,0.34488,0.74676,1.32904,0.33612,0.75476,1.12724,0.34618,1.00836,1.19262,0.33969,0.94072,1.39330,0.34370,0.95229,1.55851,0.33469,0.77524,1.54743,0.47338,0.89867,1.61159,0.15318,0.86543,1.46407,0.07800,0.80837,1.25138,0.05055,0.77156,1.24649,0.11528,0.85092,1.05393,0.03018,0.86905,0.96709,0.02453,0.90399,0.97499,0.08621,0.89786,0.89350,0.03890,0.90897,1.60853,0.52078,0.90292,1.47366,0.59991,0.87630,1.25713,0.63837,0.84920,1.24636,0.56322,0.92735,1.16592,0.65937,1.00273,1.01457,0.66388,1.04826,1.02917,0.60514,1.06068,0.95363,0.66208,0.95916,1.12486,0.22006,0.96168,1.13497,0.47515,0.75994,1.14145,0.29794,0.76101,1.15311,0.39487,0.89265,1.02942,0.16281,0.96819,0.82528,0.16823,1.05786,0.65562,0.20506,1.13778,0.36838,0.20281,1.21253,0.19336,0.22823,1.19251,0.12590,0.29547,1.42861,0.27157,0.26082,1.36166,0.18699,0.18718,0.86044,1.03256,0.54336,0.79976,0.74671,0.49618,0.75912,0.64162,0.47411,0.63498,0.51102,0.48912,0.51297,0.23492,0.42418,0.44835,0.19596,0.36494,0.72108,0.14563,0.39154,0.61989,0.13180,0.47716,0.62925,0.00000,0.42364,137.49036,760.51255,-54.92812,-322.18687,94.12545,478.55433,0.00000,0.00000,0.00000,0.00000,0.00000,0.00000,0.00000,0.00000,0.00000
3.82000,  383,0.95480,1.80853,0.24745,1.01777,1.89904,0.33367,0.94757,1.81062,0.42892,1.06973,1.82747,0.30629,0.86237,1.66715,0.34346,0.76203,1.32409,0.33458,0.77021,1.12285,0.34451,1.02424,1.18779,0.34055,0.95588,1.38841,0.34276,0.96732,1.55351,0.33362,0.78974,1.54253,0.47171,0.91398,1.60643,0.15195,0.88049,1.45882,0.07692,0.82319,1.24605,0.04969,0.78629,1.24126,0.11425,0.86477,1.04848,0.02922,0.88243,0.96172,0.02350,0.91695,0.96915,0.08554,0.91058,0.88791,0.03802,0.92335,1.60354,0.51964,0.91715,1.46853,0.59864,0.89183,1.25204,0.63721,0.86500,1.24088,0.56188,0.94330,1.16099,0.65810,1.01943,1.00999,0.66267,1.06491,1.02486,0.60401,1.07782,0.94947,0.66113,0.97573,1.11972,0.22071,0.97725,1.13065,0.47543,0.77560,1.13672,0.29636,0.77637,1.14844,0.39330,0.91036,1.02454,0.16216,0.98486,0.82055,0.16746,1.07376,0.65199,0.20578,1.15597,0.36430,0.20470,1.23375,0.19049,0.23144,1.21587,0.12317,0.30019,1.44663,0.27617,0.26347,1.38436,0.18651,0.19191,0.87438,1.02840,0.54306,0.81175,0.74314,0.49546,0.77014,0.63828,0.47334,0.64288,0.51057,0.48798,0.51460,0.23669,0.42418,0.44965,0.19848,0.36480,0.72111,0.14556,0.39157,0.61991,0.13181,0.47723,0.62887,0.00000,0.42301,149.88070,778.00927,-53.50745,-329.10954,98.39469,489.26614,0.00000,0.00000,0.00000,0.00000,0.00000,0.00000,0.00000,0.00000,0.00000
3.83000,  384,0.96990,1.80376,0.24608,1.03278,1.89437,0.33229,0.96276,1.80593,0.42750,1.08487,1.82282,0.30508,0.87752,1.66232,0.34204,0.77735,1.31924,0.33309,0.78592,1.11813,0.34290,1.04014,1.18280,0.34131,0.97116,1.38348,0.34184,0.98255,1.54861,0.33254,0.80442,1.53770,0.47006,0.92947,1.60134,0.15048,0.89577,1.45367,0.07563,0.83820,1.24091,0.04872,0.80123,1.23608,0.11333,0.87876,1.04317,0.02823,0.89603,0.95625,0.02252,0.93000,0.96353,0.08485,0.92357,0.88225,0.03715,0.93789,1.59863,0.51845,0.93150,1.46353,0.59739,0.90727,1.24696,0.63571,0.88046,1.23551,0.56052,0.95911,1.15608,0.65691,1.03579,1.00547,0.66142,1.08137,1.02052,0.60271,1.09436,0.94536,0.66002,0.99222,1.11435,0.22109,0.99262,1.12599,0.47556,0.79135,1.13205,0.29487,0.79191,1.14387,0.39182,0.92894,1.02001,0.16080,1.00344,0.81722,0.16831,1.09179,0.65042,0.20776,1.17216,0.35939,0.20715,1.25118,0.18607,0.23433,1.23388,0.11920,0.30377,1.46131,0.27592,0.26637,1.40291,0.18262,0.19642,0.88871,1.02417,0.54235,0.82418,0.73943,0.49487,0.78184,0.63472,0.47246,0.65139,0.51002,0.48663,0.51650,0.23882,0.42427,0.45113,0.20142,0.36480,0.72109,0.14556,0.39164,0.61996,0.13175,0.47731,0.62838,0.00000,0.42215,162.61111,794.52497,-52.05373,-335.41210,103.27202,499.26184,0.00000,0.00000,0.00000,0.00000,0.00000,0.00000,0.00000,0.00000,0.00000
3.84000,  385,0.98513,1.79915,0.24455,1.04788,1.88984,0.33079,0.97800,1.80133,0.42606,1.10006,1.81829,0.30371,0.89284,1.65765,0.34054,0.79289,1.31443,0.33187,0.80177,1.11342,0.34143,1.05618,1.17793,0.34146,0.98659,1.37873,0.34089,0.99790,1.54385,0.33147,0.81908,1.53318,0.46766,0.94498,1.59643,0.14903,0.91129,1.44859,0.07453,0.85351,1.23583,0.04786,0.81654,1.23102,0.11246,0.89311,1.03794,0.02721,0.90983,0.95091,0.02145,0.94344,0.95792,0.08398,0.93669,0.87673,0.03623,0.95270,1.59390,0.51725,0.94588,1.45866,0.59604,0.92271,1.24212,0.63411,0.89627,1.23044,0.55867,0.97480,1.15135,0.65518,1.05184,1.00095,0.65989,1.09747,1.01623,0.60139,1.11056,0.94121,0.65880,1.00873,1.10913,0.22124,1.00590,1.12043,0.47602,0.80734,1.12745,0.29343,0.80781,1.13916,0.39045,0.94631,1.01578,0.15951,1.02254,0.81462,0.16885,1.11131,0.64836,0.20944,1.18725,0.35437,0.20974,1.26516,0.18080,0.23666,1.24674,0.11393,0.30557,1.47467,0.26965,0.27056,1.41715,0.17637,0.20007,0.90323,1.01988,0.54143,0.83719,0.73542,0.49410,0.79426,0.63091,0.47142,0.66059,0.50945,0.48543,0.51866,0.24120,0.42471,0.45286,0.20486,0.36505,0.72102,0.14553,0.39169,0.62002,0.13162,0.47746,0.62785,0.00000,0.42306,176.76212,796.76570,-53.39420,-337.08286,109.37497,500.24886,0.00000,0.00000,0.00000,0.00000,0.00000,0.00000,0.00000,0.00000,0.00000
3.85000,  386,1.00051,1.79463,0.24297,1.06309,1.88538,0.32928,0.99327,1.79692,0.42440,1.11539,1.81394,0.30230,0.90824,1.65310,0.33907,0.80879,1.30975,0.33074,0.81784,1.10862,0.33994,1.07238,1.17310,0.34125,1.00204,1.37416,0.33991,1.01340,1.53934,0.33021,0.83434,1.52859,0.46615,0.96069,1.59162,0.14762,0.92703,1.44360,0.07336,0.86907,1.23092,0.04692,0.83205,1.22618,0.11157,0.90757,1.03295,0.02612,0.92394,0.94571,0.02042,0.95717,0.95235,0.08304,0.95001,0.87135,0.03521,0.96780,1.58938,0.51599,0.96047,1.45405,0.59462,0.93798,1.23742,0.63225,0.91180,1.22571,0.55683,0.99023,1.14674,0.65332,1.06744,0.99647,0.65841,1.11346,1.01185,0.59990,1.12653,0.93703,0.65747,1.02552,1.10441,0.22071,1.02119,1.11562,0.47575,0.82360,1.12288,0.29199,0.82389,1.13440,0.38918,0.96259,1.01187,0.15847,1.04241,0.81255,0.16841,1.13159,0.64567,0.21110,1.20199,0.34951,0.21207,1.27604,0.17498,0.23868,1.25554,0.10749,0.30626,1.48781,0.25805,0.27581,1.42753,0.16860,0.20274,0.91822,1.01528,0.54028,0.85093,0.73117,0.49299,0.80735,0.62686,0.47033,0.67041,0.50894,0.48427,0.52122,0.24394,0.42538,0.45485,0.20887,0.36552,0.72093,0.14554,0.39166,0.62012,0.13148,0.47765,0.62690,0.00000,0.42258,189.90613,804.94495,-54.36393,-340.14980,114.92460,504.61776,0.00000,0.00000,0.00000,0.00000,0.00000,0.00000,0.00000,0.00000,0.00000
3.86000,  387,1.01601,1.79017,0.24143,1.07838,1.88104,0.32764,1.00839,1.79257,0.42291,1.13081,1.80963,0.30078,0.92377,1.64865,0.33756,0.82494,1.30503,0.32965,0.83427,1.10385,0.33859,1.08876,1.16828,0.34056,1.01798,1.36983,0.33878,1.02897,1.53492,0.32887,0.84991,1.52415,0.46463,0.97639,1.58703,0.14619,0.94299,1.43880,0.07214,0.88488,1.22613,0.04605,0.84789,1.22155,0.11085,0.92227,1.02809,0.02504,0.93815,0.94070,0.01916,0.97089,0.94704,0.08202,0.96349,0.86616,0.03392,0.98322,1.58502,0.51463,0.97530,1.44962,0.59318,0.95309,1.23298,0.63025,0.92737,1.22118,0.55469,1.00551,1.14232,0.65151,1.08272,0.99210,0.65669,1.12892,1.00763,0.59840,1.14177,0.93285,0.65608,1.04265,1.10031,0.21954,1.03734,1.11094,0.47484,0.84027,1.11847,0.29067,0.84032,1.12964,0.38785,0.97846,1.00855,0.15746,1.06282,0.81036,0.16814,1.15174,0.64279,0.21297,1.21630,0.34454,0.21397,1.28444,0.16862,0.24080,1.26107,0.10187,0.30735,1.49942,0.24354,0.28066,1.43496,0.15925,0.20484,0.93333,1.01040,0.53911,0.86535,0.72666,0.49147,0.82134,0.62253,0.46921,0.68114,0.50829,0.48288,0.52414,0.24722,0.42608,0.45728,0.21351,0.36599,0.72083,0.14559,0.39172,0.62023,0.13136,0.47784,0.62526,0.00000,0.42365,206.28346,795.71044,-55.47124,-337.09917,121.82643,497.52373,0.00000,0.00000,0.00000,0.00000,0.00000,0.00000,0.00000,0.00000,0.00000
3.87000,  388,1.03160,1.78577,0.23971,1.09381,1.87679,0.32601,1.02379,1.78828,0.42126,1.14628,1.80538,0.29919,0.93917,1.64426,0.33604,0.84154,1.30024,0.32859,0.85132,1.09932,0.33721,1.10558,1.16373,0.33933,1.03409,1.36562,0.33771,1.04475,1.53073,0.32746,0.86572,1.51974,0.46320,0.99212,1.58260,0.14466,0.95907,1.43414,0.07100,0.90090,1.22154,0.04524,0.86401,1.21706,0.11000,0.93728,1.02335,0.02389,0.95260,0.93593,0.01781,0.98507,0.94188,0.08068,0.97727,0.86117,0.03268,0.99886,1.58081,0.51319,0.99053,1.44542,0.59167,0.96805,1.22873,0.62827,0.94289,1.21709,0.55228,1.02056,1.13807,0.64947,1.09763,0.98784,0.65478,1.14402,1.00348,0.59687,1.15680,0.92871,0.65454,1.05982,1.09656,0.21806,1.05380,1.10615,0.47376,0.85763,1.11392,0.28931,0.85717,1.12495,0.38653,0.99443,1.00516,0.15690,1.08354,0.80794,0.16825,1.17168,0.64005,0.21458,1.23005,0.33947,0.21595,1.29175,0.16357,0.24334,1.26527,0.09990,0.30990,1.51010,0.22824,0.28322,1.44143,0.14896,0.20661,0.94873,1.00537,0.53765,0.88038,0.72210,0.49012,0.83600,0.61793,0.46824,0.69245,0.50767,0.48165,0.52772,0.25091,0.42675,0.46044,0.21896,0.36636,0.72075,0.14564,0.39181,0.62039,0.13131,0.47799,0.62322,0.00000,0.42349,221.75265,780.89714,-52.66952,-330.70258,125.93979,486.67056,0.00000,0.00000,0.00000,0.00000,0.00000,0.00000,0.00000,0.00000,0.00000
3.88000,  389,1.04725,1.78148,0.23802,1.10934,1.87270,0.32418,1.03923,1.78425,0.41945,1.16187,1.80120,0.29761,0.95461,1.63995,0.33448,0.85844,1.29548,0.32743,0.86836,1.09493,0.33590,1.12272,1.15932,0.33769,1.05084,1.36156,0.33627,1.06066,1.52662,0.32599,0.88171,1.51534,0.46170,1.00787,1.57836,0.14308,0.97528,1.42961,0.06973,0.91719,1.21710,0.04441,0.88025,1.21274,0.10920,0.95254,1.01888,0.02266,0.96740,0.93132,0.01641,0.99978,0.93706,0.07937,0.99141,0.85624,0.03129,1.01464,1.57682,0.51163,1.00606,1.44142,0.59013,0.98297,1.22472,0.62598,0.95827,1.21322,0.54975,1.03522,1.13395,0.64746,1.11220,0.98359,0.65288,1.15900,0.99932,0.59511,1.17142,0.92444,0.65284,1.07740,1.09299,0.21624,1.07074,1.10152,0.47245,0.87515,1.10956,0.28803,0.87420,1.12046,0.38527,1.01135,1.00158,0.15615,1.10412,0.80531,0.16927,1.19180,0.63732,0.21596,1.24344,0.33454,0.21873,1.29944,0.15867,0.24717,1.27096,0.09903,0.31343,1.52096,0.21237,0.28652,1.44708,0.14024,0.20915,0.96459,1.00029,0.53629,0.89608,0.71742,0.48877,0.85175,0.61314,0.46729,0.70476,0.50717,0.48038,0.53189,0.25538,0.42736,0.46443,0.22521,0.36664,0.72066,0.14570,0.39188,0.62057,0.13139,0.47809,0.62104,0.00000,0.42335,235.06746,754.37596,-48.66207,-319.36244,128.64704,468.49971,0.00000,0.00000,0.00000,0.00000,0.00000,0.00000,0.00000,0.00000,0.00000
3.89000,  390,1.06298,1.77760,0.23628,1.12490,1.86905,0.32246,1.05474,1.78065,0.41770,1.17745,1.79754,0.29599,0.97014,1.63600,0.33273,0.87537,1.29124,0.32617,0.88554,1.09083,0.33454,1.14024,1.15545,0.33589,1.06742,1.35774,0.33464,1.07680,1.52286,0.32426,0.89784,1.51111,0.46014,1.02359,1.57440,0.14125,0.99147,1.42530,0.06843,0.93356,1.21276,0.04353,0.89671,1.20845,0.10832,0.96815,1.01457,0.02135,0.98251,0.92684,0.01485,1.01532,0.93236,0.07781,1.00580,0.85152,0.02988,1.03040,1.57305,0.50997,1.02199,1.43760,0.58835,0.99761,1.22083,0.62382,0.97350,1.20951,0.54736,1.04975,1.12988,0.64526,1.12641,0.97942,0.65074,1.17353,0.99517,0.59354,1.18543,0.92023,0.65116,1.09502,1.08946,0.21443,1.08788,1.09685,0.47092,0.89259,1.10568,0.28688,0.89134,1.11614,0.38401,1.02895,0.99778,0.15499,1.12417,0.80306,0.17086,1.21168,0.63466,0.21719,1.25863,0.33059,0.22188,1.30964,0.15564,0.25037,1.27716,0.10047,0.31625,1.53333,0.19481,0.28923,1.45300,0.13070,0.21186,0.98054,0.99521,0.53477,0.91266,0.71247,0.48794,0.86837,0.60814,0.46678,0.71786,0.50682,0.47919,0.53718,0.26039,0.42793,0.46946,0.23261,0.36691,0.72054,0.14575,0.39197,0.62087,0.13160,0.47820,0.61882,0.00000,0.42194,244.25887,714.37792,-40.11348,-301.42785,127.17753,442.07064,0.00000,0.00000,0.00000,0.00000,0.00000,0.00000,0.00000,0.00000,0.00000
3.90000,  391,1.07878,1.77435,0.23450,1.14051,1.86596,0.32064,1.07028,1.77760,0.41595,1.19312,1.79442,0.29432,0.98584,1.63260,0.33095,0.89230,1.28751,0.32497,0.90247,1.08726,0.33307,1.15793,1.15179,0.33413,1.08417,1.35428,0.33306,1.09303,1.51952,0.32252,0.91398,1.50731,0.45856,1.03935,1.57072,0.13957,1.00771,1.42112,0.06695,0.95016,1.20853,0.04271,0.91336,1.20428,0.10745,0.98395,1.01032,0.02012,0.99788,0.92263,0.01338,1.03082,0.92789,0.07621,1.02039,0.84693,0.02832,1.04625,1.56960,0.50839,1.03831,1.43390,0.58627,1.01230,1.21726,0.62153,0.98864,1.20614,0.54492,1.06415,1.12604,0.64307,1.14038,0.97530,0.64862,1.18791,0.99108,0.59148,1.19927,0.91601,0.64905,1.11268,1.08639,0.21286,1.10514,1.09232,0.46926,0.91015,1.10246,0.28563,0.90857,1.11212,0.38285,1.04707,0.99430,0.15367,1.14328,0.80180,0.17306,1.23078,0.63310,0.21822,1.27575,0.32869,0.22419,1.31931,0.15378,0.25085,1.28189,0.10272,0.31676,1.54685,0.17374,0.29153,1.45991,0.11858,0.21431,0.99684,0.99016,0.53295,0.93035,0.70753,0.48705,0.88628,0.60310,0.46656,0.73231,0.50697,0.47831,0.54376,0.26618,0.42865,0.47595,0.24117,0.36732,0.72057,0.14582,0.39193,0.62143,0.13206,0.47825,0.61700,0.00000,0.42095,245.26606,655.10618,-29.96465,-275.76801,121.42714,404.20004,0.00000,0.00000,0.00000,0.00000,0.00000,0.00000,0.00000,0.00000,0.00000
3.91000,  392,1.09467,1.77169,0.23269,1.15608,1.86353,0.31884,1.08576,1.77506,0.41411,1.20885,1.79199,0.29267,1.00185,1.62979,0.32914,0.90908,1.28445,0.32396,0.91940,1.08424,0.33157,1.17570,1.14853,0.33245,1.10077,1.35135,0.33151,1.10929,1.51677,0.32097,0.93009,1.50409,0.45699,1.05528,1.56746,0.13764,1.02410,1.41735,0.06560,0.96696,1.20465,0.04198,0.93035,1.20030,0.10665,0.99996,1.00654,0.01887,1.01353,0.91886,0.01187,1.04651,0.92375,0.07481,1.03546,0.84299,0.02670,1.06225,1.56656,0.50676,1.05467,1.43051,0.58418,1.02705,1.21392,0.61920,1.00357,1.20302,0.54263,1.07830,1.12235,0.64094,1.15387,0.97129,0.64625,1.20166,0.98712,0.58969,1.21272,0.91198,0.64698,1.13059,1.08415,0.21109,1.12252,1.08836,0.46741,0.92738,1.10028,0.28428,0.92573,1.10859,0.38178,1.06562,0.99231,0.15197,1.16139,0.80004,0.17491,1.24956,0.63308,0.21853,1.29291,0.32830,0.22256,1.32683,0.15222,0.24965,1.28547,0.10495,0.31610,1.55681,0.15423,0.29336,1.46528,0.10693,0.21564,1.01334,0.98528,0.53090,0.94905,0.70256,0.48646,0.90578,0.59795,0.46688,0.74838,0.50750,0.47769,0.55212,0.27271,0.42966,0.48429,0.25114,0.36790,0.72070,0.14584,0.39198,0.62217,0.13270,0.47832,0.61528,0.00000,0.41880,238.91417,576.69876,-18.51959,-241.51962,111.34992,354.83299,0.00000,0.00000,0.00000,0.00000,0.00000,0.00000,0.00000,0.00000,0.00000
3.92000,  393,1.11051,1.76964,0.23090,1.17161,1.86159,0.31706,1.10143,1.77306,0.41233,1.22461,1.79017,0.29100,1.01797,1.62749,0.32750,0.92579,1.28183,0.32329,0.93625,1.08163,0.32993,1.19311,1.14591,0.33097,1.11725,1.34914,0.32971,1.12538,1.51466,0.31918,0.94619,1.50156,0.45543,1.07120,1.56484,0.13588,1.04048,1.41424,0.06415,0.98412,1.20128,0.04123,0.94759,1.19678,0.10587,1.01624,1.00325,0.01766,1.02931,0.91551,0.01041,1.06236,0.92010,0.07330,1.05092,0.83957,0.02495,1.07831,1.56398,0.50519,1.07067,1.42740,0.58209,1.04167,1.21121,0.61685,1.01859,1.20032,0.54017,1.09223,1.11914,0.63854,1.16710,0.96760,0.64397,1.21528,0.98331,0.58742,1.22547,0.90810,0.64481,1.14826,1.08276,0.21004,1.14083,1.08518,0.46531,0.94430,1.09872,0.28285,0.94270,1.10556,0.38064,1.08481,0.99235,0.14989,1.17903,0.79890,0.17411,1.27047,0.63480,0.21855,1.30864,0.32891,0.21986,1.33309,0.15138,0.24820,1.28843,0.10718,0.31526,1.56305,0.13946,0.29261,1.46856,0.09714,0.21550,1.03020,0.98068,0.52892,0.96903,0.69753,0.48627,0.92706,0.59293,0.46760,0.76637,0.50833,0.47744,0.56262,0.27968,0.43111,0.49474,0.26277,0.36886,0.72110,0.14578,0.39212,0.62332,0.13372,0.47842,0.61661,0.00000,0.41788,215.40718,479.83044,-11.33692,-200.51225,97.54846,295.86889,0.00000,0.00000,0.00000,0.00000,0.00000,0.00000,0.00000,0.00000,0.00000
3.93000,  394,1.12630,1.76802,0.22918,1.18708,1.86003,0.31538,1.11702,1.77146,0.41053,1.24024,1.78877,0.28939,1.03397,1.62564,0.32592,0.94229,1.27973,0.32280,0.95253,1.07938,0.32825,1.21011,1.14393,0.32953,1.13370,1.34741,0.32816,1.14137,1.51301,0.31760,0.96219,1.49961,0.45401,1.08711,1.56273,0.13413,1.05715,1.41178,0.06289,1.00162,1.19851,0.04057,0.96518,1.19385,0.10519,1.03279,1.00058,0.01647,1.04527,0.91280,0.00895,1.07827,0.91701,0.07215,1.06664,0.83677,0.02314,1.09442,1.56203,0.50366,1.08683,1.42514,0.57991,1.05649,1.20904,0.61443,1.03382,1.19839,0.53759,1.10604,1.11641,0.63627,1.17971,0.96420,0.64133,1.22819,0.97977,0.58535,1.23768,0.90448,0.64251,1.16593,1.08224,0.20871,1.15707,1.08173,0.46341,0.96086,1.09773,0.28151,0.95939,1.10304,0.37958,1.10387,0.99349,0.14818,1.19700,0.79918,0.17186,1.29362,0.63765,0.21855,1.32304,0.32987,0.21769,1.33825,0.15092,0.24654,1.29077,0.10950,0.31430,1.56767,0.12653,0.29050,1.47048,0.08915,0.21414,1.04722,0.97619,0.52667,0.99038,0.69248,0.48604,0.95004,0.58769,0.46865,0.78677,0.50898,0.47742,0.57564,0.28718,0.43314,0.50795,0.27579,0.37035,0.72166,0.14540,0.39213,0.62490,0.13530,0.47852,0.62047,0.00000,0.41658,180.21570,371.68727,-5.68965,-154.83883,79.56449,230.61982,0.00000,0.00000,0.00000,0.00000,0.00000,0.00000,0.00000,0.00000,0.00000
3.94000,  395,1.14204,1.76667,0.22744,1.20254,1.85887,0.31376,1.13258,1.77018,0.40873,1.25585,1.78766,0.28786,1.04967,1.62421,0.32446,0.95853,1.27803,0.32237,0.96853,1.07735,0.32669,1.22659,1.14264,0.32848,1.15016,1.34633,0.32637,1.15715,1.51188,0.31611,0.97813,1.49819,0.45273,1.10286,1.56124,0.13264,1.07388,1.41005,0.06161,1.01940,1.19645,0.03994,0.98298,1.19178,0.10453,1.04964,0.99858,0.01531,1.06176,0.91075,0.00758,1.09498,0.91455,0.07062,1.08279,0.83459,0.02144,1.11036,1.56066,0.50220,1.10276,1.42361,0.57798,1.07110,1.20750,0.61211,1.04854,1.19727,0.53528,1.11975,1.11434,0.63397,1.19182,0.96135,0.63892,1.24079,0.97658,0.58285,1.24942,0.90112,0.64004,1.18287,1.08202,0.20768,1.17299,1.07864,0.46147,0.97717,1.09698,0.28018,0.97559,1.10098,0.37857,1.12199,0.99516,0.14609,1.21753,0.80110,0.16947,1.31672,0.64031,0.21846,1.33600,0.33066,0.21608,1.34279,0.15084,0.24528,1.29248,0.11142,0.31339,1.57098,0.11631,0.28958,1.47223,0.08308,0.21338,1.06426,0.97190,0.52424,1.01327,0.68713,0.48587,0.97479,0.58219,0.46978,0.80973,0.50907,0.47786,0.59139,0.29528,0.43539,0.52402,0.29054,0.37235,0.72322,0.14465,0.39236,0.62685,0.13832,0.47864,0.63081,0.00000,0.41640,132.79609,274.83010,-5.64273,-114.43946,59.75584,173.36457,0.00000,0.00000,0.00000,0.00000,0.00000,0.00000,0.00000,0.00000,0.00000
3.95000,  396,1.15764,1.76560,0.22584,1.21791,1.85794,0.31213,1.14795,1.76923,0.40733,1.27132,1.78677,0.28632,1.06471,1.62310,0.32257,0.97448,1.27675,0.32201,0.98423,1.07543,0.32539,1.24256,1.14188,0.32799,1.16606,1.34564,0.32482,1.17277,1.51111,0.31464,0.99387,1.49724,0.45158,1.11862,1.56029,0.13138,1.09072,1.40876,0.06067,1.03743,1.19498,0.03922,1.00094,1.19033,0.10395,1.06691,0.99720,0.01418,1.07868,0.90935,0.00604,1.11164,0.91278,0.06938,1.09940,0.83310,0.01957,1.12617,1.55983,0.50082,1.11846,1.42288,0.57630,1.08572,1.20653,0.60982,1.06253,1.19702,0.53319,1.13334,1.11286,0.63148,1.20371,0.95881,0.63617,1.25296,0.97377,0.58045,1.26051,0.89824,0.63764,1.19927,1.08237,0.20651,1.18871,1.07603,0.45975,0.99315,1.09635,0.27894,0.99148,1.09897,0.37762,1.13872,0.99687,0.14384,1.23889,0.80343,0.16706,1.33823,0.64166,0.21815,1.34760,0.33115,0.21476,1.34636,0.15106,0.24494,1.29330,0.11242,0.31285,1.57285,0.10932,0.29060,1.47342,0.08063,0.21275,1.08132,0.96776,0.52181,1.03721,0.68175,0.48584,1.00110,0.57645,0.47106,0.83487,0.50835,0.47915,0.60950,0.30438,0.43754,0.54301,0.30699,0.37439,0.72623,0.14349,0.39288,0.63038,0.14386,0.47874,0.64694,0.00000,0.41642,87.58250,201.52402,-4.16930,-83.91851,39.79771,130.37413,0.00000,0.00000,0.00000,0.00000,0.00000,0.00000,0.00000,0.00000,0.00000
3.96000,  397,1.17301,1.76474,0.22436,1.23310,1.85727,0.31069,1.16306,1.76847,0.40569,1.28668,1.78614,0.28494,1.07976,1.62226,0.32131,0.99016,1.27581,0.32140,0.99969,1.07371,0.32420,1.25810,1.14143,0.32784,1.18203,1.34520,0.32338,1.18817,1.51053,0.31361,1.00949,1.49663,0.45065,1.13435,1.55964,0.13024,1.10751,1.40803,0.05963,1.05542,1.19401,0.03849,1.01890,1.18945,0.10326,1.08467,0.99647,0.01292,1.09627,0.90842,0.00451,1.12891,0.91157,0.06798,1.11654,0.83206,0.01779,1.14159,1.55942,0.49961,1.13408,1.42235,0.57474,1.10014,1.20603,0.60786,1.07727,1.19698,0.53068,1.14698,1.11196,0.62916,1.21517,0.95694,0.63375,1.26480,0.97138,0.57787,1.27139,0.89562,0.63494,1.21522,1.08316,0.20526,1.20409,1.07394,0.45804,1.00884,1.09580,0.27785,1.00709,1.09729,0.37667,1.15455,0.99821,0.14177,1.25869,0.80616,0.16467,1.35607,0.64205,0.21648,1.35728,0.33093,0.21389,1.34870,0.15136,0.24582,1.29370,0.11268,0.31288,1.57336,0.10578,0.29110,1.47388,0.07976,0.21246,1.09840,0.96382,0.51917,1.06233,0.67643,0.48595,1.02872,0.57077,0.47208,0.86150,0.50718,0.48114,0.62991,0.31434,0.43943,0.56548,0.32453,0.37633,0.72985,0.14218,0.39349,0.63502,0.15145,0.47868,0.66118,0.00000,0.41957,55.00968,140.40102,-5.54069,-58.90876,26.49973,92.82988,0.00000,0.00000,0.00000,0.00000,0.00000,0.00000,0.00000,0.00000,0.00000
3.97000,  398,1.18824,1.76409,0.22312,1.24828,1.85678,0.30917,1.17814,1.76825,0.40434,1.30183,1.78558,0.28369,1.09473,1.62177,0.32022,1.00552,1.27533,0.32050,1.01494,1.07239,0.32303,1.27343,1.14118,0.32824,1.19719,1.34490,0.32257,1.20341,1.51027,0.31269,1.02464,1.49646,0.44971,1.15003,1.55934,0.12933,1.12431,1.40753,0.05884,1.07345,1.19335,0.03772,1.03679,1.18882,0.10245,1.10290,0.99612,0.01160,1.11439,0.90808,0.00271,1.14675,0.91088,0.06649,1.13429,0.83148,0.01596,1.15679,1.55931,0.49847,1.14938,1.42219,0.57341,1.11470,1.20597,0.60578,1.09214,1.19729,0.52829,1.16055,1.11144,0.62670,1.22674,0.95539,0.63131,1.27629,0.96931,0.57542,1.28205,0.89324,0.63235,1.23083,1.08418,0.20403,1.21922,1.07235,0.45645,1.02432,1.09533,0.27669,1.02245,1.09610,0.37563,1.16977,0.99905,0.13969,1.27611,0.80836,0.16249,1.37062,0.64175,0.21413,1.36478,0.33048,0.21351,1.35041,0.15172,0.24644,1.29410,0.11293,0.31294,1.57381,0.10247,0.29147,1.47406,0.07885,0.21188,1.11536,0.96058,0.51660,1.08828,0.67164,0.48578,1.05718,0.56547,0.47297,0.88929,0.50610,0.48342,0.65239,0.32432,0.44098,0.59092,0.34158,0.37730,0.73549,0.14006,0.39469,0.64189,0.16147,0.47856,0.66528,0.00000,0.42664,38.46484,87.63426,-6.08907,-37.38795,20.07351,58.30142,0.00000,0.00000,0.00000,0.00000,0.00000,0.00000,0.00000,0.00000,0.00000
3.98000,  399,1.20320,1.76373,0.22193,1.26331,1.85661,0.30786,1.19301,1.76834,0.40308,1.31676,1.78537,0.28252,1.10956,1.62172,0.31922,1.02064,1.27509,0.31940,1.03016,1.07148,0.32175,1.28841,1.14126,0.32891,1.21236,1.34505,0.32161,1.21851,1.51028,0.31205,1.03942,1.49653,0.44881,1.16557,1.55934,0.12865,1.14107,1.40737,0.05806,1.09143,1.19298,0.03676,1.05465,1.18826,0.10155,1.12164,0.99607,0.01011,1.13328,0.90800,0.00106,1.16519,0.91047,0.06495,1.15264,0.83114,0.01428,1.17139,1.55951,0.49767,1.16452,1.42221,0.57220,1.12899,1.20607,0.60381,1.10415,1.19758,0.52710,1.17402,1.11128,0.62484,1.23819,0.95432,0.62919,1.28757,0.96755,0.57309,1.29243,0.89121,0.62959,1.24619,1.08534,0.20268,1.23407,1.07137,0.45498,1.03969,1.09514,0.27532,1.03760,1.09538,0.37427,1.18472,0.99965,0.13778,1.29126,0.80897,0.16077,1.38295,0.64054,0.21137,1.37090,0.33000,0.21367,1.35210,0.15200,0.24705,1.29435,0.11309,0.31304,1.57450,0.09909,0.29211,1.47420,0.07799,0.21154,1.13235,0.95822,0.51393,1.11451,0.66784,0.48591,1.08605,0.56113,0.47356,0.91765,0.50561,0.48536,0.67684,0.33418,0.44174,0.61982,0.35771,0.37817,0.74227,0.13736,0.39600,0.65187,0.17273,0.47902,0.66672,0.00000,0.42550,24.64908,53.22897,-3.79254,-22.64902,13.21527,35.48887,0.00000,0.00000,0.00000,0.00000,0.00000,0.00000,0.00000,0.00000,0.00000
3.99000,  400,1.21800,1.76368,0.22103,1.27817,1.85679,0.30664,1.20786,1.76894,0.40215,1.33163,1.78534,0.28150,1.12428,1.62196,0.31836,1.03562,1.27526,0.31793,1.04510,1.07119,0.32007,1.30316,1.14156,0.32972,1.22696,1.34507,0.32132,1.23333,1.51052,0.31159,1.05420,1.49657,0.44787,1.18109,1.55947,0.12794,1.15768,1.40750,0.05733,1.10942,1.19280,0.03576,1.07237,1.18789,0.10039,1.14062,0.99622,0.00863,1.15262,0.90821,-0.00065,1.18392,0.91065,0.06346,1.17150,0.83115,0.01248,1.18553,1.55989,0.49697,1.17913,1.42240,0.57110,1.14277,1.20633,0.60219,1.11846,1.19838,0.52492,1.18729,1.11131,0.62278,1.24951,0.95354,0.62734,1.29865,0.96611,0.57059,1.30290,0.88941,0.62684,1.26135,1.08661,0.20139,1.24858,1.07107,0.45376,1.05484,1.09544,0.27365,1.05223,1.09526,0.37212,1.19961,1.00018,0.13585,1.30415,0.80737,0.15937,1.39394,0.63815,0.20884,1.37571,0.32945,0.21384,1.35348,0.15219,0.24777,1.29457,0.11312,0.31317,1.57501,0.09644,0.29294,1.47431,0.07765,0.21128,1.14901,0.95680,0.51150,1.14103,0.66528,0.48590,1.11506,0.55815,0.47424,0.94678,0.50579,0.48713,0.70265,0.34286,0.44195,0.65138,0.37176,0.37849,0.74956,0.13417,0.39737,0.66403,0.18414,0.47908,0.66507,0.00000,0.43399,14.46981,29.05368,-5.37763,-12.60895,9.75988,19.32270,0.00000,0.00000,0.00000,0.00000,0.00000,0.00000,0.00000,0.00000,0.00000
4.00000,  401,1.23260,1.76405,0.22035,1.29283,1.85742,0.30557,1.22247,1.77000,0.40146,1.34623,1.78579,0.28069,1.13861,1.62278,0.31733,1.05040,1.27593,0.31621,1.05982,1.07158,0.31806,1.31760,1.14222,0.33023,1.24156,1.34570,0.32114,1.24799,1.51113,0.31136,1.06813,1.49708,0.44676,1.19589,1.56016,0.12844,1.17436,1.40782,0.05675,1.12739,1.19292,0.03458,1.09009,1.18758,0.09900,1.15992,0.99664,0.00714,1.17236,0.90878,-0.00232,1.20334,0.91109,0.06196,1.19138,0.83208,0.01134,1.19912,1.56055,0.49661,1.19316,1.42292,0.57016,1.15626,1.20676,0.60067,1.13221,1.19923,0.52329,1.20018,1.11148,0.62109,1.26095,0.95303,0.62552,1.30962,0.96491,0.56796,1.31331,0.88794,0.62413,1.27620,1.08795,0.20012,1.26283,1.07133,0.45255,1.06974,1.09632,0.27165,1.06683,1.09557,0.37007,1.21486,1.00108,0.13324,1.31547,0.80475,0.15822,1.40350,0.63522,0.20718,1.37932,0.32896,0.21407,1.35452,0.15240,0.24859,1.29482,0.11324,0.31320,1.57541,0.09457,0.29353,1.47434,0.07744,0.21110,1.16563,0.95650,0.50905,1.16700,0.66415,0.48588,1.14399,0.55647,0.47478,0.97640,0.50688,0.48832,0.72976,0.35079,0.44194,0.68340,0.38310,0.37759,0.75760,0.13010,0.39950,0.67848,0.19479,0.47829,0.00000,0.00000,0.00000,2.29966,3.34318,-1.01392,-1.50923,1.64744,2.16318,0.00000,0.00000,0.00000,0.00000,0.00000,0.00000,0.00000,0.00000,0.00000
4.01000,  402,1.24703,1.76490,0.21989,1.30737,1.85837,0.30488,1.23695,1.77130,0.40097,1.36061,1.78669,0.28015,1.15292,1.62382,0.31661,1.06484,1.27702,0.31446,1.07434,1.07257,0.31583,1.33177,1.14338,0.33026,1.25582,1.34663,0.32126,1.26237,1.51214,0.31130,1.08118,1.49821,0.44537,1.21132,1.56101,0.12798,1.19094,1.40854,0.05619,1.14550,1.19337,0.03332,1.10754,1.18769,0.09732,1.17935,0.99744,0.00568,1.19242,0.90980,-0.00382,1.22239,0.91197,0.06086,1.21130,0.83274,0.00945,1.21223,1.56144,0.49626,1.20643,1.42356,0.56940,1.16941,1.20726,0.59918,1.14516,1.20015,0.52209,1.21261,1.11180,0.61947,1.27222,0.95293,0.62390,1.32029,0.96416,0.56562,1.32374,0.88690,0.62146,1.29079,1.08925,0.19871,1.27689,1.07227,0.45134,1.08429,1.09766,0.26950,1.08126,1.09622,0.36791,1.22995,1.00231,0.13074,1.32555,0.80242,0.15719,1.41324,0.63252,0.20624,1.38249,0.32815,0.21454,1.35540,0.15266,0.24911,1.29499,0.11344,0.31328,1.57568,0.09341,0.29396,1.47438,0.07734,0.21100,1.18204,0.95669,0.50697,1.19234,0.66426,0.48569,1.17300,0.55596,0.47503,1.00656,0.50840,0.48920,0.75756,0.35770,0.44187,0.71626,0.39217,0.37591,0.76601,0.12554,0.40319,0.69401,0.20453,0.47644,0.00000,0.00000,0.00000,0.00000,0.00000,0.00000,0.00000,0.00000,0.00000,0.00000,0.00000,0.00000,0.00000,0.00000,0.00000,0.00000,0.00000,0.00000
4.02000,  403,1.26118,1.76620,0.21960,1.32177,1.85980,0.30444,1.25128,1.77297,0.40057,1.37493,1.78800,0.27980,1.16707,1.62531,0.31597,1.07914,1.27843,0.31263,1.08857,1.07399,0.31353,1.34593,1.14508,0.32955,1.27003,1.34811,0.32159,1.27646,1.51351,0.31145,1.09436,1.49939,0.44403,1.22660,1.56239,0.12771,1.20745,1.40969,0.05571,1.16363,1.19442,0.03196,1.12497,1.18821,0.09539,1.19899,0.99870,0.00433,1.21275,0.91121,-0.00513,1.24245,0.91329,0.05951,1.23192,0.83426,0.00811,1.22511,1.56263,0.49599,1.21888,1.42458,0.56884,1.18234,1.20797,0.59776,1.15772,1.20122,0.52083,1.22470,1.11235,0.61802,1.28334,0.95307,0.62247,1.33078,0.96379,0.56330,1.33424,0.88637,0.61886,1.30517,1.09071,0.19724,1.29075,1.07370,0.45019,1.09870,1.09926,0.26729,1.09547,1.09741,0.36562,1.24370,1.00349,0.12972,1.33480,0.80098,0.15630,1.42263,0.63136,0.20585,1.38557,0.32703,0.21505,1.35609,0.15286,0.24948,1.29508,0.11358,0.31332,1.57589,0.09257,0.29412,1.47443,0.07722,0.21087,1.19829,0.95737,0.50514,1.21726,0.66502,0.48515,1.20217,0.55644,0.47563,1.03724,0.50993,0.49005,0.78538,0.36367,0.44152,0.74938,0.39892,0.37312,0.77693,0.12412,0.40856,0.71185,0.21338,0.47424,0.00000,0.00000,0.00000,0.00000,0.00000,0.00000,0.00000,0.00000,0.00000,0.00000,0.00000,0.00000,0.00000,0.00000,0.00000,0.00000,0.00000,0.00000
4.03000,  404,1.27533,1.76793,0.21958,1.33578,1.86152,0.30418,1.26507,1.77487,0.40057,1.38900,1.78956,0.27974,1.18099,1.62709,0.31544,1.09325,1.28018,0.31078,1.10254,1.07580,0.31132,1.35988,1.14725,0.32808,1.28380,1.34993,0.32173,1.29041,1.51532,0.31153,1.10744,1.50083,0.44268,1.24177,1.56426,0.12749,1.22390,1.41140,0.05531,1.18197,1.19589,0.03066,1.14254,1.18921,0.09344,1.21881,1.00048,0.00311,1.23329,0.91326,-0.00641,1.26241,0.91531,0.05884,1.25295,0.83644,0.00678,1.23783,1.56417,0.49581,1.23066,1.42591,0.56835,1.19465,1.20916,0.59647,1.17003,1.20256,0.51959,1.23631,1.11322,0.61662,1.29427,0.95368,0.62088,1.34096,0.96387,0.56118,1.34452,0.88640,0.61643,1.31938,1.09206,0.19555,1.30427,1.07573,0.44901,1.11285,1.10111,0.26512,1.10936,1.09902,0.36338,1.25816,1.00525,0.12791,1.34406,0.80072,0.15530,1.43176,0.63154,0.20541,1.38851,0.32594,0.21497,1.35666,0.15300,0.24957,1.29511,0.11376,0.31319,1.57603,0.09191,0.29417,1.47443,0.07703,0.21074,1.21419,0.95858,0.50347,1.24200,0.66654,0.48497,1.23111,0.55773,0.47618,1.06780,0.51154,0.49114,0.81353,0.36922,0.44064,0.78197,0.40404,0.36999,0.79837,0.12966,0.41196,0.73336,0.22240,0.47336,0.00000,0.00000,0.00000,0.00000,0.00000,0.00000,0.00000,0.00000,0.00000,0.00000,0.00000,0.00000,0.00000,0.00000,0.00000,0.00000,0.00000,0.00000
4.04000,  405,1.28920,1.76999,0.21969,1.34980,1.86352,0.30432,1.27900,1.77714,0.40055,1.40285,1.79161,0.27994,1.19480,1.62917,0.31503,1.10717,1.28225,0.30888,1.11575,1.07806,0.30926,1.37358,1.14972,0.32615,1.29748,1.35196,0.32175,1.30416,1.51737,0.31182,1.12043,1.50263,0.44150,1.25672,1.56657,0.12739,1.24018,1.41370,0.05484,1.20048,1.19789,0.02941,1.16013,1.19086,0.09153,1.23878,1.00286,0.00203,1.25409,0.91574,-0.00738,1.28192,0.91780,0.05834,1.27454,0.83910,0.00571,1.25022,1.56597,0.49577,1.24194,1.42760,0.56810,1.20649,1.21069,0.59516,1.18206,1.20432,0.51827,1.24739,1.11448,0.61536,1.30498,0.95468,0.61961,1.35109,0.96456,0.55923,1.35485,0.88695,0.61428,1.33336,1.09356,0.19374,1.31781,1.07821,0.44780,1.12661,1.10336,0.26306,1.12305,1.10097,0.36127,1.27214,1.00729,0.12651,1.35451,0.80151,0.15463,1.44055,0.63122,0.20543,1.39129,0.32564,0.21448,1.35715,0.15317,0.24949,1.29513,0.11406,0.31304,1.57612,0.09148,0.29408,1.47444,0.07686,0.21056,1.22969,0.96027,0.50166,1.26647,0.66856,0.48486,1.25988,0.55992,0.47658,1.09777,0.51373,0.49245,0.84181,0.37422,0.43931,0.81171,0.40777,0.36745,0.82794,0.13571,0.41456,0.76071,0.22829,0.47310,0.00000,0.00000,0.00000,0.00000,0.00000,0.00000,0.00000,0.00000,0.00000,0.00000,0.00000,0.00000,0.00000,0.00000,0.00000,0.00000,0.00000,0.00000
4.05000,  406,1.30299,1.77244,0.21999,1.36347,1.86591,0.30473,1.29251,1.77952,0.40094,1.41654,1.79391,0.28034,1.20844,1.63150,0.31473,1.12091,1.28465,0.30714,1.12957,1.08039,0.30754,1.38713,1.15238,0.32379,1.31101,1.35443,0.32165,1.31775,1.51983,0.31204,1.13304,1.50476,0.44028,1.27153,1.56934,0.12744,1.25648,1.41646,0.05447,1.21886,1.20046,0.02812,1.17763,1.19310,0.08965,1.25895,1.00579,0.00107,1.27511,0.91884,-0.00824,1.30204,0.92101,0.05787,1.29636,0.84261,0.00458,1.26258,1.56806,0.49561,1.25301,1.42958,0.56802,1.21796,1.21251,0.59388,1.19383,1.20644,0.51694,1.25810,1.11610,0.61388,1.31539,0.95596,0.61824,1.36103,0.96569,0.55752,1.36475,0.88799,0.61249,1.34708,1.09528,0.19189,1.33124,1.08093,0.44642,1.14014,1.10593,0.26130,1.13659,1.10322,0.35960,1.28558,1.00954,0.12526,1.36632,0.80325,0.15452,1.44848,0.63051,0.20561,1.39404,0.32571,0.21407,1.35757,0.15343,0.24930,1.29513,0.11439,0.31280,1.57617,0.09125,0.29401,1.47444,0.07678,0.21037,1.24502,0.96232,0.49988,1.29075,0.67124,0.48485,1.28786,0.56300,0.47714,1.12669,0.51706,0.49327,0.87022,0.37751,0.43828,0.83910,0.40991,0.36604,0.86144,0.13888,0.41623,0.79227,0.23055,0.47372,0.00000,0.00000,0.00000,0.00000,0.00000,0.00000,0.00000,0.00000,0.00000,0.00000,0.00000,0.00000,0.00000,0.00000,0.00000,0.00000,0.00000,0.00000
4.06000,  407,1.31655,1.77519,0.22049,1.37702,1.86852,0.30548,1.30603,1.78201,0.40148,1.43007,1.79660,0.28100,1.22178,1.63410,0.31449,1.13451,1.28727,0.30554,1.14289,1.08302,0.30622,1.40049,1.15525,0.32139,1.32424,1.35713,0.32155,1.33120,1.52250,0.31229,1.14577,1.50710,0.43915,1.28622,1.57249,0.12738,1.27261,1.41983,0.05401,1.23714,1.20352,0.02688,1.19512,1.19575,0.08786,1.27932,1.00926,0.00019,1.29632,0.92245,-0.00909,1.32211,0.92475,0.05694,1.31860,0.84664,0.00364,1.27485,1.57037,0.49559,1.26393,1.43185,0.56781,1.22889,1.21464,0.59253,1.20539,1.20892,0.51535,1.26842,1.11807,0.61243,1.32532,0.95783,0.61706,1.37102,0.96726,0.55624,1.37447,0.88948,0.61093,1.36045,1.09730,0.18999,1.34464,1.08394,0.44501,1.15359,1.10847,0.25990,1.15003,1.10569,0.35822,1.29898,1.01178,0.12383,1.37897,0.80498,0.15305,1.45616,0.63005,0.20507,1.39661,0.32595,0.21385,1.35792,0.15372,0.24909,1.29512,0.11477,0.31255,1.57622,0.09107,0.29392,1.47446,0.07667,0.21021,1.26001,0.96466,0.49836,1.31484,0.67460,0.48515,1.31538,0.56690,0.47769,1.15436,0.52157,0.49198,0.89918,0.37934,0.43757,0.86513,0.41051,0.36573,0.89858,0.14051,0.41637,0.82716,0.23014,0.47509,0.00000,0.00000,0.00000,0.00000,0.00000,0.00000,0.00000,0.00000,0.00000,0.00000,0.00000,0.00000,0.00000,0.00000,0.00000,0.00000,0.00000,0.00000
4.07000,  408,1.32995,1.77826,0.22111,1.39029,1.87141,0.30630,1.31926,1.78485,0.40188,1.44349,1.79948,0.28195,1.23500,1.63694,0.31428,1.14759,1.29007,0.30361,1.15618,1.08584,0.30521,1.41377,1.15825,0.31894,1.33739,1.36010,0.32130,1.34445,1.52540,0.31257,1.15848,1.50961,0.43820,1.30073,1.57612,0.12755,1.28872,1.42354,0.05353,1.25537,1.20694,0.02570,1.21254,1.19881,0.08618,1.29984,1.01318,-0.00051,1.31772,0.92653,-0.00972,1.34259,0.92894,0.05665,1.34125,0.85118,0.00268,1.28718,1.57302,0.49552,1.27504,1.43437,0.56749,1.23948,1.21719,0.59122,1.21663,1.21163,0.51383,1.27851,1.12029,0.61125,1.33499,0.95993,0.61581,1.38089,0.96931,0.55532,1.38383,0.89138,0.60991,1.37342,1.09962,0.18850,1.35809,1.08704,0.44349,1.16689,1.11121,0.25886,1.16329,1.10849,0.35721,1.31120,1.01378,0.12355,1.39125,0.80674,0.15240,1.46262,0.62974,0.20458,1.39907,0.32638,0.21347,1.35813,0.15404,0.24880,1.29510,0.11514,0.31231,1.57626,0.09098,0.29384,1.47445,0.07658,0.20998,1.27460,0.96738,0.49754,1.33875,0.67870,0.48528,1.34219,0.57167,0.47792,1.18165,0.52629,0.48960,0.92884,0.37971,0.43715,0.89115,0.40976,0.36642,0.93853,0.14188,0.41548,0.86433,0.22786,0.47665,0.00000,0.00000,0.00000,0.00000,0.00000,0.00000,0.00000,0.00000,0.00000,0.00000,0.00000,0.00000,0.00000,0.00000,0.00000,0.00000,0.00000,0.00000
4.08000,  409,1.34323,1.78152,0.22185,1.40345,1.87450,0.30735,1.33221,1.78775,0.40267,1.45666,1.80262,0.28282,1.24808,1.63993,0.31411,1.16091,1.29307,0.30241,1.16945,1.08874,0.30453,1.42684,1.16145,0.31671,1.35059,1.36322,0.32100,1.35762,1.52857,0.31287,1.17103,1.51229,0.43727,1.31506,1.57978,0.12778,1.30478,1.42750,0.05318,1.27351,1.21068,0.02446,1.22999,1.20214,0.08451,1.32048,1.01745,-0.00125,1.33924,0.93109,-0.01036,1.36359,0.93350,0.05681,1.36381,0.85618,0.00207,1.29931,1.57577,0.49559,1.28613,1.43704,0.56721,1.24987,1.21977,0.58999,1.22764,1.21447,0.51220,1.28852,1.12289,0.61009,1.34443,0.96223,0.61486,1.39083,0.97168,0.55474,1.39315,0.89356,0.60908,1.38634,1.10245,0.18701,1.37162,1.09033,0.44195,1.18004,1.11406,0.25803,1.17649,1.11150,0.35632,1.32341,1.01603,0.12258,1.40263,0.80890,0.15210,1.46767,0.62926,0.20440,1.40134,0.32685,0.21329,1.35839,0.15439,0.24832,1.29507,0.11548,0.31201,1.57628,0.09096,0.29374,1.47442,0.07648,0.20972,1.28918,0.97048,0.49679,1.36237,0.68353,0.48514,1.36842,0.57695,0.47785,1.20919,0.53085,0.48667,0.95909,0.37870,0.43693,0.91733,0.40740,0.36755,0.97994,0.14242,0.41400,0.90353,0.22396,0.47752,0.00000,0.00000,0.00000,0.00000,0.00000,0.00000,0.00000,0.00000,0.00000,0.00000,0.00000,0.00000,0.00000,0.00000,0.00000,0.00000,0.00000,0.00000
4.09000,  410,1.35638,1.78499,0.22280,1.41651,1.87768,0.30870,1.34523,1.79067,0.40349,1.46978,1.80593,0.28397,1.26103,1.64303,0.31404,1.17428,1.29602,0.30125,1.18179,1.09211,0.30340,1.43994,1.16477,0.31474,1.36380,1.36653,0.32032,1.37076,1.53190,0.31295,1.18363,1.51510,0.43641,1.32930,1.58365,0.12795,1.32071,1.43169,0.05281,1.29149,1.21465,0.02328,1.24727,1.20564,0.08285,1.34112,1.02201,-0.00181,1.36092,0.93586,-0.01074,1.38458,0.93841,0.05654,1.38676,0.86146,0.00154,1.31135,1.57861,0.49555,1.29733,1.43980,0.56677,1.26001,1.22249,0.58864,1.23859,1.21756,0.51058,1.29830,1.12553,0.60885,1.35307,0.96445,0.61393,1.40094,0.97434,0.55438,1.40217,0.89592,0.60865,1.39935,1.10548,0.18570,1.38527,1.09383,0.44033,1.19322,1.11696,0.25735,1.18975,1.11454,0.35567,1.33602,1.01848,0.12196,1.41287,0.81029,0.15197,1.47305,0.62887,0.20268,1.40321,0.32743,0.21299,1.35851,0.15479,0.24776,1.29485,0.11579,0.31160,1.57627,0.09103,0.29358,1.47438,0.07639,0.20951,1.30377,0.97389,0.49619,1.38559,0.68875,0.48504,1.39428,0.58275,0.47778,1.23694,0.53492,0.48344,0.98964,0.37624,0.43692,0.94427,0.40320,0.36888,1.02196,0.14195,0.41236,0.94304,0.21905,0.47840,0.00000,0.00000,0.00000,0.00000,0.00000,0.00000,0.00000,0.00000,0.00000,0.00000,0.00000,0.00000,0.00000,0.00000,0.00000,0.00000,0.00000,0.00000
4.10000,  411,1.36944,1.78858,0.22382,1.42941,1.88098,0.30998,1.35791,1.79376,0.40448,1.48273,1.80926,0.28526,1.27387,1.64619,0.31400,1.18753,1.29912,0.30022,1.19461,1.09547,0.30294,1.45301,1.16815,0.31312,1.37678,1.36991,0.31987,1.38380,1.53520,0.31314,1.19611,1.51800,0.43549,1.34327,1.58769,0.12820,1.33659,1.43605,0.05253,1.30940,1.21873,0.02216,1.26454,1.20928,0.08118,1.36176,1.02672,-0.00234,1.38273,0.94087,-0.01105,1.40568,0.94369,0.05634,1.40979,0.86692,0.00119,1.32354,1.58148,0.49541,1.30846,1.44267,0.56640,1.26945,1.22526,0.58772,1.24941,1.22076,0.50909,1.30801,1.12831,0.60781,1.36201,0.96718,0.61287,1.41101,0.97718,0.55452,1.41103,0.89846,0.60840,1.41240,1.10857,0.18440,1.39885,1.09722,0.43894,1.20657,1.11994,0.25680,1.20305,1.11776,0.35517,1.34877,1.02098,0.12158,1.42184,0.81168,0.15186,1.47771,0.62869,0.20212,1.40466,0.32780,0.21254,1.35863,0.15515,0.24742,1.29478,0.11616,0.31128,1.57629,0.09115,0.29344,1.47435,0.07631,0.20930,1.31853,0.97755,0.49558,1.40838,0.69424,0.48494,1.42001,0.58879,0.47750,1.26472,0.53856,0.48041,1.02051,0.37248,0.43701,0.97222,0.39723,0.36989,1.06453,0.14043,0.41130,0.98252,0.21304,0.47880,0.00000,0.00000,0.00000,0.00000,0.00000,0.00000,0.00000,0.00000,0.00000,0.00000,0.00000,0.00000,0.00000,0.00000,0.00000,0.00000,0.00000,0.00000
4.11000,  412,1.38234,1.79221,0.22484,1.44217,1.88428,0.31145,1.37044,1.79668,0.40553,1.49551,1.81272,0.28647,1.28673,1.64925,0.31405,1.20084,1.30215,0.29923,1.20784,1.09873,0.30263,1.46590,1.17152,0.31176,1.38990,1.37329,0.31941,1.39672,1.53861,0.31336,1.20860,1.52087,0.43466,1.35721,1.59178,0.12841,1.35228,1.44040,0.05225,1.32711,1.22288,0.02093,1.28178,1.21294,0.07947,1.38234,1.03148,-0.00287,1.40464,0.94606,-0.01137,1.42682,0.94913,0.05638,1.43295,0.87263,0.00098,1.33565,1.58442,0.49541,1.31952,1.44543,0.56617,1.27932,1.22806,0.58648,1.26018,1.22398,0.50766,1.31745,1.13119,0.60687,1.37086,0.96976,0.61197,1.42086,0.97978,0.55455,1.41990,0.90101,0.60839,1.42456,1.11141,0.18354,1.41243,1.10082,0.43771,1.21934,1.12318,0.25627,1.21629,1.12109,0.35465,1.36138,1.02342,0.12138,1.42988,0.81277,0.15158,1.48190,0.62864,0.20156,1.40575,0.32846,0.21256,1.35876,0.15560,0.24708,1.29472,0.11659,0.31103,1.57629,0.09130,0.29331,1.47430,0.07627,0.20912,1.33328,0.98128,0.49523,1.43072,0.69999,0.48454,1.44554,0.59500,0.47702,1.29243,0.54160,0.47770,1.05177,0.36718,0.43713,1.00134,0.38966,0.37048,1.10754,0.13816,0.41066,1.02190,0.20609,0.47919,0.00000,0.00000,0.00000,0.00000,0.00000,0.00000,0.00000,0.00000,0.00000,0.00000,0.00000,0.00000,0.00000,0.00000,0.00000,0.00000,0.00000,0.00000
4.12000,  413,1.39515,1.79583,0.22594,1.45479,1.88750,0.31309,1.38301,1.79960,0.40659,1.50827,1.81604,0.28780,1.29937,1.65232,0.31398,1.21410,1.30514,0.29836,1.22116,1.10197,0.30241,1.47888,1.17487,0.31081,1.40282,1.37672,0.31897,1.40959,1.54200,0.31348,1.22104,1.52369,0.43392,1.37083,1.59580,0.12858,1.36765,1.44479,0.05189,1.34477,1.22702,0.01968,1.29887,1.21657,0.07775,1.40290,1.03628,-0.00333,1.42667,0.95127,-0.01147,1.44820,0.95472,0.05644,1.45617,0.87850,0.00091,1.34771,1.58725,0.49539,1.33055,1.44823,0.56573,1.28929,1.23090,0.58525,1.27089,1.22720,0.50618,1.32687,1.13397,0.60587,1.37960,0.97226,0.61112,1.43067,0.98247,0.55469,1.42873,0.90366,0.60833,1.43725,1.11436,0.18272,1.42591,1.10437,0.43662,1.23244,1.12626,0.25585,1.22954,1.12435,0.35424,1.37337,1.02622,0.12047,1.43638,0.81349,0.15131,1.48571,0.62866,0.20099,1.40676,0.32895,0.21265,1.35894,0.15623,0.24679,1.29476,0.11699,0.31082,1.57628,0.09146,0.29317,1.47428,0.07632,0.20896,1.34818,0.98506,0.49485,1.45248,0.70578,0.48420,1.47060,0.60115,0.47628,1.31985,0.54369,0.47561,1.08358,0.36058,0.43722,1.03160,0.38052,0.37054,1.15050,0.13484,0.41057,1.06150,0.19832,0.47933,0.00000,0.00000,0.00000,0.00000,0.00000,0.00000,0.00000,0.00000,0.00000,0.00000,0.00000,0.00000,0.00000,0.00000,0.00000,0.00000,0.00000,0.00000
4.13000,  414,1.40783,1.79936,0.22701,1.46736,1.89067,0.31467,1.39541,1.80235,0.40763,1.52092,1.81930,0.28918,1.31192,1.65528,0.31402,1.22732,1.30794,0.29752,1.23455,1.10504,0.30240,1.49192,1.17826,0.31010,1.41588,1.38001,0.31860,1.42236,1.54531,0.31375,1.23355,1.52637,0.43313,1.38419,1.59964,0.12889,1.38294,1.44908,0.05160,1.36230,1.23112,0.01845,1.31597,1.22008,0.07602,1.42350,1.04109,-0.00376,1.44874,0.95654,-0.01156,1.47001,0.96044,0.05634,1.47945,0.88427,0.00116,1.35980,1.58990,0.49541,1.34148,1.45094,0.56543,1.29933,1.23372,0.58404,1.28169,1.23018,0.50491,1.33608,1.13656,0.60511,1.38843,0.97481,0.61031,1.44062,0.98504,0.55495,1.43757,0.90612,0.60841,1.44999,1.11726,0.18193,1.43938,1.10784,0.43586,1.24551,1.12911,0.25560,1.24277,1.12750,0.35388,1.38531,1.02855,0.11984,1.44345,0.81444,0.15106,1.48925,0.62855,0.20049,1.40765,0.32949,0.21270,1.35904,0.15690,0.24649,1.29482,0.11746,0.31063,1.57631,0.09159,0.29308,1.47431,0.07636,0.20885,1.36192,0.98830,0.49455,1.47383,0.71143,0.48354,1.49505,0.60747,0.47556,1.34695,0.54513,0.47418,1.11583,0.35304,0.43719,1.06275,0.37005,0.37038,1.19362,0.13068,0.41139,1.10151,0.18979,0.47964,0.00000,0.00000,0.00000,0.00000,0.00000,0.00000,0.00000,0.00000,0.00000,0.00000,0.00000,0.00000,0.00000,0.00000,0.00000,0.00000,0.00000,0.00000
4.14000,  415,1.42043,1.80277,0.22812,1.47988,1.89353,0.31630,1.40784,1.80487,0.40863,1.53343,1.82242,0.29046,1.32443,1.65800,0.31406,1.24051,1.31063,0.29671,1.24772,1.10810,0.30234,1.50494,1.18146,0.30948,1.42893,1.38329,0.31825,1.43520,1.54844,0.31394,1.24596,1.52888,0.43249,1.39747,1.60338,0.12920,1.39790,1.45321,0.05127,1.37969,1.23506,0.01720,1.33304,1.22342,0.07428,1.44410,1.04586,-0.00412,1.47087,0.96176,-0.01157,1.49166,0.96617,0.05641,1.50287,0.89003,0.00160,1.37193,1.59249,0.49530,1.35247,1.45352,0.56511,1.30947,1.23635,0.58294,1.29261,1.23308,0.50372,1.34572,1.13910,0.60410,1.39740,0.97720,0.60954,1.45054,0.98743,0.55531,1.44639,0.90840,0.60860,1.46263,1.11988,0.18126,1.45277,1.11114,0.43506,1.25838,1.13200,0.25538,1.25608,1.13046,0.35370,1.39685,1.03066,0.11915,1.45085,0.81515,0.15120,1.49263,0.62855,0.20013,1.40855,0.33014,0.21277,1.35926,0.15745,0.24640,1.29461,0.11790,0.31004,1.57631,0.09172,0.29303,1.47429,0.07641,0.20878,1.37495,0.99113,0.49428,1.49469,0.71706,0.48298,1.51887,0.61360,0.47466,1.37361,0.54567,0.47338,1.14876,0.34432,0.43719,1.09466,0.35839,0.37015,1.23743,0.12587,0.41257,1.14244,0.18082,0.48036,0.00000,0.00000,0.00000,0.00000,0.00000,0.00000,0.00000,0.00000,0.00000,0.00000,0.00000,0.00000,0.00000,0.00000,0.00000,0.00000,0.00000,0.00000
4.15000,  416,1.43292,1.80595,0.22917,1.49220,1.89632,0.31785,1.42031,1.80726,0.40968,1.54593,1.82526,0.29182,1.33697,1.66049,0.31419,1.25377,1.31299,0.29608,1.26101,1.11084,0.30245,1.51806,1.18449,0.30894,1.44217,1.38612,0.31772,1.44787,1.55146,0.31402,1.25843,1.53114,0.43177,1.41061,1.60679,0.12939,1.41270,1.45706,0.05099,1.39696,1.23880,0.01586,1.35000,1.22656,0.07252,1.46472,1.05049,-0.00445,1.49301,0.96689,-0.01142,1.51335,0.97182,0.05661,1.52619,0.89574,0.00210,1.38410,1.59457,0.49523,1.36342,1.45598,0.56494,1.31974,1.23880,0.58185,1.30356,1.23564,0.50248,1.35531,1.14139,0.60329,1.40642,0.97931,0.60897,1.46053,0.98965,0.55570,1.45525,0.91043,0.60870,1.47601,1.12261,0.18001,1.46604,1.11437,0.43456,1.27108,1.13446,0.25477,1.26941,1.13324,0.35350,1.40781,1.03256,0.11836,1.45776,0.81626,0.15099,1.49595,0.62859,0.19995,1.40931,0.33086,0.21268,1.35954,0.15802,0.24631,1.29469,0.11829,0.30984,1.57632,0.09180,0.29297,1.47429,0.07649,0.20865,1.39291,0.99537,0.49403,1.51512,0.72247,0.48237,1.54184,0.61945,0.47355,1.39971,0.54546,0.47299,1.18226,0.33469,0.43706,1.12723,0.34552,0.36995,1.28193,0.12098,0.41383,1.18447,0.17159,0.48145,0.00000,0.00000,0.00000,0.00000,0.00000,0.00000,0.00000,0.00000,0.00000,0.00000,0.00000,0.00000,0.00000,0.00000,0.00000,0.00000,0.00000,0.00000
4.16000,  417,1.44534,1.80884,0.23016,1.50461,1.89869,0.31945,1.43251,1.80934,0.41061,1.55831,1.82790,0.29303,1.34951,1.66264,0.31434,1.26699,1.31505,0.29548,1.27424,1.11332,0.30261,1.53123,1.18727,0.30858,1.45523,1.38897,0.31756,1.46068,1.55417,0.31417,1.27094,1.53306,0.43128,1.42361,1.60999,0.12968,1.42720,1.46080,0.05066,1.41414,1.24236,0.01457,1.36687,1.22941,0.07081,1.48543,1.05498,-0.00464,1.51521,0.97199,-0.01130,1.53508,0.97748,0.05682,1.54964,0.90140,0.00277,1.39620,1.59671,0.49517,1.37446,1.45820,0.56469,1.33022,1.24111,0.58086,1.31473,1.23797,0.50147,1.36490,1.14350,0.60257,1.41554,0.98119,0.60834,1.47058,0.99164,0.55610,1.46427,0.91226,0.60885,1.48853,1.12471,0.17945,1.47927,1.11736,0.43363,1.28395,1.13676,0.25474,1.28267,1.13575,0.35338,1.41967,1.03414,0.11802,1.46461,0.81726,0.15075,1.49924,0.62874,0.19970,1.40993,0.33167,0.21251,1.35987,0.15869,0.24640,1.29526,0.11882,0.31009,1.57637,0.09183,0.29296,1.47430,0.07658,0.20861,1.40822,0.99855,0.49371,1.53519,0.72749,0.48183,1.56405,0.62490,0.47234,1.42521,0.54430,0.47302,1.21640,0.32423,0.43684,1.16052,0.33144,0.36976,1.32729,0.11595,0.41530,1.22767,0.16217,0.48291,0.00000,0.00000,0.00000,0.00000,0.00000,0.00000,0.00000,0.00000,0.00000,0.00000,0.00000,0.00000,0.00000,0.00000,0.00000,0.00000,0.00000,0.00000
4.17000,  418,1.45775,1.81138,0.23122,1.51683,1.90076,0.32100,1.44488,1.81112,0.41165,1.57062,1.83017,0.29440,1.36196,1.66453,0.31447,1.28019,1.31686,0.29494,1.28740,1.11552,0.30285,1.54433,1.18971,0.30819,1.46825,1.39128,0.31738,1.47339,1.55658,0.31431,1.28356,1.53470,0.43077,1.43652,1.61273,0.12991,1.44142,1.46416,0.05021,1.43118,1.24557,0.01327,1.38373,1.23195,0.06915,1.50604,1.05932,-0.00490,1.53733,0.97687,-0.01113,1.55706,0.98325,0.05699,1.57298,0.90699,0.00360,1.40831,1.59848,0.49517,1.38563,1.46012,0.56460,1.34078,1.24308,0.57993,1.32583,1.24018,0.50048,1.37444,1.14528,0.60231,1.42490,0.98291,0.60781,1.48065,0.99328,0.55662,1.47342,0.91373,0.60901,1.50101,1.12639,0.17883,1.49272,1.12011,0.43295,1.29692,1.13872,0.25478,1.29494,1.13822,0.35315,1.43098,1.03547,0.11756,1.47275,0.81792,0.15098,1.50264,0.62893,0.19951,1.41061,0.33234,0.21245,1.36047,0.15935,0.24684,1.29515,0.11958,0.31007,1.57648,0.09181,0.29297,1.47433,0.07669,0.20860,1.42314,1.00134,0.49343,1.55467,0.73229,0.48117,1.58545,0.62997,0.47097,1.45002,0.54237,0.47310,1.25111,0.31296,0.43647,1.19447,0.31620,0.36927,1.37363,0.11104,0.41709,1.27179,0.15266,0.48463,0.00000,0.00000,0.00000,0.00000,0.00000,0.00000,0.00000,0.00000,0.00000,0.00000,0.00000,0.00000,0.00000,0.00000,0.00000,0.00000,0.00000,0.00000
4.18000,  419,1.47013,1.81355,0.23222,1.52917,1.90259,0.32230,1.45724,1.81251,0.41250,1.58297,1.83214,0.29550,1.37449,1.66603,0.31465,1.29335,1.31833,0.29453,1.30060,1.11740,0.30317,1.55743,1.19169,0.30768,1.48149,1.39338,0.31727,1.48615,1.55857,0.31461,1.29620,1.53601,0.43044,1.44926,1.61526,0.13024,1.45562,1.46706,0.04995,1.44822,1.24847,0.01203,1.40050,1.23418,0.06748,1.52656,1.06349,-0.00507,1.55958,0.98153,-0.01077,1.57933,0.98876,0.05712,1.59637,0.91234,0.00449,1.42058,1.59998,0.49523,1.39706,1.46177,0.56448,1.35152,1.24477,0.57916,1.33713,1.24206,0.49966,1.38449,1.14682,0.60175,1.43432,0.98422,0.60748,1.49085,0.99455,0.55736,1.48262,0.91484,0.60925,1.51343,1.12785,0.17816,1.50616,1.12251,0.43233,1.30981,1.14053,0.25493,1.30829,1.14011,0.35324,1.44234,1.03650,0.11720,1.48027,0.81853,0.15098,1.50607,0.62895,0.19938,1.41175,0.33298,0.21252,1.36095,0.15993,0.24714,1.29536,0.12015,0.31006,1.57659,0.09173,0.29300,1.47434,0.07683,0.20862,1.43826,1.00392,0.49310,1.57362,0.73660,0.48027,1.60620,0.63453,0.46949,1.47428,0.53963,0.47321,1.28652,0.30107,0.43616,1.22953,0.29989,0.36890,1.42069,0.10651,0.41924,1.31694,0.14324,0.48653,0.00000,0.00000,0.00000,0.00000,0.00000,0.00000,0.00000,0.00000,0.00000,0.00000,0.00000,0.00000,0.00000,0.00000,0.00000,0.00000,0.00000,0.00000
4.19000,  420,1.48238,1.81528,0.23315,1.54200,1.90439,0.32317,1.46969,1.81363,0.41329,1.59526,1.83368,0.29646,1.38707,1.66716,0.31488,1.30650,1.31943,0.29424,1.31394,1.11875,0.30364,1.57056,1.19319,0.30695,1.49461,1.39510,0.31713,1.49897,1.56024,0.31480,1.30896,1.53701,0.43015,1.46192,1.61725,0.13043,1.46946,1.46974,0.04952,1.46515,1.25104,0.01078,1.41719,1.23604,0.06588,1.54712,1.06733,-0.00525,1.58162,0.98605,-0.01040,1.60071,0.99395,0.05747,1.61973,0.91752,0.00551,1.43306,1.60110,0.49529,1.40871,1.46303,0.56442,1.36248,1.24604,0.57851,1.34859,1.24354,0.49895,1.39470,1.14798,0.60147,1.44402,0.98528,0.60731,1.50122,0.99550,0.55781,1.49183,0.91562,0.60956,1.52611,1.12889,0.17757,1.51974,1.12450,0.43149,1.32247,1.14180,0.25504,1.32165,1.14156,0.35343,1.45338,1.03746,0.11645,1.48807,0.81901,0.15149,1.50941,0.62899,0.19903,1.41303,0.33354,0.21260,1.36145,0.16057,0.24728,1.29568,0.12087,0.30976,1.57670,0.09170,0.29298,1.47439,0.07696,0.20861,1.45327,1.00592,0.49272,1.59227,0.74037,0.47934,1.62634,0.63856,0.46788,1.49792,0.53633,0.47325,1.32249,0.28848,0.43572,1.26559,0.28270,0.36839,1.46851,0.10255,0.42186,1.36282,0.13403,0.48868,0.00000,0.00000,0.00000,0.00000,0.00000,0.00000,0.00000,0.00000,0.00000,0.00000,0.00000,0.00000,0.00000,0.00000,0.00000,0.00000,0.00000,0.00000
4.20000,  421,1.49473,1.81659,0.23413,1.55444,1.90540,0.32438,1.48195,1.81438,0.41417,1.60771,1.83483,0.29738,1.39974,1.66792,0.31519,1.31962,1.32023,0.29400,1.32711,1.11994,0.30404,1.58366,1.19403,0.30609,1.50771,1.39628,0.31701,1.51182,1.56150,0.31480,1.32180,1.53761,0.43000,1.47462,1.61880,0.13076,1.48324,1.47186,0.04920,1.48187,1.25322,0.00959,1.43387,1.23744,0.06437,1.56745,1.07090,-0.00526,1.60363,0.99024,-0.00984,1.62203,0.99883,0.05808,1.64307,0.92261,0.00662,1.44553,1.60183,0.49538,1.42054,1.46389,0.56443,1.37368,1.24703,0.57802,1.36015,1.24464,0.49841,1.40538,1.14883,0.60103,1.45386,0.98587,0.60714,1.51173,0.99613,0.55855,1.50141,0.91589,0.60962,1.53817,1.12948,0.17681,1.53338,1.12597,0.43054,1.33530,1.14275,0.25535,1.33498,1.14267,0.35361,1.46489,1.03795,0.11599,1.49516,0.81938,0.15087,1.51295,0.62873,0.19882,1.41451,0.33396,0.21266,1.36197,0.16122,0.24752,1.29620,0.12099,0.31005,1.57682,0.09157,0.29306,1.47442,0.07708,0.20868,1.46802,1.00748,0.49243,1.61037,0.74362,0.47816,1.64581,0.64194,0.46603,1.52110,0.53236,0.47327,1.35909,0.27550,0.43513,1.30277,0.26507,0.36757,1.51668,0.09934,0.42503,1.40927,0.12505,0.49091,0.00000,0.00000,0.00000,0.00000,0.00000,0.00000,0.00000,0.00000,0.00000,0.00000,0.00000,0.00000,0.00000,0.00000,0.00000,0.00000,0.00000,0.00000
4.21000,  422,1.50697,1.81743,0.23494,1.56678,1.90606,0.32551,1.49445,1.81458,0.41489,1.62020,1.83555,0.29806,1.41234,1.66837,0.31552,1.33280,1.32063,0.29393,1.34026,1.12069,0.30456,1.59655,1.19434,0.30502,1.52072,1.39707,0.31704,1.52471,1.56235,0.31495,1.33476,1.53789,0.42994,1.48722,1.61997,0.13111,1.49679,1.47358,0.04881,1.49849,1.25497,0.00843,1.45055,1.23845,0.06296,1.58784,1.07405,-0.00512,1.62554,0.99419,-0.00919,1.64372,1.00366,0.05865,1.66639,0.92742,0.00792,1.45831,1.60218,0.49545,1.43265,1.46441,0.56450,1.38502,1.24763,0.57766,1.37188,1.24537,0.49794,1.41616,1.14938,0.60091,1.46390,0.98611,0.60709,1.52231,0.99618,0.55908,1.51102,0.91589,0.60990,1.55050,1.12966,0.17600,1.54708,1.12704,0.42948,1.34794,1.14352,0.25558,1.34831,1.14336,0.35389,1.47638,1.03811,0.11558,1.50340,0.81918,0.15134,1.51647,0.62848,0.19859,1.41607,0.33428,0.21283,1.36244,0.16180,0.24792,1.29644,0.12157,0.31025,1.57694,0.09145,0.29311,1.47445,0.07723,0.20876,1.48264,1.00862,0.49188,1.62810,0.74645,0.47673,1.66442,0.64479,0.46424,1.54393,0.52782,0.47350,1.39648,0.26195,0.43454,1.34106,0.24680,0.36671,1.56532,0.09675,0.42814,1.45626,0.11654,0.49310,0.00000,0.00000,0.00000,0.00000,0.00000,0.00000,0.00000,0.00000,0.00000,0.00000,0.00000,0.00000,0.00000,0.00000,0.00000,0.00000,0.00000,0.00000
4.22000,  423,1.51925,1.81780,0.23588,1.57925,1.90629,0.32635,1.50684,1.81459,0.41554,1.63262,1.83594,0.29891,1.42513,1.66844,0.31586,1.34590,1.32066,0.29394,1.35342,1.12100,0.30506,1.60778,1.19357,0.30397,1.53394,1.39735,0.31695,1.53767,1.56270,0.31513,1.34777,1.53779,0.43001,1.49993,1.62072,0.13135,1.51032,1.47482,0.04850,1.51506,1.25632,0.00737,1.46707,1.23904,0.06160,1.60799,1.07699,-0.00503,1.64733,0.99782,-0.00837,1.66520,1.00814,0.05921,1.68953,0.93207,0.00923,1.47115,1.60210,0.49561,1.44501,1.46443,0.56462,1.39666,1.24783,0.57736,1.38370,1.24565,0.49769,1.42726,1.14940,0.60077,1.47419,0.98595,0.60713,1.53283,0.99572,0.55939,1.52099,0.91542,0.61004,1.56273,1.12944,0.17520,1.56084,1.12736,0.42850,1.36069,1.14373,0.25599,1.36168,1.14358,0.35426,1.48788,1.03789,0.11525,1.51117,0.81894,0.15142,1.52016,0.62796,0.19855,1.41758,0.33452,0.21289,1.36289,0.16223,0.24835,1.29666,0.12203,0.31046,1.57740,0.09155,0.29305,1.47447,0.07737,0.20883,1.49705,1.00919,0.49165,1.64531,0.74866,0.47517,1.68224,0.64694,0.46211,1.56643,0.52279,0.47350,1.43475,0.24828,0.43370,1.38128,0.22827,0.36542,1.61445,0.09498,0.43150,1.50349,0.10857,0.49529,0.00000,0.00000,0.00000,0.00000,0.00000,0.00000,0.00000,0.00000,0.00000,0.00000,0.00000,0.00000,0.00000,0.00000,0.00000,0.00000,0.00000,0.00000
4.23000,  424,1.53176,1.81780,0.23659,1.59173,1.90605,0.32727,1.51930,1.81406,0.41620,1.64520,1.83571,0.29968,1.43802,1.66799,0.31623,1.35894,1.32029,0.29403,1.36656,1.12090,0.30562,1.62153,1.19329,0.30251,1.54711,1.39722,0.31677,1.55063,1.56261,0.31528,1.36091,1.53724,0.43014,1.51255,1.62095,0.13173,1.52379,1.47556,0.04829,1.53151,1.25720,0.00641,1.48352,1.23922,0.06038,1.62805,1.07944,-0.00474,1.66896,1.00116,-0.00748,1.68656,1.01227,0.06013,1.71260,0.93654,0.01062,1.48429,1.60159,0.49580,1.45765,1.46396,0.56475,1.40844,1.24756,0.57726,1.39576,1.24546,0.49757,1.43859,1.14903,0.60070,1.48462,0.98531,0.60717,1.54352,0.99484,0.55965,1.53092,0.91445,0.61020,1.57456,1.12877,0.17429,1.57475,1.12720,0.42730,1.37380,1.14325,0.25661,1.37504,1.14341,0.35469,1.49931,1.03736,0.11496,1.51892,0.81831,0.15142,1.52395,0.62740,0.19845,1.41898,0.33463,0.21308,1.36331,0.16260,0.24873,1.29707,0.12230,0.31052,1.57705,0.09133,0.29307,1.47451,0.07749,0.20890,1.51140,1.00918,0.49131,1.66201,0.75018,0.47361,1.69903,0.64850,0.46000,1.58857,0.51721,0.47339,1.47365,0.23463,0.43307,1.42256,0.21012,0.36421,1.66339,0.09413,0.43495,1.55117,0.10110,0.49738,0.00000,0.00000,0.00000,0.00000,0.00000,0.00000,0.00000,0.00000,0.00000,0.00000,0.00000,0.00000,0.00000,0.00000,0.00000,0.00000,0.00000,0.00000
4.24000,  425,1.54522,1.81784,0.23651,1.60420,1.90538,0.32807,1.53205,1.81314,0.41693,1.65776,1.83522,0.30029,1.45096,1.66719,0.31669,1.37204,1.31953,0.29426,1.37977,1.12037,0.30624,1.63448,1.19191,0.30102,1.56016,1.39653,0.31674,1.56379,1.56203,0.31542,1.37417,1.53634,0.43040,1.52521,1.62071,0.13198,1.53717,1.47582,0.04810,1.54781,1.25768,0.00548,1.49995,1.23893,0.05928,1.64792,1.08170,-0.00436,1.69074,1.00419,-0.00687,1.70771,1.01615,0.06089,1.73557,0.94064,0.01199,1.49750,1.60067,0.49600,1.47053,1.46314,0.56505,1.42048,1.24691,0.57722,1.40781,1.24491,0.49759,1.45014,1.14823,0.60076,1.49525,0.98429,0.60724,1.55429,0.99353,0.55993,1.54117,0.91314,0.61049,1.58665,1.12768,0.17354,1.58870,1.12641,0.42649,1.38536,1.14326,0.25656,1.38852,1.14276,0.35517,1.51077,1.03648,0.11463,1.52657,0.81738,0.15144,1.52779,0.62656,0.19827,1.42044,0.33471,0.21321,1.36369,0.16283,0.24921,1.29696,0.12272,0.31115,1.57711,0.09094,0.29324,1.47454,0.07756,0.20901,1.52532,1.00874,0.49110,1.67827,0.75082,0.47169,1.71500,0.64937,0.45792,1.61027,0.51112,0.47296,1.51302,0.22132,0.43241,1.46475,0.19246,0.36317,1.71218,0.09428,0.43834,1.59894,0.09440,0.49942,0.00000,0.00000,0.00000,0.00000,0.00000,0.00000,0.00000,0.00000,0.00000,0.00000,0.00000,0.00000,0.00000,0.00000,0.00000,0.00000,0.00000,0.00000
4.25000,  426,1.55783,1.81685,0.23712,1.61685,1.90427,0.32881,1.54466,1.81187,0.41741,1.67037,1.83419,0.30097,1.46396,1.66590,0.31723,1.38522,1.31826,0.29481,1.39284,1.11938,0.30685,1.64761,1.19044,0.29953,1.57346,1.39540,0.31652,1.57694,1.56103,0.31558,1.38749,1.53500,0.43075,1.53780,1.62002,0.13233,1.55077,1.47555,0.04768,1.56405,1.25767,0.00463,1.51644,1.23815,0.05834,1.66830,1.08355,-0.00466,1.71221,1.00680,-0.00566,1.72878,1.01969,0.06175,1.75838,0.94457,0.01354,1.51100,1.59916,0.49621,1.48373,1.46173,0.56543,1.43278,1.24575,0.57734,1.42019,1.24380,0.49769,1.46191,1.14696,0.60091,1.50618,0.98278,0.60756,1.56520,0.99167,0.56029,1.55159,0.91133,0.61070,1.59906,1.12617,0.17282,1.60269,1.12519,0.42588,1.39869,1.14210,0.25742,1.40199,1.14155,0.35574,1.52214,1.03528,0.11455,1.53421,0.81627,0.15155,1.53175,0.62545,0.19813,1.42178,0.33463,0.21335,1.36401,0.16305,0.24965,1.29713,0.12281,0.31136,1.57728,0.09084,0.29328,1.47458,0.07763,0.20909,1.53931,1.00749,0.49076,1.69365,0.75085,0.46981,1.73000,0.64918,0.45593,1.63143,0.50463,0.47255,1.55301,0.20846,0.43233,1.50767,0.17563,0.36230,1.76075,0.09545,0.44111,1.64685,0.08838,0.50095,0.00000,0.00000,0.00000,0.00000,0.00000,0.00000,0.00000,0.00000,0.00000,0.00000,0.00000,0.00000,0.00000,0.00000,0.00000,0.00000,0.00000,0.00000
4.26000,  427,1.57055,1.81545,0.23774,1.62952,1.90270,0.32958,1.55758,1.81011,0.41802,1.68315,1.83272,0.30148,1.47704,1.66426,0.31770,1.39832,1.31667,0.29537,1.40618,1.11785,0.30752,1.66086,1.18860,0.29814,1.58670,1.39380,0.31636,1.59033,1.55951,0.31570,1.40095,1.53324,0.43115,1.55051,1.61880,0.13257,1.56421,1.47498,0.04754,1.58018,1.25717,0.00388,1.53277,1.23702,0.05751,1.68793,1.08500,-0.00408,1.73357,1.00919,-0.00462,1.74964,1.02285,0.06284,1.78120,0.94827,0.01502,1.52457,1.59734,0.49648,1.49708,1.45989,0.56562,1.44525,1.24416,0.57746,1.43241,1.24225,0.49791,1.47388,1.14525,0.60121,1.51726,0.98078,0.60796,1.57632,0.98925,0.56041,1.56231,0.90908,0.61102,1.61135,1.12426,0.17202,1.61676,1.12340,0.42511,1.41224,1.14047,0.25831,1.41555,1.13995,0.35641,1.53352,1.03366,0.11462,1.54167,0.81490,0.15100,1.53597,0.62412,0.19808,1.42325,0.33447,0.21354,1.36429,0.16316,0.25009,1.29729,0.12282,0.31156,1.57747,0.09068,0.29323,1.47460,0.07767,0.20918,1.55319,1.00585,0.49070,1.70847,0.74991,0.46799,1.74416,0.64799,0.45410,1.65232,0.49734,0.47141,1.59361,0.19602,0.43182,1.55161,0.15988,0.36124,1.80867,0.09785,0.44390,1.69481,0.08300,0.50199,0.00000,0.00000,0.00000,0.00000,0.00000,0.00000,0.00000,0.00000,0.00000,0.00000,0.00000,0.00000,0.00000,0.00000,0.00000,0.00000,0.00000,0.00000
4.27000,  428,1.58339,1.81354,0.23826,1.64228,1.90072,0.33021,1.57021,1.80788,0.41860,1.69602,1.83080,0.30204,1.49020,1.66222,0.31823,1.41149,1.31467,0.29610,1.41973,1.11586,0.30838,1.67409,1.18623,0.29688,1.60005,1.39161,0.31618,1.60374,1.55750,0.31587,1.41453,1.53098,0.43177,1.56312,1.61712,0.13294,1.57765,1.47365,0.04748,1.59658,1.25629,0.00281,1.54899,1.23538,0.05676,1.70759,1.08605,-0.00365,1.75449,1.01123,-0.00339,1.77026,1.02570,0.06401,1.80374,0.95160,0.01676,1.53825,1.59502,0.49685,1.51066,1.45755,0.56607,1.45801,1.24209,0.57781,1.44488,1.24032,0.49820,1.48606,1.14308,0.60149,1.52847,0.97842,0.60816,1.58749,0.98651,0.56079,1.57302,0.90634,0.61122,1.62359,1.12195,0.17129,1.63090,1.12125,0.42452,1.42594,1.13831,0.25936,1.42920,1.13783,0.35710,1.54449,1.03197,0.11400,1.54923,0.81314,0.15078,1.54039,0.62266,0.19787,1.42498,0.33408,0.21357,1.36463,0.16323,0.25058,1.29742,0.12276,0.31180,1.57758,0.09025,0.29349,1.47467,0.07765,0.20925,1.56709,1.00357,0.49071,1.72231,0.74806,0.46626,1.75756,0.64579,0.45256,1.67281,0.48987,0.47010,1.63454,0.18456,0.43158,1.59574,0.14540,0.36029,1.85580,0.10156,0.44589,1.74272,0.07934,0.50316,0.00000,0.00000,0.00000,0.00000,0.00000,0.00000,0.00000,0.00000,0.00000,0.00000,0.00000,0.00000,0.00000,0.00000,0.00000,0.00000,0.00000,0.00000
4.28000,  429,1.59641,1.81122,0.23876,1.65522,1.89845,0.33076,1.58333,1.80529,0.41905,1.70894,1.82862,0.30251,1.50351,1.65973,0.31891,1.42472,1.31228,0.29697,1.43327,1.11354,0.30918,1.68738,1.18367,0.29576,1.61349,1.38911,0.31598,1.61580,1.55443,0.31588,1.42826,1.52835,0.43243,1.57585,1.61499,0.13325,1.59109,1.47192,0.04744,1.61256,1.25481,0.00220,1.56530,1.23328,0.05617,1.72689,1.08656,-0.00301,1.77563,1.01281,-0.00196,1.79075,1.02812,0.06507,1.82606,0.95472,0.01840,1.55205,1.59216,0.49718,1.52455,1.45477,0.56638,1.47099,1.23958,0.57816,1.45759,1.23790,0.49860,1.49850,1.14049,0.60179,1.53998,0.97558,0.60868,1.59893,0.98315,0.56088,1.58397,0.90317,0.61158,1.63576,1.11934,0.17067,1.64516,1.11868,0.42411,1.43938,1.13586,0.26044,1.44284,1.13532,0.35783,1.55572,1.02981,0.11390,1.55648,0.81144,0.14974,1.54508,0.62092,0.19764,1.42678,0.33344,0.21405,1.36496,0.16326,0.25104,1.29753,0.12268,0.31204,1.57774,0.09006,0.29330,1.47466,0.07769,0.20930,1.58094,1.00098,0.49072,1.73536,0.74526,0.46454,1.77029,0.64259,0.45118,1.69319,0.48187,0.46848,1.67551,0.17425,0.43141,1.64019,0.13236,0.35939,1.90196,0.10672,0.44690,1.79031,0.07699,0.50350,0.00000,0.00000,0.00000,0.00000,0.00000,0.00000,0.00000,0.00000,0.00000,0.00000,0.00000,0.00000,0.00000,0.00000,0.00000,0.00000,0.00000,0.00000
4.29000,  430,1.60948,1.80850,0.23927,1.66821,1.89573,0.33142,1.59634,1.80247,0.41959,1.72204,1.82603,0.30300,1.51686,1.65694,0.31946,1.43793,1.30953,0.29801,1.44693,1.11083,0.31010,1.70084,1.18072,0.29472,1.62696,1.38606,0.31583,1.62933,1.55164,0.31596,1.44213,1.52530,0.43321,1.58867,1.61240,0.13349,1.60461,1.46967,0.04747,1.62854,1.25303,0.00168,1.58143,1.23080,0.05564,1.74618,1.08685,-0.00218,1.79632,1.01400,-0.00060,1.81099,1.03013,0.06636,1.84830,0.95737,0.02010,1.56633,1.58885,0.49752,1.53869,1.45155,0.56686,1.48416,1.23669,0.57862,1.47060,1.23498,0.49912,1.51116,1.13744,0.60226,1.55159,0.97230,0.60917,1.61043,0.97956,0.56126,1.59512,0.89958,0.61188,1.64806,1.11640,0.17008,1.65957,1.11572,0.42375,1.45135,1.13359,0.26085,1.45644,1.13246,0.35851,1.56702,1.02734,0.11389,1.56465,0.80903,0.15004,1.55009,0.61901,0.19743,1.42866,0.33285,0.21429,1.36528,0.16323,0.25150,1.29762,0.12259,0.31229,1.57772,0.08988,0.29349,1.47467,0.07768,0.20933,1.59475,0.99783,0.49077,1.74764,0.74143,0.46307,1.78239,0.63852,0.44980,1.71371,0.47372,0.46717,1.71636,0.16522,0.43113,1.68387,0.12098,0.35921,1.94680,0.11333,0.44687,1.83745,0.07634,0.50357,0.00000,0.00000,0.00000,0.00000,0.00000,0.00000,0.00000,0.00000,0.00000,0.00000,0.00000,0.00000,0.00000,0.00000,0.00000,0.00000,0.00000,0.00000
4.30000,  431,1.62257,1.80551,0.23985,1.68122,1.89256,0.33202,1.60954,1.79920,0.42004,1.73510,1.82304,0.30358,1.53034,1.65374,0.32022,1.45118,1.30645,0.29915,1.46073,1.10773,0.31111,1.71429,1.17748,0.29412,1.64047,1.38272,0.31563,1.64278,1.54834,0.31596,1.45612,1.52187,0.43402,1.60153,1.60947,0.13384,1.61800,1.46705,0.04751,1.64438,1.25075,0.00123,1.59765,1.22779,0.05528,1.76531,1.08667,-0.00137,1.81682,1.01495,0.00088,1.83101,1.03179,0.06764,1.86999,0.95979,0.02190,1.58033,1.58531,0.49791,1.55309,1.44790,0.56720,1.49759,1.23331,0.57909,1.48371,1.23170,0.49967,1.52405,1.13402,0.60267,1.56343,0.96857,0.60971,1.62213,0.97542,0.56135,1.60631,0.89556,0.61227,1.66052,1.11320,0.16961,1.67396,1.11246,0.42358,1.46466,1.13054,0.26192,1.47163,1.12880,0.35999,1.57842,1.02429,0.11388,1.57242,0.80676,0.14935,1.55549,0.61699,0.19712,1.43094,0.33208,0.21460,1.36563,0.16317,0.25192,1.29772,0.12246,0.31256,1.57778,0.08966,0.29358,1.47453,0.07762,0.20953,1.60915,0.99424,0.49067,1.75930,0.73686,0.46197,1.79404,0.63378,0.44861,1.73420,0.46551,0.46631,1.75657,0.15759,0.43079,1.72683,0.11107,0.35920,1.99003,0.12143,0.44596,1.88363,0.07758,0.50325,0.00000,0.00000,0.00000,0.00000,0.00000,0.00000,0.00000,0.00000,0.00000,0.00000,0.00000,0.00000,0.00000,0.00000,0.00000,0.00000,0.00000,0.00000
4.31000,  432,1.63584,1.80208,0.24022,1.69433,1.88915,0.33259,1.62297,1.79562,0.42058,1.74838,1.81971,0.30410,1.54407,1.65019,0.32097,1.46462,1.30300,0.30038,1.47470,1.10430,0.31224,1.72785,1.17399,0.29357,1.65404,1.37900,0.31555,1.65634,1.54471,0.31615,1.47021,1.51813,0.43488,1.61435,1.60605,0.13421,1.63149,1.46386,0.04753,1.66018,1.24805,0.00091,1.61324,1.22456,0.05453,1.78403,1.08616,-0.00058,1.83711,1.01537,0.00235,1.85089,1.03299,0.06899,1.89152,0.96173,0.02379,1.59467,1.58140,0.49838,1.56771,1.44386,0.56760,1.51127,1.22965,0.57959,1.49707,1.22796,0.50034,1.53716,1.13020,0.60321,1.57541,0.96451,0.61028,1.63371,0.97101,0.56242,1.61769,0.89119,0.61262,1.67307,1.10977,0.16915,1.68871,1.10898,0.42324,1.47827,1.12695,0.26321,1.48590,1.12506,0.36108,1.58968,1.02150,0.11394,1.58040,0.80434,0.14863,1.56120,0.61480,0.19675,1.43337,0.33137,0.21485,1.36598,0.16318,0.25236,1.29784,0.12235,0.31280,1.57784,0.08939,0.29358,1.47463,0.07761,0.20935,1.62329,0.99030,0.49055,1.77052,0.73152,0.46133,1.80554,0.62855,0.44764,1.75444,0.45773,0.46584,1.79607,0.15124,0.42995,1.76883,0.10271,0.35929,2.03121,0.13101,0.44421,1.92836,0.08043,0.50244,0.00000,0.00000,0.00000,0.00000,0.00000,0.00000,0.00000,0.00000,0.00000,0.00000,0.00000,0.00000,0.00000,0.00000,0.00000,0.00000,0.00000,0.00000
4.32000,  433,1.64917,1.79834,0.24084,1.70761,1.88544,0.33324,1.63636,1.79175,0.42111,1.76173,1.81604,0.30460,1.55775,1.64636,0.32173,1.47813,1.29923,0.30179,1.48884,1.10056,0.31350,1.74181,1.17026,0.29295,1.66772,1.37505,0.31547,1.67023,1.54069,0.31627,1.48444,1.51402,0.43584,1.62723,1.60238,0.13445,1.64487,1.46038,0.04770,1.67598,1.24498,0.00071,1.62929,1.22080,0.05444,1.80266,1.08518,0.00017,1.85704,1.01557,0.00390,1.87038,1.03386,0.07051,1.91272,0.96342,0.02558,1.60923,1.57724,0.49873,1.58244,1.43948,0.56789,1.52520,1.22562,0.58020,1.51054,1.22402,0.50105,1.55048,1.12605,0.60377,1.58755,0.96019,0.61078,1.64565,0.96605,0.56260,1.62930,0.88655,0.61308,1.68518,1.10613,0.16855,1.70345,1.10509,0.42300,1.49160,1.12325,0.26439,1.50026,1.12103,0.36223,1.60090,1.01829,0.11412,1.58869,0.80163,0.14784,1.56744,0.61221,0.19640,1.43614,0.33050,0.21508,1.36639,0.16318,0.25276,1.29798,0.12232,0.31308,1.57788,0.08917,0.29362,1.47458,0.07754,0.20946,1.63787,0.98601,0.49059,1.78134,0.72551,0.46124,1.81705,0.62277,0.44683,1.77432,0.45031,0.46532,1.83404,0.14640,0.42948,1.80964,0.09567,0.35928,2.07008,0.14198,0.44205,1.97124,0.08481,0.50084,0.00000,0.00000,0.00000,0.00000,0.00000,0.00000,0.00000,0.00000,0.00000,0.00000,0.00000,0.00000,0.00000,0.00000,0.00000,0.00000,0.00000,0.00000
4.33000,  434,1.66271,1.79429,0.24128,1.72099,1.88136,0.33387,1.65004,1.78745,0.42166,1.77519,1.81216,0.30502,1.57160,1.64225,0.32252,1.49178,1.29517,0.30316,1.50309,1.09657,0.31485,1.75563,1.16658,0.29269,1.68174,1.37070,0.31540,1.68363,1.53623,0.31645,1.49887,1.50967,0.43690,1.64032,1.59832,0.13485,1.65829,1.45652,0.04793,1.69159,1.24158,0.00070,1.64527,1.21676,0.05440,1.82128,1.08391,0.00142,1.87672,1.01532,0.00552,1.88959,1.03435,0.07191,1.93356,0.96470,0.02752,1.62388,1.57273,0.49932,1.59736,1.43487,0.56826,1.53934,1.22132,0.58079,1.52433,1.21976,0.50173,1.56403,1.12169,0.60426,1.59987,0.95557,0.61135,1.65784,0.96090,0.56268,1.64102,0.88162,0.61354,1.69810,1.10221,0.16834,1.71845,1.10101,0.42259,1.50542,1.11917,0.26596,1.51481,1.11679,0.36347,1.61220,1.01474,0.11446,1.59722,0.79886,0.14712,1.57418,0.60953,0.19593,1.43903,0.32960,0.21534,1.36683,0.16320,0.25315,1.29815,0.12237,0.31328,1.57793,0.08893,0.29363,1.47457,0.07743,0.20944,1.65266,0.98144,0.49032,1.79175,0.71890,0.46150,1.82840,0.61660,0.44635,1.79376,0.44329,0.46508,1.87035,0.14279,0.42845,1.84880,0.09007,0.35864,2.10619,0.15389,0.43929,2.01174,0.09053,0.49879,0.00000,0.00000,0.00000,0.00000,0.00000,0.00000,0.00000,0.00000,0.00000,0.00000,0.00000,0.00000,0.00000,0.00000,0.00000,0.00000,0.00000,0.00000
4.34000,  435,1.67623,1.79004,0.24201,1.73453,1.87717,0.33445,1.66336,1.78304,0.42227,1.78876,1.80803,0.30568,1.58549,1.63795,0.32329,1.50541,1.29099,0.30454,1.51756,1.09234,0.31636,1.76972,1.16249,0.29224,1.69557,1.36618,0.31549,1.69769,1.53181,0.31670,1.51334,1.50512,0.43793,1.65338,1.59403,0.13521,1.67188,1.45239,0.04819,1.70725,1.23790,0.00075,1.66115,1.21243,0.05453,1.83955,1.08230,0.00274,1.89613,1.01463,0.00724,1.90860,1.03434,0.07341,1.95404,0.96562,0.02945,1.63853,1.56815,0.49989,1.61240,1.43010,0.56863,1.55368,1.21681,0.58145,1.53841,1.21522,0.50248,1.57782,1.11708,0.60491,1.61235,0.95077,0.61192,1.67028,0.95550,0.56286,1.65291,0.87646,0.61407,1.71112,1.09826,0.16803,1.73363,1.09672,0.42222,1.51944,1.11467,0.26770,1.52957,1.11220,0.36486,1.62338,1.01112,0.11487,1.60624,0.79582,0.14659,1.58140,0.60668,0.19556,1.44198,0.32881,0.21552,1.36735,0.16335,0.25352,1.29839,0.12252,0.31350,1.57793,0.08864,0.29379,1.47453,0.07731,0.20936,1.66809,0.97667,0.49025,1.80170,0.71173,0.46282,1.83963,0.61041,0.44625,1.81293,0.43683,0.46491,1.90481,0.14018,0.42706,1.88609,0.08577,0.35736,2.13927,0.16626,0.43601,2.04949,0.09719,0.49637,0.00000,0.00000,0.00000,0.00000,0.00000,0.00000,0.00000,0.00000,0.00000,0.00000,0.00000,0.00000,0.00000,0.00000,0.00000,0.00000,0.00000,0.00000
4.35000,  436,1.68996,1.78565,0.24254,1.74806,1.87277,0.33513,1.67720,1.77853,0.42281,1.80245,1.80369,0.30629,1.59966,1.63346,0.32427,1.51935,1.28656,0.30606,1.53215,1.08793,0.31800,1.78380,1.15830,0.29205,1.70950,1.36146,0.31557,1.71173,1.52710,0.31696,1.52796,1.50033,0.43896,1.66658,1.58957,0.13564,1.68536,1.44794,0.04857,1.72284,1.23390,0.00110,1.67681,1.20765,0.05523,1.85750,1.08026,0.00384,1.91519,1.01359,0.00885,1.92721,1.03400,0.07509,1.97409,0.96602,0.03149,1.65346,1.56333,0.50051,1.62744,1.42514,0.56904,1.56822,1.21214,0.58200,1.55272,1.21053,0.50313,1.59172,1.11233,0.60538,1.62509,0.94575,0.61262,1.68291,0.94996,0.56305,1.66500,0.87119,0.61459,1.72401,1.09415,0.16768,1.74900,1.09212,0.42177,1.53337,1.11012,0.26933,1.54455,1.10740,0.36635,1.63468,1.00741,0.11542,1.61571,0.79255,0.14613,1.58930,0.60360,0.19531,1.44517,0.32796,0.21588,1.36786,0.16364,0.25393,1.29874,0.12290,0.31376,1.57803,0.08841,0.29363,1.47451,0.07727,0.20925,1.68443,0.97225,0.49038,1.81160,0.70444,0.46565,1.85093,0.60447,0.44683,1.83178,0.43084,0.46501,1.93700,0.13820,0.42518,1.92100,0.08236,0.35541,2.16908,0.17854,0.43210,2.08448,0.10370,0.49273,0.00000,0.00000,0.00000,0.00000,0.00000,0.00000,0.00000,0.00000,0.00000,0.00000,0.00000,0.00000,0.00000,0.00000,0.00000,0.00000,0.00000,0.00000
4.36000,  437,1.70377,1.78110,0.24339,1.76182,1.86828,0.33595,1.69113,1.77360,0.42356,1.81626,1.79926,0.30691,1.61383,1.62892,0.32510,1.53331,1.28207,0.30752,1.54689,1.08333,0.31975,1.79806,1.15395,0.29146,1.72357,1.35666,0.31584,1.72594,1.52230,0.31718,1.54273,1.49545,0.44010,1.67992,1.58486,0.13607,1.69888,1.44332,0.04898,1.73825,1.22962,0.00153,1.69237,1.20296,0.05550,1.87519,1.07804,0.00521,1.93370,1.01232,0.01062,1.94545,1.03331,0.07674,1.99372,0.96608,0.03343,1.66843,1.55833,0.50109,1.64253,1.42016,0.56934,1.58295,1.20731,0.58259,1.56707,1.20572,0.50380,1.60587,1.10745,0.60615,1.63803,0.94066,0.61334,1.69574,0.94435,0.56324,1.67728,0.86573,0.61513,1.73701,1.08990,0.16727,1.76456,1.08722,0.42112,1.54726,1.10546,0.27100,1.55950,1.10263,0.36784,1.64601,1.00355,0.11607,1.62578,0.78922,0.14570,1.59784,0.60036,0.19503,1.44857,0.32720,0.21630,1.36850,0.16407,0.25442,1.29918,0.12345,0.31413,1.57807,0.08818,0.29357,1.47450,0.07715,0.20924,1.69952,0.96734,0.49046,1.82164,0.69720,0.46976,1.86257,0.59892,0.44782,1.85055,0.42545,0.46560,1.96671,0.13651,0.42273,1.95302,0.07979,0.35287,2.19626,0.19038,0.42724,2.11639,0.10969,0.48854,0.00000,0.00000,0.00000,0.00000,0.00000,0.00000,0.00000,0.00000,0.00000,0.00000,0.00000,0.00000,0.00000,0.00000,0.00000,0.00000,0.00000,0.00000
4.37000,  438,1.71773,1.77646,0.24416,1.77570,1.86372,0.33679,1.70507,1.76891,0.42443,1.83024,1.79482,0.30770,1.62814,1.62427,0.32602,1.54762,1.27747,0.30898,1.56172,1.07846,0.32168,1.81257,1.14939,0.29072,1.73781,1.35187,0.31605,1.74022,1.51747,0.31751,1.55753,1.49053,0.44112,1.69337,1.58009,0.13650,1.71249,1.43863,0.04937,1.75358,1.22524,0.00201,1.70824,1.19805,0.05592,1.89253,1.07531,0.00666,1.95211,1.01061,0.01241,1.96340,1.03223,0.07837,2.01275,0.96573,0.03540,1.68336,1.55328,0.50182,1.65761,1.41504,0.56981,1.59786,1.20238,0.58318,1.58174,1.20082,0.50443,1.62024,1.10250,0.60673,1.65107,0.93545,0.61396,1.70876,0.93867,0.56381,1.68983,0.86028,0.61572,1.75008,1.08563,0.16678,1.78025,1.08223,0.42019,1.56153,1.10065,0.27290,1.57450,1.09772,0.36948,1.65753,0.99962,0.11671,1.63644,0.78563,0.14549,1.60689,0.59691,0.19478,1.45229,0.32655,0.21673,1.36930,0.16471,0.25481,1.29974,0.12441,0.31445,1.57812,0.08794,0.29355,1.47453,0.07706,0.20916,1.71525,0.96267,0.49076,1.83374,0.69055,0.47251,1.87486,0.59371,0.44890,1.86921,0.42049,0.46701,1.99366,0.13471,0.42021,1.98200,0.07745,0.35007,2.21988,0.20021,0.42189,2.14721,0.11492,0.48421,0.00000,0.00000,0.00000,0.00000,0.00000,0.00000,0.00000,0.00000,0.00000,0.00000,0.00000,0.00000,0.00000,0.00000,0.00000,0.00000,0.00000,0.00000
4.38000,  439,1.73174,1.77198,0.24495,1.78962,1.85915,0.33762,1.71914,1.76394,0.42508,1.84425,1.79040,0.30847,1.64252,1.61961,0.32691,1.56193,1.27288,0.31030,1.57660,1.07388,0.32369,1.82697,1.14484,0.28995,1.75228,1.34703,0.31616,1.75466,1.51251,0.31774,1.57251,1.48554,0.44227,1.70699,1.57530,0.13696,1.72609,1.43382,0.04987,1.76874,1.22075,0.00270,1.72356,1.19303,0.05678,1.90956,1.07257,0.00809,1.96987,1.00857,0.01427,1.98100,1.03083,0.08004,2.03137,0.96513,0.03733,1.69838,1.54830,0.50251,1.67286,1.40992,0.57043,1.61288,1.19746,0.58378,1.59654,1.19584,0.50514,1.63478,1.09751,0.60723,1.66446,0.93030,0.61460,1.72194,0.93298,0.56431,1.70251,0.85484,0.61638,1.76326,1.08118,0.16642,1.79593,1.07723,0.41918,1.57587,1.09590,0.27469,1.58911,1.09309,0.37088,1.66937,0.99562,0.11750,1.64752,0.78186,0.14547,1.61657,0.59332,0.19454,1.45618,0.32614,0.21688,1.37023,0.16561,0.25518,1.30051,0.12568,0.31476,1.57817,0.08772,0.29350,1.47457,0.07694,0.20917,1.73129,0.95835,0.49151,1.84905,0.68647,0.47111,1.88785,0.58868,0.44964,1.88664,0.41568,0.46828,2.01756,0.13237,0.41800,2.00754,0.07487,0.34747,2.24029,0.20807,0.41644,2.17401,0.11809,0.47887,0.00000,0.00000,0.00000,0.00000,0.00000,0.00000,0.00000,0.00000,0.00000,0.00000,0.00000,0.00000,0.00000,0.00000,0.00000,0.00000,0.00000,0.00000
4.39000,  440,1.74594,1.76742,0.24579,1.80362,1.85464,0.33870,1.73357,1.75916,0.42594,1.85844,1.78602,0.30940,1.65709,1.61497,0.32786,1.57644,1.26824,0.31167,1.59151,1.06940,0.32563,1.84155,1.14042,0.28884,1.76678,1.34229,0.31656,1.76922,1.50787,0.31833,1.58755,1.48056,0.44337,1.72069,1.57048,0.13758,1.73987,1.42896,0.05052,1.78369,1.21615,0.00358,1.73897,1.18760,0.05821,1.92636,1.06950,0.00956,1.98723,1.00623,0.01615,1.99806,1.02907,0.08175,2.04933,0.96403,0.03938,1.71374,1.54330,0.50317,1.68822,1.40482,0.57077,1.62818,1.19251,0.58430,1.61160,1.19087,0.50578,1.64949,1.09251,0.60793,1.67792,0.92509,0.61546,1.73531,0.92731,0.56476,1.71543,0.84939,0.61714,1.77664,1.07664,0.16608,1.81162,1.07228,0.41824,1.59041,1.09112,0.27660,1.60417,1.08845,0.37257,1.68166,0.99154,0.11842,1.65894,0.77805,0.14544,1.62680,0.58945,0.19426,1.46038,0.32590,0.21689,1.37134,0.16680,0.25540,1.30125,0.12747,0.31499,1.57821,0.08753,0.29348,1.47459,0.07675,0.20919,1.74769,0.95418,0.49237,1.86540,0.68398,0.46930,1.90203,0.58416,0.44995,1.90207,0.41088,0.46829,2.03810,0.12924,0.41629,2.02919,0.07113,0.34553,2.25692,0.21400,0.41096,2.19687,0.11929,0.47294,0.00000,0.00000,0.00000,0.00000,0.00000,0.00000,0.00000,0.00000,0.00000,0.00000,0.00000,0.00000,0.00000,0.00000,0.00000,0.00000,0.00000,0.00000
4.40000,  441,1.76026,1.76298,0.24671,1.81785,1.85013,0.33971,1.74825,1.75436,0.42690,1.87274,1.78169,0.31017,1.67170,1.61036,0.32880,1.59112,1.26371,0.31282,1.60662,1.06472,0.32768,1.85619,1.13564,0.28795,1.78152,1.33762,0.31670,1.78383,1.50312,0.31863,1.60271,1.47564,0.44452,1.73464,1.56585,0.13813,1.75383,1.42421,0.05137,1.79848,1.21152,0.00460,1.75429,1.18264,0.05934,1.94248,1.06625,0.01103,2.00408,1.00363,0.01800,2.01483,1.02707,0.08328,2.06694,0.96250,0.04119,1.72886,1.53842,0.50395,1.70362,1.39984,0.57140,1.64358,1.18763,0.58497,1.62685,1.18591,0.50633,1.66446,1.08756,0.60852,1.69162,0.91993,0.61613,1.74902,0.92178,0.56541,1.72853,0.84401,0.61774,1.79010,1.07209,0.16588,1.82742,1.06744,0.41768,1.60518,1.08627,0.27844,1.61930,1.08414,0.37417,1.69447,0.98721,0.11950,1.67083,0.77404,0.14556,1.63756,0.58553,0.19393,1.46511,0.32557,0.21703,1.37268,0.16829,0.25536,1.30229,0.12971,0.31509,1.57824,0.08742,0.29342,1.47462,0.07655,0.20919,1.76428,0.95021,0.49306,1.88221,0.68157,0.46870,1.91800,0.58103,0.44945,1.91675,0.40597,0.46614,2.05510,0.12506,0.41521,2.04646,0.06595,0.34487,2.26972,0.21693,0.40503,2.21615,0.11888,0.46736,0.00000,0.00000,0.00000,0.00000,0.00000,0.00000,0.00000,0.00000,0.00000,0.00000,0.00000,0.00000,0.00000,0.00000,0.00000,0.00000,0.00000,0.00000
4.41000,  442,1.77469,1.75860,0.24777,1.83218,1.84576,0.34080,1.76281,1.74969,0.42790,1.88722,1.77748,0.31100,1.68648,1.60581,0.32987,1.60589,1.25920,0.31403,1.62180,1.06015,0.32951,1.87048,1.13090,0.28718,1.79637,1.33306,0.31719,1.79853,1.49860,0.31925,1.61791,1.47084,0.44559,1.74869,1.56127,0.13888,1.76795,1.41960,0.05206,1.81315,1.20690,0.00563,1.76937,1.17788,0.06048,1.95834,1.06276,0.01269,2.02052,1.00073,0.01982,2.03108,1.02477,0.08499,2.08369,0.96066,0.04321,1.74406,1.53364,0.50476,1.71926,1.39487,0.57196,1.65920,1.18274,0.58546,1.64230,1.18102,0.50695,1.67948,1.08269,0.60910,1.70561,0.91488,0.61688,1.76293,0.91630,0.56592,1.74196,0.83881,0.61847,1.80394,1.06748,0.16579,1.84325,1.06289,0.41752,1.62014,1.08161,0.28026,1.63465,1.07981,0.37556,1.70756,0.98283,0.12059,1.68306,0.76998,0.14586,1.64893,0.58147,0.19360,1.47033,0.32535,0.21728,1.37431,0.17013,0.25523,1.30359,0.13260,0.31513,1.57828,0.08732,0.29334,1.47470,0.07610,0.20956,1.78048,0.94677,0.49426,1.89937,0.67877,0.46851,1.93543,0.57839,0.44853,1.93194,0.40187,0.46370,2.06877,0.11996,0.41449,2.05952,0.05939,0.34570,2.28037,0.21552,0.39834,2.23103,0.11658,0.46302,0.00000,0.00000,0.00000,0.00000,0.00000,0.00000,0.00000,0.00000,0.00000,0.00000,0.00000,0.00000,0.00000,0.00000,0.00000,0.00000,0.00000,0.00000
4.42000,  443,1.78914,1.75431,0.24885,1.84660,1.84144,0.34189,1.77758,1.74522,0.42886,1.90173,1.77331,0.31199,1.70120,1.60137,0.33091,1.62098,1.25479,0.31502,1.63725,1.05559,0.33123,1.88515,1.12634,0.28661,1.81142,1.32874,0.31748,1.81371,1.49442,0.31981,1.63320,1.46614,0.44674,1.76310,1.55689,0.13959,1.78209,1.41504,0.05289,1.82758,1.20238,0.00679,1.78408,1.17315,0.06209,1.97371,1.05907,0.01445,2.03639,0.99767,0.02167,2.04699,1.02216,0.08665,2.10012,0.95842,0.04504,1.75975,1.52900,0.50549,1.73505,1.39005,0.57269,1.67489,1.17809,0.58604,1.65806,1.17633,0.50744,1.69479,1.07803,0.60977,1.71980,0.91001,0.61750,1.77707,0.91104,0.56649,1.75563,0.83367,0.61923,1.81815,1.06286,0.16597,1.85917,1.05884,0.41750,1.63534,1.07694,0.28186,1.65046,1.07544,0.37719,1.72133,0.97834,0.12174,1.69574,0.76585,0.14622,1.66089,0.57735,0.19300,1.47601,0.32541,0.21719,1.37640,0.17232,0.25501,1.30514,0.13615,0.31511,1.57833,0.08726,0.29328,1.47480,0.07610,0.20944,1.79645,0.94365,0.49534,1.91695,0.67604,0.46823,1.95361,0.57540,0.44709,1.94778,0.39827,0.46165,2.07938,0.11441,0.41386,2.06876,0.05209,0.34700,2.29034,0.20930,0.39170,2.24206,0.11215,0.45982,0.00000,0.00000,0.00000,0.00000,0.00000,0.00000,0.00000,0.00000,0.00000,0.00000,0.00000,0.00000,0.00000,0.00000,0.00000,0.00000,0.00000,0.00000
4.43000,  444,1.80376,1.75025,0.24976,1.86120,1.83725,0.34295,1.79214,1.74089,0.42980,1.91637,1.76925,0.31306,1.71603,1.59693,0.33206,1.63637,1.25028,0.31598,1.65307,1.05099,0.33267,1.90014,1.12201,0.28644,1.82674,1.32448,0.31800,1.82880,1.49007,0.32056,1.64855,1.46155,0.44792,1.77750,1.55256,0.14038,1.79638,1.41070,0.05389,1.84166,1.19792,0.00812,1.79857,1.16848,0.06398,1.98869,1.05521,0.01603,2.05178,0.99431,0.02355,2.06237,1.01938,0.08821,2.11583,0.95578,0.04677,1.77507,1.52457,0.50646,1.75080,1.38546,0.57335,1.69074,1.17354,0.58661,1.67399,1.17169,0.50798,1.71023,1.07348,0.61029,1.73429,0.90533,0.61821,1.79150,0.90598,0.56707,1.76947,0.82888,0.62001,1.83272,1.05827,0.16623,1.87527,1.05515,0.41807,1.65093,1.07237,0.28327,1.66643,1.07122,0.37850,1.73547,0.97381,0.12297,1.70890,0.76177,0.14661,1.67347,0.57309,0.19253,1.48230,0.32566,0.21709,1.37895,0.17490,0.25465,1.30711,0.14048,0.31509,1.57838,0.08725,0.29321,1.47492,0.07612,0.20937,1.81267,0.94065,0.49636,1.93529,0.67322,0.46769,1.97229,0.57210,0.44539,1.96372,0.39516,0.46108,2.08748,0.10839,0.41329,2.07479,0.04478,0.34810,2.29977,0.19866,0.38620,2.25021,0.10497,0.45818,0.00000,0.00000,0.00000,0.00000,0.00000,0.00000,0.00000,0.00000,0.00000,0.00000,0.00000,0.00000,0.00000,0.00000,0.00000,0.00000,0.00000,0.00000
4.44000,  445,1.81844,1.74621,0.25091,1.87593,1.83316,0.34406,1.80715,1.73663,0.43097,1.93110,1.76521,0.31389,1.73083,1.59252,0.33328,1.65207,1.24579,0.31705,1.66917,1.04647,0.33402,1.91558,1.11805,0.28657,1.84234,1.32043,0.31854,1.84382,1.48603,0.32143,1.66400,1.45696,0.44912,1.79220,1.54854,0.14139,1.81082,1.40649,0.05492,1.85562,1.19346,0.00948,1.81280,1.16413,0.06584,2.00324,1.05145,0.01752,2.06658,0.99079,0.02530,2.07732,1.01634,0.08977,2.13092,0.95279,0.04860,1.79047,1.52031,0.50745,1.76662,1.38099,0.57394,1.70664,1.16912,0.58726,1.68993,1.16739,0.50838,1.72582,1.06913,0.61100,1.74902,0.90081,0.61890,1.80617,0.90112,0.56789,1.78367,0.82423,0.62078,1.84782,1.05374,0.16676,1.89164,1.05175,0.41911,1.66677,1.06784,0.28452,1.68279,1.06694,0.37961,1.74996,0.96936,0.12430,1.72251,0.75762,0.14703,1.68693,0.56868,0.19183,1.48909,0.32629,0.21688,1.38201,0.17810,0.25426,1.30950,0.14550,0.31495,1.57845,0.08724,0.29316,1.47515,0.07620,0.20933,1.82938,0.93769,0.49703,1.95407,0.67010,0.46671,1.99114,0.56890,0.44363,1.97996,0.39210,0.46073,2.09364,0.10263,0.41254,2.07822,0.04226,0.34681,2.30849,0.18579,0.38393,2.25657,0.09506,0.45705,0.00000,0.00000,0.00000,0.00000,0.00000,0.00000,0.00000,0.00000,0.00000,0.00000,0.00000,0.00000,0.00000,0.00000,0.00000,0.00000,0.00000,0.00000
4.45000,  446,1.83321,1.74220,0.25204,1.89080,1.82912,0.34522,1.82221,1.73244,0.43218,1.94591,1.76125,0.31489,1.74568,1.58816,0.33460,1.66817,1.24119,0.31812,1.68559,1.04209,0.33526,1.93136,1.11434,0.28708,1.85829,1.31659,0.31930,1.85919,1.48207,0.32231,1.67962,1.45240,0.45034,1.80676,1.54448,0.14257,1.82544,1.40240,0.05608,1.86926,1.18914,0.01100,1.82661,1.15997,0.06787,2.01730,1.04746,0.01912,2.08103,0.98703,0.02692,2.09187,1.01301,0.09122,2.14557,0.94935,0.05018,1.80605,1.51597,0.50860,1.78244,1.37666,0.57494,1.72267,1.16490,0.58782,1.70614,1.16310,0.50897,1.74154,1.06487,0.61157,1.76399,0.89647,0.61974,1.82125,0.89647,0.56872,1.79838,0.81970,0.62164,1.86345,1.04928,0.16736,1.90842,1.04835,0.42019,1.68299,1.06318,0.28573,1.69933,1.06263,0.38068,1.76495,0.96482,0.12577,1.73669,0.75346,0.14748,1.70110,0.56434,0.19063,1.49670,0.32743,0.21655,1.38572,0.18180,0.25378,1.31260,0.15157,0.31517,1.57849,0.08729,0.29306,1.47550,0.07637,0.20933,1.84663,0.93433,0.49731,1.97328,0.66667,0.46524,2.01023,0.56578,0.44170,1.99644,0.38921,0.46049,2.09985,0.09815,0.41042,2.08280,0.04109,0.34383,2.31808,0.17285,0.38396,2.26037,0.08503,0.45674,0.00000,0.00000,0.00000,0.00000,0.00000,0.00000,0.00000,0.00000,0.00000,0.00000,0.00000,0.00000,0.00000,0.00000,0.00000,0.00000,0.00000,0.00000
4.46000,  447,1.84812,1.73838,0.25313,1.90575,1.82547,0.34632,1.83738,1.72858,0.43343,1.96083,1.75750,0.31584,1.76054,1.58404,0.33598,1.68419,1.23690,0.31937,1.70182,1.03780,0.33658,1.94753,1.11076,0.28787,1.87429,1.31291,0.32023,1.87468,1.47830,0.32337,1.69540,1.44782,0.45169,1.82138,1.54069,0.14370,1.84003,1.39851,0.05738,1.88279,1.18483,0.01247,1.84043,1.15575,0.07009,2.03110,1.04323,0.02088,2.09496,0.98304,0.02855,2.10593,1.00940,0.09270,2.15966,0.94562,0.05199,1.82147,1.51205,0.50970,1.79834,1.37252,0.57592,1.73864,1.16082,0.58854,1.72228,1.15908,0.50955,1.75736,1.06079,0.61236,1.77929,0.89233,0.62057,1.83656,0.89211,0.56949,1.81340,0.81536,0.62248,1.87917,1.04495,0.16817,1.92520,1.04521,0.42140,1.69922,1.05880,0.28692,1.71577,1.05861,0.38180,1.78030,0.96028,0.12748,1.75164,0.74934,0.14792,1.71607,0.56004,0.18918,1.50501,0.32900,0.21593,1.39022,0.18619,0.25309,1.31659,0.15884,0.31510,1.57850,0.08742,0.29298,1.47604,0.07663,0.20928,1.86418,0.93069,0.49806,1.99207,0.66351,0.46332,2.02918,0.56318,0.44020,2.01277,0.38627,0.46016,2.10716,0.09477,0.40577,2.08891,0.04322,0.34013,2.32837,0.15831,0.38363,2.26401,0.07613,0.45659,0.00000,0.00000,0.00000,0.00000,0.00000,0.00000,0.00000,0.00000,0.00000,0.00000,0.00000,0.00000,0.00000,0.00000,0.00000,0.00000,0.00000,0.00000
4.47000,  448,1.86292,1.73523,0.25438,1.92074,1.82226,0.34756,1.85263,1.72521,0.43469,1.97587,1.75424,0.31694,1.77562,1.58064,0.33769,1.70013,1.23345,0.32049,1.71790,1.03409,0.33783,1.96394,1.10726,0.28900,1.89031,1.30949,0.32128,1.89038,1.47504,0.32434,1.71144,1.44361,0.45310,1.83613,1.53715,0.14489,1.85472,1.39464,0.05885,1.89622,1.18071,0.01394,1.85414,1.15170,0.07193,2.04456,1.03910,0.02223,2.10846,0.97893,0.03016,2.11956,1.00553,0.09415,2.17316,0.94153,0.05347,1.83689,1.50830,0.51093,1.81416,1.36861,0.57690,1.75486,1.15679,0.58920,1.73857,1.15512,0.51020,1.77331,1.05686,0.61306,1.79482,0.88826,0.62132,1.85222,0.88795,0.57031,1.82870,0.81123,0.62319,1.89560,1.04068,0.16950,1.94198,1.04232,0.42231,1.71557,1.05481,0.28798,1.73189,1.05551,0.38271,1.79612,0.95577,0.12930,1.76754,0.74524,0.14836,1.73218,0.55586,0.18764,1.51451,0.33109,0.21528,1.39575,0.19148,0.25195,1.32189,0.16745,0.31476,1.57848,0.08765,0.29288,1.47681,0.07697,0.20924,1.88168,0.92743,0.49981,2.00968,0.66229,0.46081,2.04738,0.56151,0.43898,2.02914,0.38425,0.45860,2.11689,0.09409,0.40339,2.09479,0.04702,0.33796,2.34225,0.13894,0.38281,2.27031,0.06473,0.45581,0.00000,0.00000,0.00000,0.00000,0.00000,0.00000,0.00000,0.00000,0.00000,0.00000,0.00000,0.00000,0.00000,0.00000,0.00000,0.00000,0.00000,0.00000
4.48000,  449,1.87793,1.73269,0.25579,1.93574,1.81976,0.34884,1.86768,1.72256,0.43585,1.99095,1.75194,0.31808,1.79113,1.57799,0.33927,1.71466,1.23093,0.32089,1.73378,1.03107,0.33902,1.98048,1.10408,0.29016,1.90595,1.30669,0.32245,1.90607,1.47229,0.32548,1.72750,1.44013,0.45451,1.85109,1.53425,0.14586,1.86931,1.39102,0.06025,1.90938,1.17670,0.01573,1.86770,1.14811,0.07353,2.05727,1.03471,0.02397,2.12138,0.97458,0.03157,2.13275,1.00143,0.09539,2.18612,0.93711,0.05485,1.85255,1.50498,0.51218,1.83012,1.36502,0.57787,1.77121,1.15317,0.58991,1.75513,1.15133,0.51104,1.78937,1.05324,0.61389,1.81048,0.88458,0.62203,1.86806,0.88419,0.57127,1.84423,0.80752,0.62408,1.91210,1.03691,0.17081,1.95837,1.04008,0.42323,1.73178,1.05129,0.28873,1.74774,1.05345,0.38359,1.81239,0.95139,0.13103,1.78434,0.74142,0.14868,1.74992,0.55174,0.18580,1.52550,0.33406,0.21394,1.40270,0.19771,0.25027,1.32868,0.17768,0.31384,1.57848,0.08800,0.29280,1.47778,0.07756,0.20915,1.89895,0.92641,0.50154,2.02637,0.66245,0.45929,2.06418,0.56205,0.43913,2.04669,0.38455,0.45602,2.12560,0.09428,0.40330,2.09904,0.05053,0.33786,2.35608,0.11907,0.37962,2.27498,0.05318,0.45250,0.00000,0.00000,0.00000,0.00000,0.00000,0.00000,0.00000,0.00000,0.00000,0.00000,0.00000,0.00000,0.00000,0.00000,0.00000,0.00000,0.00000,0.00000
4.49000,  450,1.89311,1.73081,0.25701,1.95088,1.81795,0.35007,1.88325,1.72057,0.43719,2.00607,1.75022,0.31942,1.80690,1.57589,0.34090,1.73055,1.22902,0.32185,1.74939,1.02883,0.33995,1.99685,1.10152,0.29167,1.92129,1.30453,0.32376,1.92163,1.47018,0.32650,1.74327,1.43759,0.45591,1.86648,1.53180,0.14681,1.88369,1.38801,0.06158,1.92247,1.17320,0.01760,1.88090,1.14515,0.07537,2.06987,1.03046,0.02549,2.13367,0.97006,0.03311,2.14532,0.99714,0.09671,2.19815,0.93244,0.05639,1.86810,1.50215,0.51355,1.84631,1.36203,0.57895,1.78790,1.15010,0.59065,1.77178,1.14807,0.51193,1.80572,1.05011,0.61476,1.82643,0.88135,0.62253,1.88422,0.88087,0.57213,1.85987,0.80432,0.62481,1.92873,1.03357,0.17267,1.97451,1.03893,0.42421,1.74771,1.04850,0.28933,1.76303,1.05217,0.38415,1.82922,0.94732,0.13267,1.80215,0.73803,0.14896,1.76947,0.54801,0.18360,1.53883,0.33781,0.21229,1.41154,0.20497,0.24812,1.33755,0.18970,0.31239,1.57858,0.08847,0.29272,1.47893,0.07856,0.20907,1.91580,0.92770,0.50319,2.04322,0.66281,0.45966,2.08188,0.56378,0.43997,2.06485,0.38761,0.45618,2.13263,0.09505,0.40440,2.10175,0.05324,0.33852,2.36457,0.10494,0.37696,2.28054,0.04540,0.45161,0.00000,0.00000,0.00000,0.00000,0.00000,0.00000,0.00000,0.00000,0.00000,0.00000,0.00000,0.00000,0.00000,0.00000,0.00000,0.00000,0.00000,0.00000
4.50000,  451,1.90839,1.72946,0.25836,1.96598,1.81674,0.35141,1.89840,1.71926,0.43849,2.02140,1.74916,0.32071,1.82260,1.57475,0.34228,1.74610,1.22791,0.32250,1.76452,1.02713,0.34060,2.01286,1.09994,0.29338,1.93683,1.30323,0.32472,1.93705,1.46861,0.32769,1.75883,1.43615,0.45719,1.88226,1.53011,0.14767,1.89793,1.38564,0.06287,1.93536,1.17028,0.01963,1.89433,1.14249,0.07773,2.08162,1.02627,0.02723,2.14501,0.96566,0.03455,2.15718,0.99273,0.09801,2.20943,0.92777,0.05745,1.88345,1.50005,0.51464,1.86267,1.35973,0.57987,1.80488,1.14774,0.59144,1.78876,1.14553,0.51276,1.82239,1.04768,0.61565,1.84250,0.87874,0.62313,1.90052,0.87835,0.57294,1.87581,0.80188,0.62561,1.94540,1.03085,0.17459,1.99008,1.03946,0.42523,1.76328,1.04649,0.28954,1.77798,1.05178,0.38448,1.84625,0.94368,0.13433,1.82113,0.73482,0.14919,1.79123,0.54439,0.18111,1.55461,0.34212,0.20984,1.42262,0.21335,0.24505,1.34937,0.20334,0.31054,1.57880,0.08903,0.29259,1.48077,0.08012,0.20880,1.93200,0.93019,0.50531,2.06105,0.66573,0.46010,2.10245,0.56722,0.43938,2.08378,0.39119,0.45980,2.13762,0.09618,0.40538,2.10317,0.05497,0.33917,2.37018,0.09386,0.37676,2.28300,0.03939,0.45169,0.00000,0.00000,0.00000,0.00000,0.00000,0.00000,0.00000,0.00000,0.00000,0.00000,0.00000,0.00000,0.00000,0.00000,0.00000,0.00000,0.00000,0.00000
4.51000,  452,1.92388,1.72861,0.25981,1.98110,1.81609,0.35278,1.91401,1.71821,0.43990,2.03680,1.74867,0.32201,1.83860,1.57450,0.34301,1.76124,1.22739,0.32258,1.77929,1.02618,0.34085,2.02827,1.09921,0.29529,1.95210,1.30261,0.32591,1.95234,1.46773,0.32883,1.77417,1.43554,0.45832,1.89820,1.52918,0.14874,1.91218,1.38405,0.06430,1.94803,1.16806,0.02198,1.90728,1.14066,0.08056,2.09265,1.02241,0.02888,2.15552,0.96107,0.03599,2.16829,0.98820,0.09921,2.21967,0.92287,0.05842,1.90018,1.49952,0.51601,1.87916,1.35821,0.58062,1.82214,1.14618,0.59215,1.80597,1.14386,0.51355,1.83932,1.04617,0.61609,1.85889,0.87703,0.62363,1.91709,0.87664,0.57356,1.89218,0.80045,0.62658,1.96167,1.02867,0.17693,2.00478,1.04098,0.42667,1.77856,1.04517,0.28962,1.79262,1.05200,0.38502,1.86344,0.94037,0.13600,1.84115,0.73169,0.14940,1.81517,0.54070,0.17843,1.57357,0.34636,0.20707,1.43701,0.22216,0.24170,1.36449,0.21878,0.30790,1.57949,0.08951,0.29245,1.48346,0.08217,0.20855,1.94730,0.93283,0.50735,2.08201,0.67099,0.46025,2.12433,0.57055,0.43721,2.10277,0.39474,0.46364,2.14143,0.09762,0.40548,2.10377,0.05593,0.33944,2.37382,0.08639,0.37656,2.28460,0.03634,0.45247,0.00000,0.00000,0.00000,0.00000,0.00000,0.00000,0.00000,0.00000,0.00000,0.00000,0.00000,0.00000,0.00000,0.00000,0.00000,0.00000,0.00000,0.00000
4.52000,  453,1.93924,1.72835,0.26121,1.99636,1.81592,0.35423,1.92956,1.71774,0.44128,2.05213,1.74870,0.32336,1.85408,1.57440,0.34388,1.77591,1.22737,0.32218,1.79375,1.02566,0.34095,2.04330,1.09948,0.29731,1.96713,1.30254,0.32698,1.96739,1.46747,0.32991,1.78926,1.43543,0.45917,1.91407,1.52895,0.14985,1.92684,1.38335,0.06556,1.96055,1.16672,0.02440,1.91992,1.13975,0.08370,2.10325,1.01895,0.03047,2.16504,0.95664,0.03730,2.17886,0.98372,0.10030,2.22902,0.91792,0.05915,1.91551,1.49924,0.51698,1.89562,1.35758,0.58128,1.83958,1.14547,0.59295,1.82328,1.14314,0.51423,1.85672,1.04557,0.61694,1.87562,0.87631,0.62416,1.93398,0.87575,0.57410,1.90874,0.79979,0.62730,1.97763,1.02718,0.17975,2.01881,1.04287,0.42883,1.79327,1.04422,0.28948,1.80705,1.05238,0.38549,1.88075,0.93749,0.13726,1.86225,0.72849,0.14961,1.84098,0.53705,0.17586,1.59517,0.35026,0.20364,1.45454,0.23117,0.23799,1.38311,0.23579,0.30440,1.58102,0.08948,0.29251,1.48692,0.08534,0.20817,1.96184,0.93497,0.50926,2.10396,0.67553,0.45956,2.14530,0.57328,0.43454,2.11994,0.39766,0.46569,2.14428,0.09912,0.40493,2.10413,0.05653,0.33946,2.37640,0.08115,0.37412,2.28554,0.03560,0.45174,0.00000,0.00000,0.00000,0.00000,0.00000,0.00000,0.00000,0.00000,0.00000,0.00000,0.00000,0.00000,0.00000,0.00000,0.00000,0.00000,0.00000,0.00000
4.53000,  454,1.95469,1.72858,0.26246,2.01171,1.81596,0.35563,1.94521,1.71778,0.44267,2.06757,1.74891,0.32469,1.86875,1.57445,0.34485,1.79035,1.22757,0.32169,1.80807,1.02514,0.34098,2.05785,1.10019,0.29893,1.98212,1.30300,0.32804,1.98229,1.46770,0.33096,1.80412,1.43570,0.45980,1.92982,1.52928,0.15090,1.94179,1.38338,0.06704,1.97299,1.16615,0.02682,1.93231,1.13985,0.08657,2.11317,1.01592,0.03207,2.17389,0.95242,0.03848,2.18828,0.97931,0.10163,2.23759,0.91297,0.05961,1.93030,1.49964,0.51794,1.91186,1.35770,0.58187,1.85708,1.14550,0.59373,1.84045,1.14330,0.51482,1.87433,1.04583,0.61754,1.89274,0.87641,0.62479,1.95110,0.87576,0.57481,1.92578,0.79981,0.62789,1.99326,1.02624,0.18236,2.03264,1.04499,0.43125,1.80780,1.04348,0.28950,1.82147,1.05261,0.38592,1.89771,0.93501,0.13898,1.88437,0.72537,0.14979,1.86827,0.53345,0.17357,1.61902,0.35358,0.20031,1.47440,0.24083,0.23434,1.40495,0.25422,0.30052,1.58511,0.08844,0.29176,1.49175,0.09121,0.20749,1.97574,0.93665,0.51095,2.12465,0.67846,0.45840,2.16326,0.57512,0.43206,2.13436,0.39940,0.46544,2.14719,0.10030,0.40420,2.10448,0.05700,0.33929,2.37948,0.07516,0.37191,2.28645,0.03544,0.45184,0.00000,0.00000,0.00000,0.00000,0.00000,0.00000,0.00000,0.00000,0.00000,0.00000,0.00000,0.00000,0.00000,0.00000,0.00000,0.00000,0.00000,0.00000
4.54000,  455,1.97007,1.72897,0.26381,2.02714,1.81626,0.35702,1.96067,1.71799,0.44399,2.08294,1.74929,0.32598,1.88313,1.57459,0.34576,1.80456,1.22796,0.32148,1.82219,1.02454,0.34114,2.07192,1.10123,0.30039,1.99683,1.30370,0.32917,1.99713,1.46826,0.33186,1.81885,1.43626,0.46027,1.94522,1.52993,0.15189,1.95693,1.38385,0.06841,1.98544,1.16622,0.02910,1.94430,1.14074,0.08942,2.12255,1.01335,0.03357,2.18210,0.94842,0.03966,2.19736,0.97509,0.10254,2.24508,0.90793,0.06011,1.94523,1.50049,0.51867,1.92772,1.35835,0.58236,1.87435,1.14615,0.59445,1.85754,1.14391,0.51545,1.89216,1.04660,0.61817,1.91040,0.87725,0.62580,1.96865,0.87642,0.57559,1.94329,0.80042,0.62868,2.00843,1.02603,0.18504,2.04642,1.04706,0.43390,1.82213,1.04286,0.28975,1.83584,1.05257,0.38638,1.91448,0.93320,0.14074,1.90702,0.72263,0.14972,1.89629,0.53043,0.17158,1.64445,0.35697,0.19725,1.49627,0.25157,0.23094,1.43007,0.27334,0.29643,1.59014,0.08680,0.29108,1.49860,0.09960,0.20632,1.98927,0.93770,0.51259,2.13963,0.67964,0.45869,2.17734,0.57581,0.43098,2.14518,0.40013,0.46474,2.14956,0.10126,0.40319,2.10475,0.05723,0.33900,2.38153,0.07042,0.37100,2.28706,0.03511,0.45211,0.00000,0.00000,0.00000,0.00000,0.00000,0.00000,0.00000,0.00000,0.00000,0.00000,0.00000,0.00000,0.00000,0.00000,0.00000,0.00000,0.00000,0.00000
4.55000,  456,1.98522,1.72973,0.26505,2.04260,1.81665,0.35841,1.97599,1.71812,0.44515,2.09829,1.74956,0.32714,1.89715,1.57490,0.34653,1.81861,1.22867,0.32182,1.83612,1.02399,0.34166,2.08559,1.10250,0.30172,2.01150,1.30441,0.33009,2.01176,1.46902,0.33267,1.83353,1.43690,0.46069,1.96022,1.53080,0.15284,1.97224,1.38452,0.06994,1.99763,1.16669,0.03123,1.95629,1.14205,0.09216,2.13171,1.01105,0.03490,2.18997,0.94477,0.04047,2.20591,0.97090,0.10350,2.25210,0.90283,0.06064,1.95967,1.50161,0.51921,1.94301,1.35955,0.58302,1.89137,1.14704,0.59521,1.87417,1.14496,0.51595,1.90997,1.04771,0.61884,1.92863,0.87846,0.62684,1.98659,0.87758,0.57643,1.96137,0.80131,0.62929,2.02316,1.02628,0.18706,2.06004,1.04914,0.43655,1.83633,1.04254,0.29035,1.85000,1.05246,0.38691,1.93091,0.93213,0.14254,1.93016,0.72057,0.14971,1.92479,0.52815,0.16969,1.67053,0.36166,0.19443,1.51957,0.26225,0.22788,1.45770,0.29143,0.29311,1.59769,0.08486,0.29034,1.50762,0.11044,0.20499,2.00292,0.93801,0.51388,2.15000,0.67846,0.45948,2.18829,0.57520,0.43130,2.15264,0.40083,0.46371,2.15123,0.10201,0.40222,2.10492,0.05736,0.33877,2.38290,0.06710,0.36976,2.28758,0.03514,0.45217,0.00000,0.00000,0.00000,0.00000,0.00000,0.00000,0.00000,0.00000,0.00000,0.00000,0.00000,0.00000,0.00000,0.00000,0.00000,0.00000,0.00000,0.00000
4.56000,  457,2.00037,1.73051,0.26600,2.05792,1.81710,0.35983,1.99093,1.71862,0.44604,2.11339,1.74991,0.32822,1.91140,1.57560,0.34703,1.83249,1.22968,0.32262,1.85016,1.02384,0.34250,2.09893,1.10393,0.30263,2.02587,1.30516,0.33091,2.02639,1.46987,0.33323,1.84812,1.43770,0.46119,1.97459,1.53167,0.15360,1.98746,1.38531,0.07147,2.00977,1.16724,0.03332,1.96801,1.14314,0.09461,2.14069,1.00896,0.03622,2.19755,0.94139,0.04117,2.21443,0.96691,0.10433,2.25865,0.89770,0.06114,1.97424,1.50288,0.51971,1.95751,1.36099,0.58371,1.90805,1.14811,0.59605,1.89090,1.14602,0.51671,1.92761,1.04904,0.61962,1.94724,0.87994,0.62806,2.00457,0.87926,0.57772,1.98003,0.80248,0.62997,2.03732,1.02694,0.18879,2.07366,1.05105,0.43867,1.85049,1.04275,0.29147,1.86417,1.05277,0.38793,1.94699,0.93196,0.14426,1.95334,0.71967,0.14968,1.95322,0.52700,0.16805,1.69714,0.36712,0.19189,1.54371,0.27267,0.22554,1.48801,0.30813,0.29080,1.60542,0.08176,0.28861,1.51922,0.12216,0.20392,2.01674,0.93811,0.51529,2.15876,0.67583,0.45971,2.19779,0.57317,0.43203,2.15822,0.40107,0.46203,2.15262,0.10253,0.40120,2.10514,0.05749,0.33856,2.38360,0.06478,0.36906,2.28772,0.03502,0.45202,0.00000,0.00000,0.00000,0.00000,0.00000,0.00000,0.00000,0.00000,0.00000,0.00000,0.00000,0.00000,0.00000,0.00000,0.00000,0.00000,0.00000,0.00000
4.57000,  458,2.01514,1.73191,0.26694,2.07310,1.81785,0.36096,2.00581,1.71926,0.44697,2.12831,1.75061,0.32918,1.92550,1.57678,0.34757,1.84620,1.23105,0.32367,1.86415,1.02452,0.34373,2.11230,1.10558,0.30320,2.03989,1.30612,0.33139,2.04081,1.47093,0.33371,1.86264,1.43893,0.46183,1.98848,1.53269,0.15406,2.00218,1.38603,0.07311,2.02183,1.16783,0.03519,1.97964,1.14472,0.09675,2.14953,1.00718,0.03705,2.20521,0.93839,0.04162,2.22284,0.96301,0.10519,2.26490,0.89263,0.06167,1.98890,1.50442,0.52009,1.97495,1.36293,0.58515,1.92455,1.14924,0.59718,1.90776,1.14695,0.51779,1.94498,1.05034,0.62063,1.96617,0.88154,0.62918,2.02341,0.88139,0.57839,1.99924,0.80412,0.63052,2.05241,1.02849,0.19045,2.08716,1.05286,0.44028,1.86441,1.04349,0.29276,1.87816,1.05389,0.38911,1.96299,0.93265,0.14516,1.97612,0.71973,0.15017,1.98185,0.52712,0.16683,1.72428,0.37261,0.18924,1.56923,0.28222,0.22330,1.51999,0.32227,0.28918,1.61346,0.07834,0.28650,1.53210,0.13315,0.20336,2.03125,0.93862,0.51684,2.16617,0.67246,0.45930,2.20582,0.57068,0.43294,2.16301,0.40042,0.45994,2.15353,0.10305,0.40053,2.10530,0.05765,0.33840,2.38345,0.06367,0.36891,2.28771,0.03487,0.45193,0.00000,0.00000,0.00000,0.00000,0.00000,0.00000,0.00000,0.00000,0.00000,0.00000,0.00000,0.00000,0.00000,0.00000,0.00000,0.00000,0.00000,0.00000
4.58000,  459,2.02973,1.73361,0.26775,2.08816,1.81900,0.36211,2.02052,1.72027,0.44771,2.14304,1.75156,0.33002,1.93971,1.57840,0.34818,1.85995,1.23267,0.32498,1.87805,1.02587,0.34515,2.12567,1.10730,0.30353,2.05350,1.30720,0.33190,2.05491,1.47217,0.33397,1.87699,1.44065,0.46279,2.00191,1.53388,0.15433,2.01611,1.38683,0.07433,2.03356,1.16835,0.03706,1.99107,1.14636,0.09850,2.15840,1.00555,0.03766,2.21284,0.93567,0.04183,2.23085,0.95922,0.10583,2.27086,0.88762,0.06212,2.00372,1.50594,0.52073,1.99010,1.36467,0.58597,1.94083,1.15050,0.59826,1.92382,1.14794,0.51912,1.96217,1.05171,0.62165,1.98522,0.88324,0.63025,2.04202,0.88346,0.57874,2.01881,0.80591,0.63125,2.06643,1.03044,0.19136,2.10073,1.05436,0.44137,1.87823,1.04462,0.29426,1.89193,1.05555,0.39052,1.97873,0.93387,0.14628,1.99897,0.72138,0.14914,2.01028,0.52877,0.16531,1.75225,0.37775,0.18674,1.59568,0.29020,0.22107,1.55265,0.33356,0.28834,1.62181,0.07386,0.28394,1.54607,0.14295,0.20393,2.04424,0.93955,0.51784,2.17270,0.66947,0.45930,2.21311,0.56835,0.43365,2.16652,0.39927,0.45795,2.15414,0.10357,0.40052,2.10544,0.05775,0.33832,2.38359,0.06262,0.36902,2.28774,0.03470,0.45194,0.00000,0.00000,0.00000,0.00000,0.00000,0.00000,0.00000,0.00000,0.00000,0.00000,0.00000,0.00000,0.00000,0.00000,0.00000,0.00000,0.00000,0.00000
4.59000,  460,2.04418,1.73565,0.26842,2.10294,1.82056,0.36291,2.03492,1.72147,0.44829,2.15754,1.75307,0.33072,1.95405,1.58036,0.34895,1.87359,1.23465,0.32646,1.89166,1.02769,0.34659,2.13907,1.10920,0.30394,2.06719,1.30865,0.33220,2.06897,1.47381,0.33419,1.89116,1.44284,0.46389,2.01514,1.53527,0.15476,2.02903,1.38789,0.07537,2.04509,1.16894,0.03887,2.00268,1.14774,0.10042,2.16715,1.00419,0.03841,2.22034,0.93335,0.04199,2.23831,0.95572,0.10642,2.27647,0.88289,0.06261,2.01869,1.50772,0.52113,2.00487,1.36645,0.58658,1.95706,1.15194,0.59949,1.93941,1.14915,0.52052,1.97920,1.05318,0.62291,2.00432,0.88512,0.63107,2.06077,0.88580,0.57903,2.03878,0.80819,0.63173,2.07987,1.03288,0.19179,2.11433,1.05566,0.44204,1.89191,1.04621,0.29567,1.90547,1.05752,0.39181,1.99421,0.93543,0.14753,2.02060,0.72341,0.14911,2.03856,0.53135,0.16351,1.78111,0.38203,0.18423,1.62288,0.29694,0.21905,1.58639,0.34241,0.28794,1.63037,0.06882,0.27999,1.56186,0.15173,0.20543,2.05815,0.94193,0.51884,2.17991,0.66891,0.46006,2.21955,0.56708,0.43414,2.16931,0.39841,0.45596,2.15467,0.10380,0.40012,2.10555,0.05789,0.33831,2.38430,0.06132,0.36913,2.28774,0.03439,0.45197,0.00000,0.00000,0.00000,0.00000,0.00000,0.00000,0.00000,0.00000,0.00000,0.00000,0.00000,0.00000,0.00000,0.00000,0.00000,0.00000,0.00000,0.00000
4.60000,  461,2.05841,1.73800,0.26891,2.11743,1.82250,0.36357,2.04946,1.72351,0.44883,2.17186,1.75502,0.33117,1.96828,1.58277,0.34946,1.88705,1.23697,0.32795,1.90512,1.02976,0.34798,2.15234,1.11131,0.30443,2.08064,1.31049,0.33253,2.08284,1.47575,0.33423,1.90516,1.44542,0.46502,2.02814,1.53698,0.15502,2.04110,1.38920,0.07603,2.05641,1.16974,0.04068,2.01418,1.14906,0.10223,2.17563,1.00327,0.03901,2.22767,0.93139,0.04191,2.24545,0.95246,0.10699,2.28167,0.87842,0.06306,2.03345,1.50970,0.52153,2.02035,1.36846,0.58719,1.97325,1.15371,0.60073,1.95509,1.15055,0.52227,1.99626,1.05496,0.62400,2.02341,0.88726,0.63164,2.07963,0.88854,0.57935,2.05893,0.81085,0.63229,2.09297,1.03598,0.19197,2.12767,1.05675,0.44242,1.90521,1.04819,0.29701,1.91876,1.05990,0.39300,2.00940,0.93778,0.14778,2.04163,0.72582,0.14918,2.06601,0.53467,0.16224,1.81049,0.38552,0.18169,1.65010,0.30309,0.21753,1.61953,0.34912,0.28811,1.64654,0.06948,0.27766,1.58143,0.15990,0.20688,2.07194,0.94454,0.51989,2.18974,0.67044,0.46059,2.22583,0.56735,0.43456,2.17174,0.39831,0.45393,2.15502,0.10400,0.39986,2.10559,0.05804,0.33830,2.38466,0.06058,0.36923,2.28767,0.03412,0.45210,0.00000,0.00000,0.00000,0.00000,0.00000,0.00000,0.00000,0.00000,0.00000,0.00000,0.00000,0.00000,0.00000,0.00000,0.00000,0.00000,0.00000,0.00000
4.61000,  462,2.07240,1.74055,0.26931,2.13162,1.82486,0.36398,2.06383,1.72580,0.44923,2.18598,1.75729,0.33142,1.98225,1.58534,0.35013,1.90044,1.23956,0.32959,1.91825,1.03231,0.34912,2.16548,1.11379,0.30506,2.09412,1.31284,0.33284,2.09635,1.47805,0.33439,1.91850,1.44836,0.46591,2.04118,1.53902,0.15532,2.05251,1.39073,0.07642,2.06764,1.17088,0.04251,2.02537,1.15050,0.10421,2.18377,1.00280,0.03922,2.23463,0.92989,0.04180,2.25212,0.94950,0.10741,2.28648,0.87449,0.06337,2.04806,1.51217,0.52183,2.03570,1.37072,0.58758,1.98948,1.15571,0.60206,1.97057,1.15241,0.52395,2.01336,1.05701,0.62502,2.04251,0.88969,0.63205,2.09839,0.89185,0.57954,2.07920,0.81399,0.63296,2.10554,1.03931,0.19197,2.14042,1.05799,0.44245,1.91834,1.05051,0.29808,1.93179,1.06267,0.39397,2.02453,0.93980,0.14895,2.06276,0.72879,0.14892,2.09300,0.53868,0.16088,1.83922,0.38904,0.17934,1.67751,0.30897,0.21655,1.64930,0.35447,0.28827,1.67465,0.07618,0.27423,1.60703,0.16652,0.20623,2.08470,0.94725,0.52056,2.19919,0.67190,0.46130,2.23204,0.56739,0.43499,2.17397,0.39919,0.45321,2.15512,0.10417,0.39990,2.10559,0.05820,0.33839,2.38473,0.06031,0.36933,2.28762,0.03387,0.45233,0.00000,0.00000,0.00000,0.00000,0.00000,0.00000,0.00000,0.00000,0.00000,0.00000,0.00000,0.00000,0.00000,0.00000,0.00000,0.00000,0.00000,0.00000
4.62000,  463,2.08630,1.74323,0.26948,2.14569,1.82745,0.36409,2.07792,1.72854,0.44953,2.19987,1.75988,0.33154,1.99605,1.58807,0.35059,1.91366,1.24247,0.33112,1.93119,1.03503,0.34981,2.17852,1.11654,0.30572,2.10734,1.31529,0.33331,2.10996,1.48057,0.33446,1.93223,1.45174,0.46699,2.05415,1.54124,0.15559,2.06351,1.39266,0.07672,2.07855,1.17250,0.04411,2.03647,1.15241,0.10594,2.19185,1.00258,0.03979,2.24120,0.92881,0.04153,2.25832,0.94699,0.10769,2.29086,0.87119,0.06323,2.06252,1.51491,0.52220,2.05065,1.37316,0.58788,2.00572,1.15805,0.60325,1.98612,1.15472,0.52547,2.03064,1.05947,0.62592,2.06169,0.89248,0.63233,2.11478,0.89477,0.57892,2.09948,0.81758,0.63350,2.11788,1.04291,0.19179,2.15345,1.05961,0.44258,1.93123,1.05307,0.29888,1.94464,1.06562,0.39475,2.03897,0.94311,0.14861,2.08350,0.73201,0.14857,2.11944,0.54327,0.15959,1.86698,0.39362,0.17759,1.70490,0.31332,0.21597,1.67534,0.35772,0.28787,1.70915,0.08056,0.27206,1.63832,0.16936,0.20485,2.09672,0.95008,0.52144,2.20788,0.67267,0.46202,2.23758,0.56735,0.43571,2.17640,0.40030,0.45385,2.15516,0.10437,0.40024,2.10559,0.05837,0.33852,2.38477,0.06021,0.36947,2.28759,0.03359,0.45259,0.00000,0.00000,0.00000,0.00000,0.00000,0.00000,0.00000,0.00000,0.00000,0.00000,0.00000,0.00000,0.00000,0.00000,0.00000,0.00000,0.00000,0.00000
4.63000,  464,2.09992,1.74602,0.26957,2.15938,1.83035,0.36410,2.09194,1.73148,0.44959,2.21356,1.76271,0.33144,2.00967,1.59096,0.35102,1.92664,1.24554,0.33227,1.94380,1.03782,0.35021,2.19136,1.11943,0.30648,2.12043,1.31823,0.33352,2.12331,1.48343,0.33472,1.94729,1.45487,0.46898,2.06722,1.54390,0.15588,2.07429,1.39490,0.07709,2.08919,1.17444,0.04586,2.04714,1.15481,0.10759,2.19938,1.00292,0.04002,2.24732,0.92821,0.04114,2.26408,0.94490,0.10783,2.29480,0.86838,0.06313,2.07708,1.51827,0.52249,2.06625,1.37630,0.58838,2.02188,1.16075,0.60447,2.00156,1.15748,0.52676,2.04805,1.06232,0.62680,2.08081,0.89570,0.63262,2.13245,0.89830,0.57887,2.11967,0.82152,0.63387,2.13008,1.04657,0.19166,2.16754,1.06243,0.44305,1.94386,1.05586,0.29930,1.95731,1.06861,0.39526,2.05329,0.94624,0.14900,2.10388,0.73581,0.14876,2.14543,0.54853,0.15863,1.89449,0.39927,0.17699,1.73308,0.31584,0.21523,1.69953,0.35920,0.28637,1.74745,0.08435,0.27122,1.67372,0.16939,0.20248,2.10791,0.95275,0.52190,2.21530,0.67340,0.46272,2.24212,0.56726,0.43666,2.17899,0.40096,0.45562,2.15508,0.10453,0.40070,2.10551,0.05853,0.33872,2.38475,0.06029,0.36960,2.28753,0.03331,0.45284,0.00000,0.00000,0.00000,0.00000,0.00000,0.00000,0.00000,0.00000,0.00000,0.00000,0.00000,0.00000,0.00000,0.00000,0.00000,0.00000,0.00000,0.00000
4.64000,  465,2.11341,1.74885,0.26950,2.17301,1.83329,0.36380,2.10574,1.73467,0.44963,2.22714,1.76564,0.33131,2.02301,1.59408,0.35134,1.93960,1.24878,0.33321,1.95630,1.04077,0.35014,2.20409,1.12255,0.30684,2.13351,1.32121,0.33387,2.13662,1.48639,0.33487,1.96088,1.45826,0.46983,2.08009,1.54670,0.15632,2.08532,1.39743,0.07734,2.09972,1.17694,0.04702,2.05748,1.15772,0.10877,2.20638,1.00360,0.04022,2.25307,0.92804,0.04042,2.26944,0.94340,0.10768,2.29844,0.86633,0.06255,2.09073,1.52141,0.52273,2.08097,1.37963,0.58898,2.03801,1.16375,0.60551,2.01737,1.16058,0.52822,2.06556,1.06556,0.62764,2.09996,0.89933,0.63298,2.15152,0.90268,0.57919,2.14092,0.82626,0.63448,2.14227,1.05023,0.19169,2.17995,1.06544,0.44324,1.95634,1.05879,0.29958,1.96983,1.07151,0.39545,2.06728,0.94950,0.14912,2.12378,0.74003,0.14754,2.17122,0.55451,0.15726,1.92197,0.40523,0.17728,1.76247,0.31683,0.21443,1.72344,0.35871,0.28434,1.78808,0.08747,0.27114,1.71150,0.16791,0.19974,2.11931,0.95537,0.52207,2.22170,0.67398,0.46363,2.24625,0.56723,0.43782,2.18145,0.40123,0.45796,2.15501,0.10461,0.40118,2.10542,0.05871,0.33895,2.38469,0.06041,0.36976,2.28749,0.03305,0.45305,0.00000,0.00000,0.00000,0.00000,0.00000,0.00000,0.00000,0.00000,0.00000,0.00000,0.00000,0.00000,0.00000,0.00000,0.00000,0.00000,0.00000,0.00000
4.65000,  466,2.12674,1.75169,0.26952,2.18644,1.83633,0.36353,2.11898,1.73811,0.44953,2.24061,1.76865,0.33107,2.03646,1.59719,0.35168,1.95239,1.25204,0.33393,1.96862,1.04359,0.34993,2.21651,1.12574,0.30719,2.14628,1.32441,0.33417,2.14980,1.48946,0.33510,1.97430,1.46184,0.47067,2.09303,1.54966,0.15666,2.09657,1.40021,0.07782,2.10991,1.17961,0.04826,2.06751,1.16081,0.10965,2.21315,1.00473,0.04006,2.25839,0.92821,0.03974,2.27452,0.94232,0.10727,2.30174,0.86483,0.06165,2.10494,1.52506,0.52302,2.09556,1.38343,0.58950,2.05387,1.16687,0.60641,2.03281,1.16377,0.52939,2.08302,1.06916,0.62826,2.11907,0.90328,0.63327,2.17077,0.90742,0.57924,2.16126,0.83092,0.63480,2.15458,1.05403,0.19197,2.19203,1.06847,0.44350,1.96871,1.06175,0.29948,1.98218,1.07433,0.39540,2.08112,0.95294,0.14904,2.14350,0.74439,0.14811,2.19637,0.56072,0.15648,1.95000,0.40994,0.17789,1.79272,0.31668,0.21359,1.74817,0.35632,0.28210,1.82970,0.08973,0.27127,1.75126,0.16526,0.19711,2.13168,0.95790,0.52202,2.22780,0.67437,0.46450,2.24937,0.56725,0.43914,2.18365,0.40128,0.46034,2.15495,0.10468,0.40162,2.10534,0.05887,0.33917,2.38459,0.06059,0.36996,2.28742,0.03263,0.45327,0.00000,0.00000,0.00000,0.00000,0.00000,0.00000,0.00000,0.00000,0.00000,0.00000,0.00000,0.00000,0.00000,0.00000,0.00000,0.00000,0.00000,0.00000
4.66000,  467,2.13998,1.75460,0.26937,2.19985,1.83941,0.36305,2.13231,1.74139,0.44946,2.25389,1.77164,0.33076,2.04972,1.60035,0.35190,1.96511,1.25531,0.33455,1.98083,1.04648,0.34952,2.22891,1.12916,0.30728,2.15925,1.32752,0.33451,2.16301,1.49258,0.33523,1.98787,1.46528,0.47151,2.10598,1.55282,0.15678,2.10824,1.40307,0.07841,2.11974,1.18252,0.04928,2.07683,1.16471,0.11031,2.21948,1.00607,0.03988,2.26339,0.92884,0.03881,2.27921,0.94172,0.10675,2.30498,0.86392,0.06047,2.11868,1.52875,0.52329,2.10973,1.38728,0.59012,2.07073,1.17051,0.60791,2.04834,1.16712,0.53047,2.10122,1.07306,0.62935,2.14019,0.90764,0.63453,2.18994,0.91231,0.57963,2.18193,0.83573,0.63513,2.16672,1.05750,0.19248,2.20416,1.07184,0.44388,1.98097,1.06482,0.29926,1.99447,1.07701,0.39505,2.09479,0.95656,0.14887,2.16283,0.74899,0.14796,2.22095,0.56739,0.15601,1.97817,0.41336,0.17831,1.82363,0.31524,0.21279,1.77415,0.35211,0.27999,1.87184,0.09113,0.27119,1.79155,0.16205,0.19469,2.14315,0.96021,0.52176,2.23327,0.67481,0.46534,2.25209,0.56719,0.44028,2.18553,0.40119,0.46216,2.15493,0.10482,0.40212,2.10529,0.05904,0.33937,2.38451,0.06073,0.37015,2.28747,0.03233,0.45350,0.00000,0.00000,0.00000,0.00000,0.00000,0.00000,0.00000,0.00000,0.00000,0.00000,0.00000,0.00000,0.00000,0.00000,0.00000,0.00000,0.00000,0.00000
4.67000,  468,2.15312,1.75749,0.26908,2.21304,1.84239,0.36262,2.14555,1.74467,0.44915,2.26708,1.77455,0.33042,2.06293,1.60348,0.35208,1.97785,1.25847,0.33471,1.99308,1.04930,0.34907,2.24113,1.13227,0.30731,2.17199,1.33067,0.33466,2.17611,1.49568,0.33533,2.00115,1.46873,0.47215,2.11890,1.55595,0.15703,2.12033,1.40610,0.07880,2.12930,1.18558,0.04998,2.08607,1.16829,0.11083,2.22583,1.00764,0.03951,2.26820,0.92949,0.03781,2.28390,0.94142,0.10599,2.30812,0.86331,0.05905,2.13216,1.53230,0.52342,2.12398,1.39106,0.59073,2.08678,1.17399,0.60890,2.06325,1.17089,0.53136,2.11865,1.07696,0.62998,2.16001,0.91193,0.63513,2.21012,0.91782,0.58011,2.20261,0.84068,0.63538,2.18011,1.06125,0.19312,2.21625,1.07499,0.44421,1.99327,1.06785,0.29905,2.00672,1.07971,0.39469,2.10849,0.95998,0.14989,2.18168,0.75386,0.14748,2.24509,0.57426,0.15566,2.00641,0.41543,0.17855,1.85477,0.31242,0.21202,1.80155,0.34621,0.27833,1.91438,0.09156,0.27053,1.83168,0.15800,0.19252,2.15537,0.96268,0.52171,2.23860,0.67531,0.46628,2.25450,0.56703,0.44109,2.18833,0.40138,0.46343,2.15488,0.10503,0.40256,2.10521,0.05919,0.33951,2.38443,0.06088,0.37031,2.28753,0.03210,0.45370,0.00000,0.00000,0.00000,0.00000,0.00000,0.00000,0.00000,0.00000,0.00000,0.00000,0.00000,0.00000,0.00000,0.00000,0.00000,0.00000,0.00000,0.00000
4.68000,  469,2.16628,1.76032,0.26878,2.22636,1.84532,0.36211,2.15848,1.74787,0.44890,2.28026,1.77746,0.33000,2.07596,1.60643,0.35220,1.99066,1.26145,0.33499,2.00526,1.05215,0.34865,2.25353,1.13565,0.30720,2.18477,1.33377,0.33486,2.18918,1.49866,0.33537,2.01416,1.47208,0.47248,2.13165,1.55905,0.15729,2.13260,1.40899,0.07935,2.13862,1.18866,0.05049,2.09501,1.17196,0.11121,2.23194,1.00928,0.03900,2.27285,0.93049,0.03667,2.28849,0.94121,0.10497,2.31119,0.86314,0.05746,2.14587,1.53585,0.52338,2.13794,1.39490,0.59137,2.10276,1.17746,0.60988,2.07829,1.17433,0.53238,2.13608,1.08083,0.63069,2.17976,0.91642,0.63555,2.22885,0.92268,0.58019,2.22329,0.84559,0.63551,2.19271,1.06474,0.19349,2.22818,1.07799,0.44443,2.00554,1.07090,0.29854,2.01902,1.08239,0.39455,2.12203,0.96363,0.14960,2.20005,0.75870,0.14639,2.26920,0.58113,0.15542,2.03537,0.41639,0.17745,1.88621,0.30838,0.21126,1.83037,0.33886,0.27719,1.95696,0.09088,0.26877,1.87120,0.15310,0.19054,2.16685,0.96488,0.52206,2.24399,0.67580,0.46715,2.25697,0.56702,0.44196,2.18984,0.40158,0.46406,2.15483,0.10526,0.40289,2.10514,0.05912,0.33938,2.38436,0.06103,0.37046,2.28750,0.03187,0.45387,0.00000,0.00000,0.00000,0.00000,0.00000,0.00000,0.00000,0.00000,0.00000,0.00000,0.00000,0.00000,0.00000,0.00000,0.00000,0.00000,0.00000,0.00000
4.69000,  470,2.17921,1.76300,0.26856,2.23946,1.84807,0.36165,2.17152,1.75083,0.44865,2.29332,1.78007,0.32953,2.08898,1.60921,0.35230,2.00341,1.26426,0.33525,2.01751,1.05498,0.34824,2.26589,1.13875,0.30719,2.19754,1.33661,0.33511,2.20217,1.50162,0.33540,2.02807,1.47553,0.47221,2.14448,1.56188,0.15759,2.14476,1.41180,0.07986,2.14749,1.19152,0.05095,2.10370,1.17566,0.11168,2.23789,1.01095,0.03842,2.27732,0.93149,0.03545,2.29291,0.94118,0.10390,2.31425,0.86298,0.05584,2.15915,1.53912,0.52337,2.15201,1.39864,0.59190,2.11840,1.18072,0.61074,2.09319,1.17746,0.53318,2.15334,1.08448,0.63140,2.19940,0.92079,0.63591,2.24826,0.92781,0.58029,2.24415,0.85058,0.63549,2.20541,1.06826,0.19421,2.23984,1.08061,0.44465,2.01783,1.07399,0.29845,2.03125,1.08496,0.39440,2.13553,0.96736,0.14847,2.21856,0.76302,0.14739,2.29285,0.58794,0.15547,2.06417,0.41646,0.17705,1.91812,0.30302,0.21045,1.86064,0.33014,0.27680,1.99950,0.08891,0.26596,1.91040,0.14740,0.18849,2.17757,0.96667,0.52214,2.24860,0.67560,0.46762,2.25917,0.56691,0.44239,2.19009,0.40186,0.46435,2.15479,0.10553,0.40313,2.10495,0.05927,0.33998,2.38428,0.06107,0.37053,2.28742,0.03171,0.45402,0.00000,0.00000,0.00000,0.00000,0.00000,0.00000,0.00000,0.00000,0.00000,0.00000,0.00000,0.00000,0.00000,0.00000,0.00000,0.00000,0.00000,0.00000
4.70000,  471,2.19218,1.76551,0.26818,2.25261,1.85058,0.36116,2.18475,1.75366,0.44830,2.30631,1.78252,0.32898,2.10201,1.61184,0.35226,2.01620,1.26679,0.33555,2.02973,1.05772,0.34791,2.27820,1.14164,0.30733,2.21055,1.33926,0.33535,2.21522,1.50426,0.33541,2.04127,1.47850,0.47249,2.15733,1.56457,0.15762,2.15681,1.41451,0.07998,2.15603,1.19419,0.05114,2.11218,1.17919,0.11216,2.24362,1.01255,0.03778,2.28171,0.93234,0.03425,2.29764,0.94135,0.10266,2.31745,0.86309,0.05375,2.17255,1.54226,0.52325,2.16606,1.40202,0.59224,2.13382,1.18389,0.61147,2.10821,1.18018,0.53406,2.17017,1.08801,0.63193,2.21901,0.92517,0.63617,2.26769,0.93286,0.58037,2.26472,0.85531,0.63541,2.21808,1.07139,0.19493,2.25190,1.08310,0.44505,2.03010,1.07677,0.29808,2.04353,1.08741,0.39428,2.14899,0.97100,0.14777,2.23658,0.76828,0.14763,2.31609,0.59481,0.15558,2.09319,0.41535,0.17669,1.95058,0.29649,0.20983,1.89223,0.32037,0.27705,2.04235,0.08592,0.26222,1.94951,0.14075,0.18685,2.18768,0.96817,0.52239,2.25340,0.67544,0.46803,2.26156,0.56682,0.44286,2.19005,0.40265,0.46410,2.15485,0.10582,0.40315,2.10493,0.05942,0.34007,2.38424,0.06105,0.37057,2.28739,0.03165,0.45410,0.00000,0.00000,0.00000,0.00000,0.00000,0.00000,0.00000,0.00000,0.00000,0.00000,0.00000,0.00000,0.00000,0.00000,0.00000,0.00000,0.00000,0.00000
4.71000,  472,2.20499,1.76765,0.26771,2.26566,1.85284,0.36058,2.19770,1.75616,0.44786,2.31930,1.78473,0.32847,2.11517,1.61400,0.35221,2.02899,1.26907,0.33583,2.04192,1.06025,0.34747,2.29053,1.14424,0.30772,2.22327,1.34177,0.33561,2.22817,1.50682,0.33545,2.05446,1.48121,0.47286,2.17015,1.56700,0.15765,2.16863,1.41677,0.08003,2.16434,1.19655,0.05143,2.12064,1.18233,0.11252,2.24942,1.01385,0.03686,2.28609,0.93312,0.03291,2.30239,0.94140,0.10132,2.32070,0.86304,0.05194,2.18581,1.54515,0.52314,2.18020,1.40507,0.59258,2.14928,1.18663,0.61248,2.12311,1.18270,0.53493,2.18695,1.09114,0.63254,2.23875,0.92929,0.63638,2.28715,0.93777,0.58032,2.28572,0.86019,0.63525,2.23068,1.07423,0.19545,2.26383,1.08500,0.44520,2.04253,1.07937,0.29764,2.05573,1.08963,0.39423,2.16234,0.97408,0.14762,2.25419,0.77263,0.14719,2.33905,0.60152,0.15547,2.12218,0.41310,0.17626,1.98361,0.28887,0.20940,1.92458,0.30928,0.27763,2.08528,0.08233,0.25833,1.98953,0.13374,0.18422,2.20043,0.97009,0.52252,2.25865,0.67578,0.46807,2.26374,0.56695,0.44338,2.18963,0.40362,0.46325,2.15495,0.10626,0.40306,2.10520,0.05964,0.33983,2.38431,0.06097,0.37050,2.28741,0.03160,0.45416,0.00000,0.00000,0.00000,0.00000,0.00000,0.00000,0.00000,0.00000,0.00000,0.00000,0.00000,0.00000,0.00000,0.00000,0.00000,0.00000,0.00000,0.00000
4.72000,  473,2.21782,1.76959,0.26739,2.27859,1.85483,0.36009,2.21076,1.75828,0.44763,2.33217,1.78650,0.32795,2.12810,1.61592,0.35213,2.04177,1.27105,0.33610,2.05409,1.06256,0.34718,2.30295,1.14641,0.30840,2.23627,1.34388,0.33569,2.24116,1.50892,0.33529,2.06759,1.48346,0.47312,2.18301,1.56891,0.15785,2.18009,1.41898,0.07974,2.17259,1.19869,0.05131,2.12917,1.18514,0.11276,2.25502,1.01487,0.03584,2.29050,0.93365,0.03137,2.30747,0.94147,0.09981,2.32407,0.86290,0.04997,2.19884,1.54746,0.52304,2.19421,1.40784,0.59279,2.16466,1.18896,0.61322,2.13807,1.18497,0.53579,2.20362,1.09382,0.63301,2.25857,0.93311,0.63644,2.30652,0.94243,0.58025,2.30660,0.86467,0.63496,2.24335,1.07667,0.19594,2.27573,1.08644,0.44564,2.05481,1.08186,0.29745,2.06789,1.09163,0.39420,2.17576,0.97690,0.14752,2.27268,0.77682,0.14729,2.36099,0.60786,0.15573,2.15127,0.40998,0.17577,2.01708,0.28043,0.20896,1.95761,0.29719,0.27850,2.12906,0.07863,0.25399,2.03037,0.12638,0.18163,2.20987,0.97104,0.52249,2.26245,0.67610,0.46744,2.26605,0.56711,0.44389,2.18929,0.40459,0.46284,2.15527,0.10671,0.40270,2.10525,0.05968,0.33982,2.38434,0.06082,0.37043,2.28740,0.03161,0.45415,0.00000,0.00000,0.00000,0.00000,0.00000,0.00000,0.00000,0.00000,0.00000,0.00000,0.00000,0.00000,0.00000,0.00000,0.00000,0.00000,0.00000,0.00000
4.73000,  474,2.23058,1.77110,0.26696,2.29159,1.85640,0.35939,2.22378,1.76006,0.44730,2.34509,1.78807,0.32735,2.14122,1.61746,0.35205,2.05451,1.27266,0.33634,2.06634,1.06457,0.34697,2.31545,1.14812,0.30935,2.24904,1.34561,0.33585,2.25428,1.51079,0.33516,2.08072,1.48532,0.47330,2.19596,1.57057,0.15763,2.19118,1.42079,0.07938,2.18082,1.20044,0.05104,2.13790,1.18761,0.11282,2.26058,1.01556,0.03468,2.29479,0.93386,0.02996,2.31241,0.94120,0.09829,2.32766,0.86254,0.04805,2.21205,1.54952,0.52275,2.20825,1.41003,0.59293,2.17972,1.19102,0.61400,2.15318,1.18676,0.53677,2.22043,1.09624,0.63372,2.27828,0.93656,0.63651,2.32633,0.94707,0.57998,2.32745,0.86887,0.63452,2.25588,1.07885,0.19626,2.28718,1.08700,0.44616,2.06718,1.08391,0.29732,2.07995,1.09330,0.39403,2.18892,0.97932,0.14711,2.28921,0.78113,0.14665,2.38203,0.61361,0.15614,2.18046,0.40616,0.17525,2.05118,0.27143,0.20888,1.99111,0.28383,0.27945,2.17396,0.07534,0.24935,2.07235,0.11902,0.17870,2.21942,0.97169,0.52240,2.26660,0.67615,0.46714,2.26830,0.56717,0.44441,2.18951,0.40542,0.46312,2.15551,0.10724,0.40242,2.10542,0.05991,0.33961,2.38445,0.06065,0.37033,2.28742,0.03167,0.45410,0.00000,0.00000,0.00000,0.00000,0.00000,0.00000,0.00000,0.00000,0.00000,0.00000,0.00000,0.00000,0.00000,0.00000,0.00000,0.00000,0.00000,0.00000
4.74000,  475,2.24338,1.77222,0.26656,2.30459,1.85763,0.35865,2.23678,1.76162,0.44683,2.35789,1.78925,0.32680,2.15431,1.61869,0.35183,2.06704,1.27401,0.33639,2.07847,1.06628,0.34661,2.32798,1.14922,0.31055,2.26195,1.34693,0.33585,2.26724,1.51215,0.33501,2.09378,1.48692,0.47346,2.20898,1.57184,0.15752,2.20193,1.42211,0.07906,2.18924,1.20189,0.05070,2.14664,1.18966,0.11277,2.26607,1.01594,0.03342,2.29925,0.93372,0.02825,2.31772,0.94090,0.09637,2.33127,0.86209,0.04588,2.22515,1.55121,0.52261,2.22205,1.41187,0.59308,2.19492,1.19254,0.61490,2.16806,1.18820,0.53759,2.23697,1.09826,0.63419,2.29795,0.93980,0.63650,2.34554,0.95113,0.57983,2.34830,0.87294,0.63420,2.26919,1.08080,0.19649,2.29874,1.08719,0.44660,2.07947,1.08561,0.29698,2.09195,1.09477,0.39384,2.20254,0.98143,0.14703,2.30603,0.78468,0.14636,2.40242,0.61890,0.15654,2.20916,0.40114,0.17457,2.08570,0.26143,0.20872,2.02538,0.26910,0.28014,2.21979,0.07209,0.24453,2.11562,0.11185,0.17513,2.23014,0.97226,0.52209,2.27132,0.67619,0.46749,2.27058,0.56718,0.44531,2.19069,0.40593,0.46421,2.15609,0.10766,0.40172,2.10538,0.06017,0.33968,2.38452,0.06041,0.37022,2.28742,0.03169,0.45409,0.00000,0.00000,0.00000,0.00000,0.00000,0.00000,0.00000,0.00000,0.00000,0.00000,0.00000,0.00000,0.00000,0.00000,0.00000,0.00000,0.00000,0.00000
4.75000,  476,2.25618,1.77296,0.26608,2.31744,1.85853,0.35808,2.24995,1.76257,0.44636,2.37086,1.79008,0.32615,2.16748,1.61960,0.35149,2.07903,1.27515,0.33646,2.09058,1.06764,0.34630,2.34058,1.14978,0.31185,2.27491,1.34787,0.33602,2.28029,1.51310,0.33498,2.10684,1.48799,0.47354,2.22192,1.57259,0.15751,2.21258,1.42312,0.07853,2.19771,1.20301,0.05009,2.15545,1.19129,0.11251,2.27168,1.01594,0.03207,2.30350,0.93330,0.02671,2.32310,0.94022,0.09450,2.33511,0.86125,0.04391,2.23837,1.55238,0.52251,2.23606,1.41332,0.59328,2.20988,1.19360,0.61558,2.18288,1.18917,0.53839,2.25345,1.09990,0.63464,2.31755,0.94253,0.63624,2.36480,0.95497,0.57935,2.36918,0.87667,0.63353,2.28172,1.08207,0.19691,2.31043,1.08698,0.44721,2.09167,1.08694,0.29660,2.10361,1.09572,0.39410,2.21697,0.98306,0.14874,2.32354,0.78807,0.14579,2.42192,0.62359,0.15708,2.23811,0.39566,0.17432,2.12097,0.25097,0.20879,2.06043,0.25337,0.28082,2.26636,0.06940,0.23944,2.16012,0.10454,0.17139,2.24121,0.97241,0.52193,2.27598,0.67586,0.46780,2.27288,0.56692,0.44606,2.19272,0.40623,0.46530,2.15642,0.10807,0.40153,2.10560,0.06032,0.33986,2.38464,0.06011,0.37012,2.28743,0.03174,0.45406,0.00000,0.00000,0.00000,0.00000,0.00000,0.00000,0.00000,0.00000,0.00000,0.00000,0.00000,0.00000,0.00000,0.00000,0.00000,0.00000,0.00000,0.00000
4.76000,  477,2.26909,1.77326,0.26557,2.33043,1.85902,0.35735,2.26278,1.76327,0.44597,2.38378,1.79049,0.32554,2.18062,1.62007,0.35126,2.09287,1.27593,0.33678,2.10261,1.06871,0.34586,2.35309,1.14951,0.31317,2.28778,1.34827,0.33608,2.29336,1.51361,0.33470,2.11985,1.48894,0.47361,2.23509,1.57298,0.15737,2.22314,1.42376,0.07793,2.20621,1.20366,0.04938,2.16423,1.19255,0.11214,2.27732,1.01561,0.03068,2.30807,0.93252,0.02488,2.32866,0.93939,0.09250,2.33893,0.86017,0.04169,2.25143,1.55312,0.52217,2.24964,1.41435,0.59339,2.22480,1.19438,0.61634,2.19776,1.18957,0.53926,2.27011,1.10118,0.63513,2.33718,0.94497,0.63603,2.38385,0.95844,0.57914,2.39018,0.88005,0.63289,2.29418,1.08284,0.19716,2.32241,1.08640,0.44772,2.10394,1.08778,0.29646,2.11540,1.09654,0.39383,2.22894,0.98430,0.14704,2.33990,0.79103,0.14565,2.44061,0.62750,0.15762,2.26726,0.38978,0.17397,2.15704,0.23996,0.20870,2.09660,0.23688,0.28112,2.31366,0.06728,0.23427,2.20532,0.09770,0.16752,2.25220,0.97236,0.52187,2.28112,0.67545,0.46837,2.27601,0.56672,0.44691,2.19506,0.40630,0.46593,2.15683,0.10851,0.40148,2.10569,0.06070,0.33990,2.38477,0.05988,0.37009,2.28747,0.03172,0.45409,0.00000,0.00000,0.00000,0.00000,0.00000,0.00000,0.00000,0.00000,0.00000,0.00000,0.00000,0.00000,0.00000,0.00000,0.00000,0.00000,0.00000,0.00000
4.77000,  478,2.28208,1.77320,0.26507,2.34343,1.85925,0.35648,2.27592,1.76360,0.44541,2.39675,1.79066,0.32489,2.19414,1.62022,0.35122,2.10572,1.27628,0.33679,2.11466,1.06926,0.34517,2.36568,1.14875,0.31458,2.30057,1.34811,0.33618,2.30651,1.51365,0.33461,2.13290,1.48928,0.47361,2.24832,1.57296,0.15711,2.23385,1.42401,0.07741,2.21492,1.20405,0.04868,2.17324,1.19331,0.11169,2.28327,1.01510,0.02915,2.31268,0.93153,0.02297,2.33441,0.93839,0.09025,2.34304,0.85882,0.03962,2.26451,1.55341,0.52196,2.26306,1.41470,0.59354,2.23975,1.19470,0.61705,2.21310,1.18956,0.54053,2.28692,1.10208,0.63547,2.35668,0.94702,0.63568,2.40308,0.96169,0.57857,2.41081,0.88323,0.63222,2.30677,1.08324,0.19777,2.33396,1.08539,0.44831,2.11616,1.08835,0.29547,2.12704,1.09701,0.39335,2.24265,0.98512,0.14675,2.35684,0.79373,0.14507,2.45836,0.63067,0.15853,2.29617,0.38332,0.17415,2.19388,0.22826,0.20849,2.13387,0.21957,0.28173,2.36149,0.06567,0.22904,2.25093,0.09101,0.16355,2.26288,0.97178,0.52195,2.28694,0.67517,0.46921,2.28037,0.56675,0.44839,2.19749,0.40649,0.46662,2.15714,0.10901,0.40153,2.10565,0.06090,0.33963,2.38493,0.05962,0.37006,2.28749,0.03171,0.45407,0.00000,0.00000,0.00000,0.00000,0.00000,0.00000,0.00000,0.00000,0.00000,0.00000,0.00000,0.00000,0.00000,0.00000,0.00000,0.00000,0.00000,0.00000
4.78000,  479,2.29510,1.77268,0.26459,2.35649,1.85902,0.35574,2.28908,1.76354,0.44495,2.40984,1.79039,0.32424,2.20760,1.62014,0.35082,2.11827,1.27631,0.33671,2.12664,1.06948,0.34468,2.37819,1.14760,0.31568,2.31338,1.34769,0.33617,2.31973,1.51335,0.33443,2.14593,1.48937,0.47354,2.26166,1.57244,0.15692,2.24505,1.42385,0.07687,2.22370,1.20402,0.04788,2.18220,1.19379,0.11087,2.28921,1.01434,0.02752,2.31747,0.93024,0.02100,2.34052,0.93697,0.08787,2.34720,0.85729,0.03736,2.27759,1.55332,0.52192,2.27639,1.41483,0.59392,2.25455,1.19460,0.61760,2.22811,1.18912,0.54093,2.30371,1.10249,0.63586,2.37607,0.94882,0.63537,2.42191,0.96450,0.57828,2.43152,0.88609,0.63146,2.31965,1.08306,0.19822,2.34558,1.08421,0.44889,2.12835,1.08833,0.29480,2.13840,1.09712,0.39249,2.25495,0.98523,0.14679,2.37241,0.79569,0.14487,2.47534,0.63326,0.15961,2.32514,0.37659,0.17434,2.23141,0.21617,0.20818,2.17217,0.20183,0.28200,2.40959,0.06486,0.22358,2.29714,0.08459,0.15965,2.27510,0.97171,0.52189,2.29348,0.67509,0.47001,2.28261,0.56567,0.44835,2.19996,0.40662,0.46713,2.15759,0.10952,0.40133,2.10584,0.06129,0.33969,2.38511,0.05925,0.36996,2.28749,0.03172,0.45406,0.00000,0.00000,0.00000,0.00000,0.00000,0.00000,0.00000,0.00000,0.00000,0.00000,0.00000,0.00000,0.00000,0.00000,0.00000,0.00000,0.00000,0.00000
4.79000,  480,2.30825,1.77187,0.26398,2.36956,1.85836,0.35499,2.30238,1.76305,0.44448,2.42306,1.78983,0.32359,2.22110,1.61969,0.35041,2.13092,1.27621,0.33647,2.13866,1.06923,0.34380,2.39076,1.14582,0.31668,2.32600,1.34691,0.33603,2.33289,1.51267,0.33430,2.15892,1.48923,0.47329,2.27505,1.57170,0.15662,2.25626,1.42333,0.07655,2.23255,1.20373,0.04701,2.19147,1.19386,0.11027,2.29550,1.01325,0.02597,2.32243,0.92867,0.01917,2.34669,0.93542,0.08554,2.35162,0.85551,0.03527,2.29080,1.55280,0.52164,2.28973,1.41440,0.59410,2.26944,1.19398,0.61825,2.24322,1.18839,0.54194,2.32125,1.10280,0.63590,2.39539,0.95035,0.63504,2.44092,0.96706,0.57763,2.45214,0.88858,0.63066,2.33251,1.08257,0.19864,2.35717,1.08273,0.44946,2.14053,1.08814,0.29404,2.14903,1.09689,0.39097,2.26857,0.98521,0.14658,2.38767,0.79702,0.14458,2.49157,0.63504,0.16079,2.35383,0.36917,0.17478,2.26968,0.20375,0.20787,2.21219,0.18399,0.28213,2.45802,0.06497,0.21833,2.34371,0.07861,0.15593,2.28825,0.97194,0.52151,2.29883,0.67474,0.47068,2.28611,0.56502,0.44870,2.20240,0.40681,0.46757,2.15808,0.10994,0.40102,2.10601,0.06161,0.33957,2.38510,0.05871,0.36990,2.28750,0.03176,0.45403,0.00000,0.00000,0.00000,0.00000,0.00000,0.00000,0.00000,0.00000,0.00000,0.00000,0.00000,0.00000,0.00000,0.00000,0.00000,0.00000,0.00000,0.00000
4.80000,  481,2.32153,1.77071,0.26343,2.38284,1.85740,0.35427,2.31581,1.76223,0.44394,2.43636,1.78890,0.32290,2.23460,1.61890,0.35016,2.14351,1.27563,0.33613,2.15064,1.06867,0.34286,2.40317,1.14394,0.31725,2.33871,1.34569,0.33592,2.34605,1.51152,0.33408,2.17181,1.48876,0.47308,2.28854,1.57066,0.15637,2.26803,1.42238,0.07603,2.24167,1.20317,0.04621,2.20064,1.19365,0.10952,2.30186,1.01194,0.02426,2.32749,0.92697,0.01725,2.35306,0.93365,0.08309,2.35618,0.85357,0.03297,2.30391,1.55185,0.52139,2.30299,1.41361,0.59415,2.28453,1.19294,0.61892,2.25840,1.18748,0.54267,2.33800,1.10277,0.63609,2.41541,0.95176,0.63444,2.45969,0.96927,0.57697,2.47262,0.89091,0.62970,2.34547,1.08141,0.19901,2.36899,1.08125,0.45002,2.15267,1.08727,0.29306,2.16299,1.09671,0.39087,2.28159,0.98459,0.14640,2.40244,0.79772,0.14450,2.50709,0.63613,0.16237,2.38293,0.36178,0.17524,2.30875,0.19121,0.20731,2.25338,0.16638,0.28195,2.50644,0.06604,0.21320,2.39075,0.07316,0.15209,2.30117,0.97196,0.52136,2.30396,0.67421,0.47111,2.28990,0.56455,0.44939,2.20465,0.40696,0.46790,2.15851,0.11038,0.40071,2.10607,0.06207,0.33920,2.38558,0.05855,0.36989,2.28756,0.03181,0.45396,0.00000,0.00000,0.00000,0.00000,0.00000,0.00000,0.00000,0.00000,0.00000,0.00000,0.00000,0.00000,0.00000,0.00000,0.00000,0.00000,0.00000,0.00000
4.81000,  482,2.33496,1.76918,0.26283,2.39607,1.85620,0.35358,2.32928,1.76095,0.44345,2.44977,1.78762,0.32219,2.24818,1.61783,0.34978,2.15586,1.27483,0.33552,2.16271,1.06746,0.34181,2.41560,1.14177,0.31761,2.35139,1.34418,0.33585,2.35930,1.51004,0.33375,2.18493,1.48797,0.47277,2.30217,1.56925,0.15602,2.28009,1.42117,0.07553,2.25082,1.20231,0.04532,2.21019,1.19311,0.10882,2.30843,1.01046,0.02261,2.33280,0.92509,0.01528,2.35959,0.93166,0.08067,2.36098,0.85132,0.03066,2.31699,1.55060,0.52108,2.31600,1.41254,0.59426,2.29941,1.19167,0.61946,2.27359,1.18592,0.54320,2.35450,1.10224,0.63604,2.43473,0.95270,0.63390,2.47837,0.97107,0.57636,2.49275,0.89302,0.62898,2.35836,1.07989,0.19919,2.38056,1.07963,0.45047,2.16484,1.08596,0.29199,2.17469,1.09592,0.38965,2.29483,0.98345,0.14587,2.41735,0.79783,0.14405,2.52158,0.63625,0.16419,2.41164,0.35360,0.17548,2.34866,0.17881,0.20665,2.29583,0.14911,0.28151,2.55456,0.06790,0.20828,2.43795,0.06796,0.14874,2.30806,0.97049,0.52214,2.30999,0.67356,0.47114,2.29330,0.56394,0.44972,2.20695,0.40709,0.46815,2.15896,0.11082,0.40038,2.10625,0.06236,0.33902,2.38538,0.05807,0.36971,2.28758,0.03187,0.45392,0.00000,0.00000,0.00000,0.00000,0.00000,0.00000,0.00000,0.00000,0.00000,0.00000,0.00000,0.00000,0.00000,0.00000,0.00000,0.00000,0.00000,0.00000
4.82000,  483,2.34836,1.76735,0.26232,2.40956,1.85462,0.35278,2.34271,1.75942,0.44271,2.46317,1.78599,0.32164,2.26193,1.61651,0.34930,2.16849,1.27389,0.33477,2.17469,1.06746,0.34044,2.42810,1.13954,0.31763,2.36402,1.34234,0.33566,2.37256,1.50813,0.33351,2.19777,1.48690,0.47231,2.31589,1.56740,0.15562,2.29238,1.41959,0.07505,2.26016,1.20124,0.04461,2.21982,1.19230,0.10828,2.31508,1.00874,0.02109,2.33836,0.92303,0.01334,2.36630,0.92949,0.07824,2.36598,0.84913,0.02837,2.33031,1.54901,0.52090,2.32912,1.41101,0.59433,2.31439,1.19012,0.61946,2.28876,1.18371,0.54344,2.37080,1.10137,0.63606,2.45377,0.95331,0.63325,2.49671,0.97262,0.57560,2.51291,0.89469,0.62793,2.37138,1.07812,0.19939,2.39225,1.07790,0.45085,2.17700,1.08452,0.29105,2.18652,1.09453,0.38846,2.30779,0.98182,0.14570,2.43029,0.79717,0.14481,2.53518,0.63564,0.16618,2.44068,0.34550,0.17573,2.38926,0.16672,0.20568,2.33955,0.13285,0.28108,2.60234,0.07027,0.20359,2.48530,0.06311,0.14549,2.31336,0.96870,0.52227,2.31565,0.67293,0.47158,2.29723,0.56324,0.45022,2.20924,0.40739,0.46847,2.15945,0.11129,0.40009,2.10646,0.06271,0.33883,2.38546,0.05778,0.36962,2.28757,0.03192,0.45388,0.00000,0.00000,0.00000,0.00000,0.00000,0.00000,0.00000,0.00000,0.00000,0.00000,0.00000,0.00000,0.00000,0.00000,0.00000,0.00000,0.00000,0.00000
4.83000,  484,2.36206,1.76531,0.26169,2.42306,1.85265,0.35201,2.35637,1.75763,0.44213,2.47685,1.78403,0.32091,2.27562,1.61500,0.34873,2.18093,1.27261,0.33382,2.18717,1.06589,0.33940,2.44053,1.13726,0.31741,2.37665,1.34015,0.33546,2.38580,1.50611,0.33324,2.21084,1.48540,0.47185,2.32968,1.56548,0.15523,2.30499,1.41774,0.07467,2.26968,1.20001,0.04390,2.22966,1.19137,0.10764,2.32200,1.00694,0.01952,2.34412,0.92088,0.01166,2.37369,0.92722,0.07568,2.37118,0.84665,0.02598,2.34322,1.54713,0.52053,2.34234,1.40918,0.59410,2.32943,1.18811,0.61970,2.30313,1.18128,0.54374,2.38724,1.10031,0.63610,2.47221,0.95345,0.63236,2.51492,0.97377,0.57476,2.53267,0.89619,0.62688,2.38437,1.07580,0.19928,2.40413,1.07608,0.45103,2.18944,1.08280,0.29011,2.19867,1.09298,0.38743,2.32177,0.97993,0.14528,2.44372,0.79591,0.14509,2.54774,0.63410,0.16835,2.46936,0.33699,0.17572,2.43068,0.15521,0.20447,2.38426,0.11815,0.28052,2.64942,0.07320,0.19937,2.53252,0.05827,0.14290,2.32002,0.96624,0.52271,2.32171,0.67248,0.47181,2.30148,0.56262,0.45077,2.21140,0.40775,0.46874,2.15990,0.11175,0.39975,2.10670,0.06311,0.33866,2.38541,0.05778,0.36964,2.28761,0.03196,0.45385,0.00000,0.00000,0.00000,0.00000,0.00000,0.00000,0.00000,0.00000,0.00000,0.00000,0.00000,0.00000,0.00000,0.00000,0.00000,0.00000,0.00000,0.00000
4.84000,  485,2.37573,1.76302,0.26099,2.43676,1.85050,0.35132,2.37001,1.75562,0.44154,2.49042,1.78184,0.32028,2.28920,1.61310,0.34823,2.19361,1.27108,0.33273,2.19976,1.06381,0.33841,2.45315,1.13512,0.31708,2.38949,1.33784,0.33526,2.39913,1.50365,0.33281,2.22292,1.48427,0.47097,2.34358,1.56330,0.15477,2.31779,1.41564,0.07414,2.27953,1.19858,0.04312,2.23968,1.19017,0.10710,2.32919,1.00487,0.01806,2.35020,0.91853,0.00974,2.38133,0.92483,0.07308,2.37664,0.84404,0.02387,2.35617,1.54496,0.52009,2.35548,1.40720,0.59389,2.34439,1.18618,0.61967,2.31710,1.17862,0.54389,2.40343,1.09892,0.63577,2.49089,0.95359,0.63161,2.53297,0.97462,0.57378,2.55222,0.89726,0.62588,2.39740,1.07341,0.19907,2.41596,1.07435,0.45115,2.20204,1.08095,0.28899,2.21091,1.09097,0.38626,2.33448,0.97759,0.14481,2.45661,0.79406,0.14542,2.55938,0.63164,0.17051,2.49820,0.32877,0.17541,2.47262,0.14459,0.20288,2.43010,0.10535,0.28030,2.69640,0.07702,0.19547,2.57982,0.05386,0.14098,2.33235,0.96582,0.52217,2.32716,0.67156,0.47225,2.30548,0.56199,0.45137,2.21346,0.40834,0.46891,2.16039,0.11222,0.39953,2.10690,0.06351,0.33856,2.38607,0.05776,0.36965,2.28771,0.03177,0.45384,0.00000,0.00000,0.00000,0.00000,0.00000,0.00000,0.00000,0.00000,0.00000,0.00000,0.00000,0.00000,0.00000,0.00000,0.00000,0.00000,0.00000,0.00000
4.85000,  486,2.38950,1.76045,0.26032,2.45065,1.84802,0.35045,2.38381,1.75328,0.44082,2.50430,1.77929,0.31946,2.30292,1.61099,0.34766,2.20629,1.26926,0.33156,2.21249,1.06181,0.33730,2.46582,1.13307,0.31653,2.40203,1.33539,0.33489,2.41231,1.50104,0.33246,2.23559,1.48263,0.47011,2.35737,1.56093,0.15414,2.33074,1.41337,0.07371,2.28955,1.19696,0.04248,2.24991,1.18879,0.10666,2.33665,1.00279,0.01666,2.35651,0.91604,0.00805,2.38893,0.92212,0.07080,2.38240,0.84123,0.02166,2.36952,1.54266,0.51958,2.36887,1.40485,0.59365,2.35913,1.18374,0.61963,2.33153,1.17583,0.54399,2.41959,1.09715,0.63537,2.50919,0.95323,0.63048,2.55097,0.97522,0.57267,2.57149,0.89825,0.62473,2.41059,1.07074,0.19853,2.42809,1.07255,0.45121,2.21479,1.07867,0.28782,2.22337,1.08884,0.38536,2.34655,0.97477,0.14451,2.46853,0.79152,0.14623,2.56982,0.62808,0.17236,2.52689,0.32093,0.17461,2.51489,0.13558,0.20113,2.47542,0.09436,0.27921,2.74233,0.08168,0.19255,2.62752,0.05110,0.13906,2.34489,0.96518,0.52181,2.33335,0.67058,0.47292,2.30966,0.56122,0.45197,2.21643,0.40829,0.46942,2.16093,0.11264,0.39945,2.10714,0.06396,0.33838,2.38635,0.05759,0.36965,2.28770,0.03173,0.45385,0.00000,0.00000,0.00000,0.00000,0.00000,0.00000,0.00000,0.00000,0.00000,0.00000,0.00000,0.00000,0.00000,0.00000,0.00000,0.00000,0.00000,0.00000
4.86000,  487,2.40337,1.75767,0.25959,2.46466,1.84530,0.34959,2.39770,1.75069,0.44002,2.51812,1.77647,0.31876,2.31667,1.60869,0.34699,2.21913,1.26722,0.33024,2.22560,1.05944,0.33615,2.47873,1.13108,0.31596,2.41496,1.33262,0.33451,2.42565,1.49827,0.33198,2.24858,1.48057,0.46947,2.37129,1.55826,0.15372,2.34394,1.41094,0.07313,2.29995,1.19513,0.04193,2.26047,1.18721,0.10614,2.34455,1.00040,0.01523,2.36316,0.91355,0.00650,2.39557,0.91879,0.06921,2.38841,0.83849,0.01952,2.38255,1.54013,0.51910,2.38255,1.40239,0.59306,2.37415,1.18126,0.61929,2.34657,1.17292,0.54388,2.43574,1.09534,0.63497,2.52715,0.95267,0.62949,2.56848,0.97538,0.57180,2.59022,0.89879,0.62354,2.42393,1.06803,0.19770,2.44023,1.07067,0.45098,2.22781,1.07615,0.28672,2.23454,1.08685,0.38348,2.36084,0.97249,0.14282,2.48010,0.78816,0.14704,2.57950,0.62360,0.17408,2.55544,0.31388,0.17368,2.55694,0.12835,0.19918,2.52031,0.08524,0.27777,2.78757,0.08876,0.19095,2.67473,0.05066,0.13792,2.35571,0.96361,0.52144,2.34027,0.66939,0.47386,2.31432,0.56044,0.45289,2.21947,0.40844,0.46971,2.16139,0.11311,0.39919,2.10739,0.06449,0.33818,2.38640,0.05746,0.36960,2.28765,0.03165,0.45388,0.00000,0.00000,0.00000,0.00000,0.00000,0.00000,0.00000,0.00000,0.00000,0.00000,0.00000,0.00000,0.00000,0.00000,0.00000,0.00000,0.00000,0.00000
4.87000,  488,2.41730,1.75480,0.25863,2.47867,1.84239,0.34862,2.41168,1.74803,0.43936,2.53215,1.77344,0.31785,2.33019,1.60613,0.34613,2.23212,1.26479,0.32893,2.23886,1.05674,0.33518,2.49159,1.12905,0.31552,2.42783,1.32977,0.33410,2.43907,1.49525,0.33143,2.26177,1.47813,0.46868,2.38533,1.55551,0.15303,2.35725,1.40817,0.07252,2.31060,1.19305,0.04115,2.27116,1.18552,0.10563,2.35286,0.99793,0.01391,2.37029,0.91081,0.00484,2.40324,0.91569,0.06732,2.39498,0.83545,0.01754,2.39585,1.53737,0.51844,2.39604,1.39964,0.59244,2.38903,1.17871,0.61884,2.36134,1.17001,0.54354,2.45150,1.09324,0.63427,2.54500,0.95210,0.62852,2.58592,0.97542,0.57053,2.60899,0.89906,0.62223,2.43731,1.06522,0.19705,2.45273,1.06863,0.45101,2.24106,1.07335,0.28569,2.24689,1.08445,0.38204,2.37402,0.96977,0.14209,2.49100,0.78395,0.14806,2.58839,0.61831,0.17511,2.58341,0.30819,0.17269,2.59866,0.12260,0.19765,2.56415,0.07772,0.27573,2.83112,0.09860,0.19093,2.72186,0.05322,0.13710,2.36740,0.96191,0.52144,2.34786,0.66778,0.47525,2.31912,0.55956,0.45378,2.22285,0.40871,0.47026,2.16190,0.11364,0.39908,2.10768,0.06510,0.33804,2.38638,0.05733,0.36956,2.28765,0.03160,0.45396,0.00000,0.00000,0.00000,0.00000,0.00000,0.00000,0.00000,0.00000,0.00000,0.00000,0.00000,0.00000,0.00000,0.00000,0.00000,0.00000,0.00000,0.00000
4.88000,  489,2.43128,1.75166,0.25787,2.49295,1.83928,0.34768,2.42577,1.74513,0.43846,2.54619,1.77018,0.31693,2.34380,1.60337,0.34525,2.24527,1.26219,0.32740,2.25246,1.05397,0.33395,2.50471,1.12703,0.31495,2.44087,1.32683,0.33364,2.45247,1.49210,0.33082,2.27500,1.47537,0.46786,2.39925,1.55253,0.15235,2.37047,1.40530,0.07201,2.32151,1.19071,0.04048,2.28215,1.18354,0.10516,2.36138,0.99531,0.01261,2.37782,0.90799,0.00320,2.41100,0.91232,0.06562,2.40199,0.83254,0.01522,2.40895,1.53452,0.51769,2.40963,1.39701,0.59178,2.40398,1.17578,0.61847,2.37607,1.16685,0.54308,2.46742,1.09115,0.63357,2.56268,0.95105,0.62730,2.60310,0.97503,0.56936,2.62715,0.89884,0.62105,2.45102,1.06245,0.19618,2.46528,1.06644,0.45082,2.25450,1.07049,0.28446,2.26011,1.08145,0.38107,2.38696,0.96680,0.14155,2.50112,0.77886,0.14906,2.59655,0.61209,0.17636,2.61041,0.30360,0.17179,2.63959,0.11921,0.19577,2.60690,0.07136,0.27345,2.87334,0.11142,0.19293,2.76817,0.05892,0.13678,2.37872,0.96005,0.52126,2.35478,0.66566,0.47622,2.32424,0.55869,0.45462,2.22641,0.40899,0.47050,2.16245,0.11435,0.39906,2.10799,0.06581,0.33804,2.38638,0.05724,0.36950,2.28742,0.03163,0.45409,0.00000,0.00000,0.00000,0.00000,0.00000,0.00000,0.00000,0.00000,0.00000,0.00000,0.00000,0.00000,0.00000,0.00000,0.00000,0.00000,0.00000,0.00000
4.89000,  490,2.44519,1.74848,0.25681,2.50722,1.83599,0.34656,2.43970,1.74213,0.43743,2.56025,1.76670,0.31582,2.35728,1.60037,0.34429,2.25828,1.25926,0.32573,2.26627,1.05112,0.33269,2.51793,1.12475,0.31462,2.45414,1.32367,0.33310,2.46592,1.48892,0.33005,2.28801,1.47269,0.46668,2.41307,1.54942,0.15148,2.38372,1.40221,0.07140,2.33271,1.18828,0.03979,2.29345,1.18126,0.10460,2.37041,0.99250,0.01145,2.38547,0.90507,0.00188,2.41898,0.90867,0.06414,2.40865,0.82909,0.01379,2.42203,1.53150,0.51684,2.42354,1.39410,0.59089,2.41886,1.17302,0.61772,2.39138,1.16386,0.54214,2.48306,1.08873,0.63259,2.57999,0.94987,0.62618,2.62011,0.97434,0.56812,2.64505,0.89837,0.61977,2.46487,1.05990,0.19559,2.47798,1.06402,0.45067,2.26824,1.06740,0.28317,2.27368,1.07845,0.37987,2.40019,0.96357,0.14100,2.51060,0.77294,0.15033,2.60446,0.60564,0.17680,2.63640,0.30007,0.17109,2.67888,0.11755,0.19433,2.64824,0.06654,0.27095,2.91244,0.12668,0.19594,2.81270,0.06711,0.13705,2.39031,0.95836,0.52112,2.36270,0.66410,0.47667,2.33020,0.55776,0.45523,2.23038,0.40915,0.47086,2.16305,0.11506,0.39914,2.10827,0.06669,0.33799,2.38641,0.05717,0.36945,2.28745,0.03152,0.45421,0.00000,0.00000,0.00000,0.00000,0.00000,0.00000,0.00000,0.00000,0.00000,0.00000,0.00000,0.00000,0.00000,0.00000,0.00000,0.00000,0.00000,0.00000
4.90000,  491,2.45929,1.74521,0.25585,2.52165,1.83258,0.34531,2.45382,1.73909,0.43640,2.57444,1.76304,0.31458,2.37082,1.59731,0.34316,2.27182,1.25622,0.32424,2.28032,1.04815,0.33156,2.53155,1.12246,0.31447,2.46763,1.32054,0.33231,2.47939,1.48564,0.32918,2.30118,1.46967,0.46549,2.42693,1.54614,0.15043,2.39689,1.39910,0.07052,2.34404,1.18562,0.03914,2.30490,1.17885,0.10395,2.37984,0.98953,0.01011,2.39384,0.90196,0.00018,2.42752,0.90514,0.06254,2.41623,0.82581,0.01200,2.43520,1.52843,0.51584,2.43741,1.39099,0.58980,2.43369,1.17000,0.61680,2.40615,1.16069,0.54130,2.49874,1.08631,0.63158,2.59685,0.94846,0.62491,2.63677,0.97348,0.56686,2.66259,0.89770,0.61843,2.47908,1.05709,0.19498,2.49111,1.06145,0.45063,2.28231,1.06408,0.28209,2.28734,1.07534,0.37856,2.41361,0.96010,0.14054,2.51941,0.76681,0.15147,2.61231,0.59891,0.17725,2.66121,0.29773,0.17094,2.71598,0.11773,0.19307,2.68772,0.06353,0.26870,2.94842,0.14366,0.19964,2.85458,0.07755,0.13807,2.40227,0.95667,0.52125,2.36857,0.66509,0.47592,2.33654,0.55665,0.45571,2.23454,0.40945,0.47097,2.16364,0.11579,0.39930,2.10855,0.06765,0.33801,2.38641,0.05714,0.36946,2.28747,0.03133,0.45434,0.00000,0.00000,0.00000,0.00000,0.00000,0.00000,0.00000,0.00000,0.00000,0.00000,0.00000,0.00000,0.00000,0.00000,0.00000,0.00000,0.00000,0.00000
4.91000,  492,2.47332,1.74197,0.25462,2.53608,1.82913,0.34399,2.46825,1.73604,0.43526,2.58850,1.75940,0.31336,2.38442,1.59410,0.34178,2.28531,1.25314,0.32258,2.29453,1.04520,0.33037,2.54523,1.11977,0.31439,2.48103,1.31725,0.33141,2.49293,1.48240,0.32820,2.31428,1.46662,0.46425,2.44069,1.54289,0.14915,2.41007,1.39567,0.06954,2.35574,1.18270,0.03839,2.31664,1.17629,0.10333,2.38959,0.98649,0.00897,2.40266,0.89870,-0.00132,2.43619,0.90142,0.06103,2.42407,0.82232,0.01034,2.44830,1.52531,0.51469,2.45110,1.38806,0.58875,2.44837,1.16681,0.61590,2.42075,1.15740,0.54054,2.51425,1.08375,0.63049,2.61378,0.94675,0.62356,2.65327,0.97217,0.56540,2.67979,0.89658,0.61690,2.49392,1.05436,0.19424,2.50408,1.05871,0.45063,2.29641,1.06079,0.28085,2.30124,1.07210,0.37735,2.42886,0.95689,0.13931,2.52802,0.76067,0.15200,2.62063,0.59241,0.17728,2.68521,0.29685,0.17112,2.75103,0.11945,0.19209,2.72529,0.06198,0.26648,2.98075,0.16125,0.20429,2.89374,0.08923,0.13996,2.41435,0.95484,0.52127,2.37281,0.66469,0.47663,2.34367,0.55548,0.45598,2.23932,0.40978,0.47104,2.16436,0.11667,0.39944,2.10894,0.06875,0.33814,2.38639,0.05707,0.36948,2.28771,0.03103,0.45458,0.00000,0.00000,0.00000,0.00000,0.00000,0.00000,0.00000,0.00000,0.00000,0.00000,0.00000,0.00000,0.00000,0.00000,0.00000,0.00000,0.00000,0.00000
4.92000,  493,2.48741,1.73865,0.25331,2.55066,1.82573,0.34274,2.48242,1.73290,0.43400,2.60278,1.75564,0.31195,2.39805,1.59098,0.34033,2.29865,1.25010,0.32049,2.30887,1.04226,0.32889,2.55915,1.11705,0.31447,2.49466,1.31409,0.33048,2.50661,1.47914,0.32698,2.32744,1.46333,0.46275,2.45469,1.53936,0.14782,2.42305,1.39226,0.06851,2.36766,1.17964,0.03753,2.32881,1.17336,0.10264,2.39965,0.98320,0.00762,2.41189,0.89541,-0.00276,2.44520,0.89756,0.05970,2.43245,0.81868,0.00871,2.46139,1.52207,0.51356,2.46495,1.38493,0.58753,2.46317,1.16381,0.61470,2.43555,1.15401,0.53944,2.52969,1.08110,0.62943,2.63018,0.94487,0.62217,2.66941,0.97073,0.56400,2.69661,0.89523,0.61543,2.50850,1.05137,0.19398,2.51742,1.05576,0.45061,2.31069,1.05756,0.27944,2.31516,1.06876,0.37612,2.44277,0.95292,0.13921,2.53633,0.75484,0.15118,2.62931,0.58638,0.17664,2.70840,0.29662,0.17153,2.78327,0.12208,0.19225,2.75998,0.06145,0.26505,3.00942,0.17824,0.20982,2.92826,0.10147,0.14226,2.42662,0.95257,0.52115,2.37641,0.66400,0.47727,2.35110,0.55424,0.45602,2.24445,0.41002,0.47091,2.16521,0.11781,0.39961,2.10939,0.07015,0.33827,2.38642,0.05694,0.36946,2.28732,0.03078,0.45438,0.00000,0.00000,0.00000,0.00000,0.00000,0.00000,0.00000,0.00000,0.00000,0.00000,0.00000,0.00000,0.00000,0.00000,0.00000,0.00000,0.00000,0.00000
4.93000,  494,2.50177,1.73576,0.25165,2.56539,1.82233,0.34114,2.49685,1.72985,0.43258,2.61701,1.75207,0.31049,2.41172,1.58804,0.33879,2.31233,1.24694,0.31883,2.32321,1.03937,0.32752,2.57319,1.11409,0.31465,2.50839,1.31084,0.32945,2.52026,1.47603,0.32578,2.34068,1.46044,0.46112,2.46845,1.53597,0.14636,2.43616,1.38886,0.06717,2.37972,1.17637,0.03671,2.34108,1.17037,0.10205,2.40995,0.97993,0.00636,2.42172,0.89212,-0.00436,2.45461,0.89354,0.05840,2.44107,0.81502,0.00712,2.47463,1.51903,0.51225,2.47864,1.38193,0.58605,2.47788,1.16071,0.61348,2.45053,1.15071,0.53805,2.54510,1.07841,0.62803,2.64618,0.94284,0.62063,2.68525,0.96896,0.56266,2.71292,0.89375,0.61388,2.52327,1.04811,0.19411,2.53086,1.05267,0.45069,2.32501,1.05459,0.27809,2.32925,1.06568,0.37477,2.45738,0.94925,0.13893,2.54484,0.74952,0.14795,2.63924,0.58131,0.17550,2.73036,0.29695,0.17112,2.81193,0.12494,0.19334,2.79139,0.06129,0.26497,3.03412,0.19363,0.21561,2.95915,0.11283,0.14550,2.43938,0.95031,0.52113,2.38053,0.66330,0.47779,2.35927,0.55287,0.45585,2.25024,0.41023,0.47047,2.16619,0.11902,0.39965,2.10989,0.07175,0.33828,2.38644,0.05686,0.36944,2.28736,0.03068,0.45445,0.00000,0.00000,0.00000,0.00000,0.00000,0.00000,0.00000,0.00000,0.00000,0.00000,0.00000,0.00000,0.00000,0.00000,0.00000,0.00000,0.00000,0.00000
4.94000,  495,2.51616,1.73287,0.24987,2.58004,1.81923,0.33959,2.51132,1.72695,0.43108,2.63137,1.74863,0.30878,2.42550,1.58511,0.33706,2.32612,1.24396,0.31735,2.33747,1.03677,0.32619,2.58746,1.11102,0.31482,2.52238,1.30778,0.32825,2.53401,1.47297,0.32453,2.35394,1.45742,0.45958,2.48229,1.53257,0.14474,2.44947,1.38538,0.06588,2.39224,1.17318,0.03583,2.35371,1.16723,0.10131,2.42069,0.97653,0.00513,2.43156,0.88872,-0.00580,2.46422,0.88968,0.05728,2.45015,0.81138,0.00563,2.48768,1.51599,0.51091,2.49229,1.37887,0.58466,2.49289,1.15785,0.61213,2.46488,1.14755,0.53690,2.56009,1.07582,0.62676,2.66171,0.94068,0.61926,2.70079,0.96692,0.56104,2.72892,0.89198,0.61231,2.53817,1.04495,0.19441,2.54439,1.04960,0.45066,2.33909,1.05175,0.27679,2.34344,1.06270,0.37361,2.47287,0.94590,0.13837,2.55490,0.74474,0.14347,2.65208,0.57779,0.17452,2.74973,0.29649,0.17159,2.83635,0.12667,0.19551,2.81850,0.06106,0.26669,3.05419,0.20631,0.22032,2.98517,0.12070,0.14934,2.45256,0.94788,0.52091,2.38591,0.66237,0.47799,2.36817,0.55137,0.45529,2.25647,0.41076,0.46993,2.16726,0.12058,0.39974,2.11060,0.07371,0.33823,2.38649,0.05676,0.36945,2.28740,0.03062,0.45454,0.00000,0.00000,0.00000,0.00000,0.00000,0.00000,0.00000,0.00000,0.00000,0.00000,0.00000,0.00000,0.00000,0.00000,0.00000,0.00000,0.00000,0.00000
4.95000,  496,2.53010,1.72993,0.24876,2.59489,1.81616,0.33777,2.52549,1.72436,0.42937,2.64586,1.74532,0.30697,2.43934,1.58230,0.33539,2.34018,1.24105,0.31606,2.35146,1.03439,0.32470,2.60171,1.10782,0.31520,2.53639,1.30484,0.32712,2.54788,1.47000,0.32302,2.36733,1.45467,0.45778,2.49608,1.52927,0.14293,2.46268,1.38197,0.06457,2.40496,1.16989,0.03488,2.36659,1.16401,0.10048,2.43178,0.97319,0.00391,2.44202,0.88540,-0.00727,2.47452,0.88575,0.05581,2.45960,0.80785,0.00412,2.50109,1.51331,0.50935,2.50572,1.37597,0.58291,2.50724,1.15503,0.61036,2.47957,1.14452,0.53525,2.57497,1.07308,0.62500,2.67694,0.93845,0.61754,2.71586,0.96478,0.55940,2.74432,0.89006,0.61063,2.55280,1.04148,0.19495,2.55841,1.04645,0.45080,2.35294,1.04915,0.27550,2.35746,1.06013,0.37238,2.48864,0.94269,0.13768,2.57065,0.74257,0.14153,2.66791,0.57717,0.17526,2.76575,0.29449,0.17290,2.85590,0.12615,0.19764,2.84002,0.05987,0.26930,3.06923,0.21417,0.22359,3.00600,0.12339,0.15309,2.46555,0.94535,0.52024,2.39305,0.66118,0.47789,2.37728,0.54978,0.45479,2.26311,0.41123,0.46909,2.16858,0.12230,0.39980,2.11142,0.07602,0.33828,2.38644,0.05654,0.36920,2.28743,0.03055,0.45453,0.00000,0.00000,0.00000,0.00000,0.00000,0.00000,0.00000,0.00000,0.00000,0.00000,0.00000,0.00000,0.00000,0.00000,0.00000,0.00000,0.00000,0.00000
4.96000,  497,2.54438,1.72733,0.24688,2.60964,1.81326,0.33587,2.54015,1.72180,0.42759,2.66029,1.74224,0.30509,2.45337,1.57959,0.33359,2.35420,1.23830,0.31489,2.36538,1.03200,0.32317,2.61592,1.10461,0.31534,2.55042,1.30215,0.32594,2.56185,1.46736,0.32149,2.38109,1.45205,0.45600,2.51000,1.52606,0.14124,2.47625,1.37875,0.06324,2.41795,1.16666,0.03402,2.37988,1.16103,0.09971,2.44317,0.96998,0.00269,2.45281,0.88211,-0.00868,2.48501,0.88202,0.05476,2.46935,0.80426,0.00284,2.51474,1.51073,0.50781,2.51927,1.37342,0.58124,2.52170,1.15248,0.60873,2.49398,1.14170,0.53363,2.58940,1.07057,0.62343,2.69188,0.93624,0.61582,2.73060,0.96254,0.55755,2.75912,0.88797,0.60926,2.56735,1.03793,0.19528,2.57232,1.04345,0.45056,2.36682,1.04684,0.27419,2.37161,1.05761,0.37128,2.50433,0.94001,0.13645,2.58897,0.74186,0.14086,2.68614,0.57851,0.17694,2.78009,0.29151,0.17458,2.87063,0.12356,0.19970,2.85496,0.05748,0.27160,3.08089,0.21472,0.22584,3.02146,0.12088,0.15646,2.47917,0.94293,0.51933,2.40217,0.65948,0.47762,2.38739,0.54813,0.45401,2.27038,0.41175,0.46827,2.16998,0.12439,0.40026,2.11225,0.07857,0.33858,2.38644,0.05643,0.36918,2.28754,0.03052,0.45463,0.00000,0.00000,0.00000,0.00000,0.00000,0.00000,0.00000,0.00000,0.00000,0.00000,0.00000,0.00000,0.00000,0.00000,0.00000,0.00000,0.00000,0.00000
4.97000,  498,2.55881,1.72495,0.24483,2.62447,1.81064,0.33379,2.55454,1.71938,0.42546,2.67475,1.73926,0.30295,2.46746,1.57711,0.33160,2.36827,1.23592,0.31389,2.37961,1.02950,0.32216,2.63015,1.10142,0.31527,2.56454,1.29958,0.32474,2.57572,1.46492,0.31981,2.39507,1.44967,0.45442,2.52395,1.52316,0.13932,2.48998,1.37564,0.06170,2.43127,1.16368,0.03314,2.39338,1.15810,0.09883,2.45507,0.96694,0.00142,2.46380,0.87891,-0.00989,2.49610,0.87859,0.05323,2.47964,0.80095,0.00131,2.52840,1.50842,0.50627,2.53274,1.37113,0.57967,2.53611,1.15017,0.60684,2.50838,1.13914,0.53171,2.60378,1.06826,0.62137,2.70629,0.93394,0.61427,2.74481,0.96020,0.55582,2.77347,0.88575,0.60754,2.58199,1.03468,0.19494,2.58637,1.04049,0.44993,2.38091,1.04459,0.27312,2.38593,1.05530,0.37016,2.51971,0.93852,0.13392,2.60790,0.74244,0.14031,2.70603,0.57921,0.17859,2.79394,0.28905,0.17659,2.88147,0.11974,0.20168,2.86411,0.05430,0.27291,3.09235,0.20741,0.22824,3.03181,0.11492,0.15848,2.49322,0.94029,0.51839,2.41370,0.65750,0.47632,2.39770,0.54641,0.45294,2.27823,0.41222,0.46749,2.17155,0.12658,0.40092,2.11314,0.08149,0.33909,2.38650,0.05635,0.36926,2.28763,0.03040,0.45478,0.00000,0.00000,0.00000,0.00000,0.00000,0.00000,0.00000,0.00000,0.00000,0.00000,0.00000,0.00000,0.00000,0.00000,0.00000,0.00000,0.00000,0.00000
4.98000,  499,2.57325,1.72268,0.24269,2.63947,1.80806,0.33154,2.56938,1.71723,0.42362,2.68930,1.73654,0.30064,2.48162,1.57483,0.32987,2.38247,1.23365,0.31317,2.39402,1.02714,0.32110,2.64445,1.09854,0.31486,2.57866,1.29718,0.32332,2.58991,1.46254,0.31805,2.40916,1.44762,0.45283,2.53779,1.52033,0.13757,2.50388,1.37264,0.06040,2.44487,1.16074,0.03227,2.40709,1.15534,0.09836,2.46746,0.96407,0.00020,2.47541,0.87598,-0.01130,2.50745,0.87522,0.05221,2.49029,0.79782,-0.00012,2.54254,1.50648,0.50458,2.54634,1.36890,0.57801,2.55008,1.14809,0.60473,2.52253,1.13713,0.52957,2.61767,1.06628,0.61941,2.71988,0.93171,0.61241,2.75876,0.95792,0.55402,2.78720,0.88354,0.60587,2.59670,1.03236,0.19393,2.60061,1.03766,0.44923,2.39522,1.04234,0.27202,2.40059,1.05296,0.36946,2.53394,0.93754,0.13224,2.62734,0.74383,0.13924,2.72595,0.57968,0.18029,2.80749,0.28695,0.17844,2.88896,0.11558,0.20343,2.86905,0.05008,0.27384,3.10482,0.19377,0.23128,3.03795,0.10715,0.15975,2.50737,0.93749,0.51727,2.42729,0.65500,0.47472,2.40905,0.54446,0.45156,2.28661,0.41275,0.46652,2.17345,0.12901,0.40168,2.11424,0.08485,0.33970,2.38649,0.05627,0.36926,2.28770,0.03023,0.45495,0.00000,0.00000,0.00000,0.00000,0.00000,0.00000,0.00000,0.00000,0.00000,0.00000,0.00000,0.00000,0.00000,0.00000,0.00000,0.00000,0.00000,0.00000
4.99000,  500,2.58775,1.72048,0.24050,2.65446,1.80567,0.32904,2.58396,1.71525,0.42105,2.70399,1.73391,0.29826,2.49582,1.57289,0.32784,2.39713,1.23129,0.31243,2.40882,1.02472,0.32017,2.65911,1.09595,0.31384,2.59293,1.29507,0.32212,2.60398,1.46039,0.31629,2.42366,1.44569,0.45132,2.55176,1.51783,0.13562,2.51789,1.36996,0.05893,2.45882,1.15796,0.03146,2.42096,1.15294,0.09699,2.48009,0.96147,-0.00104,2.48761,0.87335,-0.01282,2.51947,0.87210,0.05076,2.50149,0.79480,-0.00142,2.55719,1.50466,0.50279,2.56039,1.36709,0.57648,2.56391,1.14632,0.60257,2.53663,1.13538,0.52723,2.63159,1.06433,0.61742,2.73325,0.92957,0.61046,2.77205,0.95559,0.55214,2.80034,0.88127,0.60425,2.61154,1.03072,0.19226,2.61546,1.03483,0.44797,2.41006,1.04029,0.27090,2.41551,1.05062,0.36846,2.54721,0.93685,0.13181,2.64682,0.74494,0.13869,2.74521,0.58042,0.18209,2.82057,0.28474,0.18008,2.89442,0.11157,0.20517,2.87223,0.04842,0.27584,3.11638,0.17876,0.23245,3.04269,0.09870,0.16020,2.52153,0.93441,0.51614,2.44262,0.65233,0.47298,2.42076,0.54244,0.45008,2.29553,0.41340,0.46536,2.17561,0.13189,0.40239,2.11561,0.08873,0.34026,2.38650,0.05618,0.36926,2.28778,0.03013,0.45503,0.00000,0.00000,0.00000,0.00000,0.00000,0.00000,0.00000,0.00000,0.00000,0.00000,0.00000,0.00000,0.00000,0.00000,0.00000,0.00000,0.00000,0.00000
5.00000,  501,2.60236,1.71847,0.23797,2.66961,1.80351,0.32642,2.59865,1.71366,0.41875,2.71865,1.73139,0.29563,2.50997,1.57099,0.32602,2.41084,1.22921,0.31125,2.42410,1.02244,0.31940,2.67412,1.09374,0.31233,2.60759,1.29319,0.32058,2.61811,1.45846,0.31439,2.43833,1.44398,0.44989,2.56545,1.51561,0.13377,2.53208,1.36722,0.05748,2.47291,1.15544,0.03057,2.43544,1.15039,0.09662,2.49336,0.95889,-0.00224,2.50034,0.87076,-0.01412,2.53207,0.86928,0.04932,2.51328,0.79225,-0.00281,2.57203,1.50300,0.50070,2.57409,1.36548,0.57449,2.57758,1.14472,0.60061,2.55041,1.13392,0.52489,2.64459,1.06245,0.61509,2.74614,0.92736,0.60863,2.78496,0.95319,0.55033,2.81297,0.87891,0.60251,2.62670,1.02966,0.19024,2.63052,1.03210,0.44687,2.42528,1.03834,0.26998,2.43082,1.04836,0.36779,2.56129,0.93649,0.13072,2.66592,0.74564,0.13896,2.76364,0.58113,0.18357,2.83277,0.28235,0.18190,2.89980,0.10870,0.20760,2.87609,0.04727,0.27823,3.12587,0.16607,0.23343,3.04700,0.09195,0.16063,2.53584,0.93131,0.51510,2.45917,0.64950,0.47061,2.43337,0.54048,0.44849,2.30493,0.41403,0.46395,2.17795,0.13524,0.40292,2.11727,0.09332,0.34074,2.38652,0.05611,0.36922,2.28789,0.03016,0.45510,0.00000,0.00000,0.00000,0.00000,0.00000,0.00000,0.00000,0.00000,0.00000,0.00000,0.00000,0.00000,0.00000,0.00000,0.00000,0.00000,0.00000,0.00000
5.01000,  502,2.61692,1.71677,0.23548,2.68476,1.80158,0.32361,2.61389,1.71224,0.41631,2.73337,1.72910,0.29284,2.52409,1.56929,0.32398,2.42575,1.22724,0.31024,2.43954,1.02065,0.31864,2.68967,1.09194,0.31058,2.62238,1.29168,0.31877,2.63246,1.45680,0.31211,2.45319,1.44238,0.44833,2.57910,1.51365,0.13181,2.54609,1.36483,0.05596,2.48728,1.15305,0.02970,2.44984,1.14801,0.09586,2.50697,0.95674,-0.00350,2.51356,0.86847,-0.01560,2.54544,0.86674,0.04794,2.52566,0.78968,-0.00424,2.58659,1.50176,0.49869,2.58872,1.36423,0.57253,2.59097,1.14350,0.59846,2.56400,1.13287,0.52256,2.65777,1.06089,0.61317,2.75831,0.92530,0.60678,2.79748,0.95078,0.54838,2.82503,0.87643,0.60062,2.64207,1.02880,0.18790,2.64601,1.02969,0.44542,2.44075,1.03648,0.26930,2.44626,1.04629,0.36702,2.57645,0.93588,0.12991,2.68438,0.74610,0.14018,2.78167,0.58136,0.18448,2.84504,0.28018,0.18425,2.90665,0.10635,0.21085,2.88063,0.04759,0.28056,3.13325,0.15444,0.23533,3.05112,0.08628,0.16246,2.55029,0.92858,0.51392,2.49112,0.64242,0.46890,2.44609,0.53859,0.44677,2.31494,0.41509,0.46239,2.18096,0.13908,0.40337,2.11953,0.09860,0.34110,2.38651,0.05610,0.36919,2.28798,0.03030,0.45516,0.00000,0.00000,0.00000,0.00000,0.00000,0.00000,0.00000,0.00000,0.00000,0.00000,0.00000,0.00000,0.00000,0.00000,0.00000,0.00000,0.00000,0.00000
5.02000,  503,2.63157,1.71538,0.23295,2.70007,1.80007,0.32072,2.62856,1.71126,0.41378,2.74821,1.72719,0.28994,2.53818,1.56795,0.32172,2.44072,1.22574,0.30926,2.45538,1.01920,0.31805,2.70551,1.09084,0.30856,2.63732,1.29043,0.31693,2.64688,1.45558,0.30986,2.46779,1.44109,0.44669,2.59247,1.51193,0.12971,2.56013,1.36270,0.05441,2.50179,1.15077,0.02893,2.46466,1.14584,0.09521,2.52102,0.95461,-0.00468,2.52726,0.86634,-0.01705,2.55923,0.86453,0.04638,2.53865,0.78734,-0.00563,2.60134,1.50076,0.49649,2.60398,1.36336,0.57034,2.60414,1.14239,0.59612,2.57744,1.13202,0.52015,2.67045,1.05938,0.61112,2.77018,0.92313,0.60483,2.80961,0.94838,0.54639,2.83657,0.87385,0.59890,2.65760,1.02802,0.18565,2.66180,1.02746,0.44397,2.45648,1.03508,0.26859,2.46199,1.04445,0.36622,2.59252,0.93497,0.12891,2.70215,0.74629,0.14214,2.79880,0.58110,0.18505,2.85874,0.27898,0.18663,2.91495,0.10479,0.21319,2.88511,0.04913,0.28202,3.14189,0.14144,0.23773,3.05598,0.07992,0.16488,2.56478,0.92604,0.51261,2.51288,0.64117,0.46608,2.46038,0.53700,0.44562,2.32554,0.41640,0.46068,2.18454,0.14355,0.40367,2.12249,0.10482,0.34139,2.38660,0.05598,0.36923,2.28820,0.03051,0.45519,0.00000,0.00000,0.00000,0.00000,0.00000,0.00000,0.00000,0.00000,0.00000,0.00000,0.00000,0.00000,0.00000,0.00000,0.00000,0.00000,0.00000,0.00000
5.03000,  504,2.64615,1.71454,0.23033,2.71543,1.79901,0.31776,2.64366,1.71075,0.41103,2.76298,1.72575,0.28703,2.55223,1.56700,0.31951,2.45610,1.22426,0.30850,2.47135,1.01829,0.31731,2.72148,1.09013,0.30652,2.65246,1.28961,0.31483,2.66134,1.45479,0.30758,2.48266,1.44015,0.44518,2.60603,1.51060,0.12743,2.57418,1.36081,0.05269,2.51654,1.14884,0.02777,2.47929,1.14402,0.09377,2.53546,0.95282,-0.00575,2.54145,0.86456,-0.01827,2.57372,0.86271,0.04470,2.55221,0.78539,-0.00685,2.61612,1.50012,0.49424,2.61892,1.36237,0.56792,2.61723,1.14149,0.59394,2.59065,1.13133,0.51801,2.68280,1.05806,0.60892,2.78153,0.92104,0.60281,2.82124,0.94588,0.54451,2.84745,0.87121,0.59696,2.67337,1.02781,0.18387,2.67770,1.02562,0.44248,2.47232,1.03419,0.26794,2.47782,1.04305,0.36567,2.60940,0.93413,0.12780,2.71886,0.74615,0.14408,2.81513,0.58099,0.18548,2.87276,0.27862,0.18808,2.92275,0.10384,0.21339,2.88881,0.05109,0.28221,3.15191,0.12627,0.24033,3.06151,0.07115,0.16732,2.57947,0.92382,0.51131,2.52654,0.63974,0.46462,2.47565,0.53578,0.44457,2.33661,0.41811,0.45872,2.18880,0.14861,0.40424,2.12623,0.11204,0.34176,2.38673,0.05590,0.36923,2.28848,0.03082,0.45517,0.00000,0.00000,0.00000,0.00000,0.00000,0.00000,0.00000,0.00000,0.00000,0.00000,0.00000,0.00000,0.00000,0.00000,0.00000,0.00000,0.00000,0.00000
5.04000,  505,2.66088,1.71421,0.22761,2.73075,1.79847,0.31472,2.65868,1.71064,0.40832,2.77778,1.72486,0.28410,2.56650,1.56655,0.31744,2.47176,1.22329,0.30778,2.48724,1.01780,0.31583,2.73741,1.08993,0.30472,2.66763,1.28930,0.31274,2.67583,1.45452,0.30519,2.49673,1.43962,0.44450,2.61962,1.50975,0.12506,2.58807,1.35950,0.05093,2.53141,1.14711,0.02696,2.49434,1.14226,0.09278,2.55009,0.95131,-0.00674,2.55601,0.86312,-0.01942,2.58852,0.86102,0.04366,2.56644,0.78388,-0.00800,2.63080,1.49979,0.49200,2.63442,1.36210,0.56543,2.63032,1.14106,0.59155,2.60466,1.13125,0.51557,2.69517,1.05704,0.60703,2.79255,0.91900,0.60088,2.83248,0.94347,0.54245,2.85799,0.86864,0.59489,2.68953,1.02820,0.18230,2.69380,1.02440,0.44092,2.48824,1.03391,0.26692,2.49375,1.04204,0.36497,2.62678,0.93369,0.12669,2.73440,0.74523,0.14576,2.83108,0.58130,0.18558,2.88619,0.27839,0.18681,2.92922,0.10333,0.21170,2.89168,0.05327,0.28117,3.16038,0.11180,0.24241,3.06677,0.06191,0.16920,2.59408,0.92193,0.50949,2.53486,0.63759,0.46428,2.49125,0.53423,0.44328,2.34901,0.42030,0.45709,2.19399,0.15439,0.40463,2.13095,0.12038,0.34191,2.38671,0.05584,0.36931,2.28887,0.03120,0.45516,0.00000,0.00000,0.00000,0.00000,0.00000,0.00000,0.00000,0.00000,0.00000,0.00000,0.00000,0.00000,0.00000,0.00000,0.00000,0.00000,0.00000,0.00000
5.05000,  506,2.67559,1.71431,0.22473,2.74601,1.79834,0.31173,2.67348,1.71110,0.40556,2.79269,1.72444,0.28117,2.58079,1.56653,0.31519,2.48720,1.22271,0.30699,2.50317,1.01773,0.31406,2.75341,1.09026,0.30305,2.68288,1.28942,0.31053,2.69027,1.45481,0.30281,2.51144,1.43938,0.44329,2.63326,1.50930,0.12272,2.60200,1.35864,0.04914,2.54635,1.14591,0.02594,2.50963,1.14085,0.09212,2.56517,0.95032,-0.00782,2.57103,0.86214,-0.02038,2.60363,0.86004,0.04235,2.58149,0.78297,-0.00924,2.64570,1.49998,0.48963,2.64919,1.36205,0.56285,2.64323,1.14106,0.58914,2.61860,1.13186,0.51321,2.70695,1.05614,0.60456,2.80297,0.91707,0.59879,2.84324,0.94119,0.54058,2.86777,0.86608,0.59306,2.70597,1.02911,0.18126,2.70971,1.02348,0.43947,2.50428,1.03398,0.26564,2.50960,1.04156,0.36377,2.64444,0.93435,0.12527,2.74913,0.74429,0.14584,2.84800,0.58233,0.18477,2.89815,0.27897,0.18427,2.93434,0.10296,0.21037,2.89406,0.05558,0.28026,3.16622,0.10064,0.24196,3.06978,0.05466,0.16925,2.60903,0.92049,0.50771,2.55006,0.63633,0.46240,2.50817,0.53270,0.44241,2.36266,0.42269,0.45555,2.20037,0.16074,0.40532,2.13697,0.12976,0.34244,2.38698,0.05570,0.36923,2.28954,0.03172,0.45524,0.00000,0.00000,0.00000,0.00000,0.00000,0.00000,0.00000,0.00000,0.00000,0.00000,0.00000,0.00000,0.00000,0.00000,0.00000,0.00000,0.00000,0.00000
5.06000,  507,2.69036,1.71481,0.22196,2.76118,1.79862,0.30881,2.68825,1.71186,0.40290,2.80744,1.72450,0.27839,2.59516,1.56690,0.31295,2.50255,1.22279,0.30629,2.51881,1.01787,0.31230,2.76922,1.09117,0.30190,2.69806,1.29009,0.30823,2.70464,1.45536,0.30046,2.52650,1.43979,0.44082,2.64683,1.50934,0.12045,2.61614,1.35838,0.04728,2.56167,1.14525,0.02499,2.52512,1.14008,0.09134,2.58061,0.94959,-0.00851,2.58655,0.86155,-0.02132,2.61935,0.85942,0.04152,2.59707,0.78239,-0.01016,2.66049,1.50053,0.48762,2.66409,1.36244,0.56051,2.65605,1.14148,0.58675,2.63126,1.13239,0.51068,2.71875,1.05591,0.60253,2.81305,0.91547,0.59690,2.85356,0.93894,0.53850,2.87721,0.86369,0.59105,2.72266,1.03038,0.18039,2.72568,1.02315,0.43790,2.52010,1.03458,0.26394,2.52525,1.04164,0.36203,2.66208,0.93636,0.12355,2.76327,0.74506,0.14372,2.86607,0.58505,0.18397,2.90914,0.27982,0.18202,2.93818,0.10276,0.20905,2.89585,0.05754,0.27985,3.17006,0.09134,0.23937,3.07133,0.04831,0.16807,2.62390,0.91918,0.50598,2.56699,0.63553,0.46070,2.52651,0.53102,0.44158,2.37811,0.42506,0.45448,2.20971,0.16790,0.40660,2.14439,0.14026,0.34324,2.38746,0.05543,0.36919,2.29050,0.03256,0.45527,0.00000,0.00000,0.00000,0.00000,0.00000,0.00000,0.00000,0.00000,0.00000,0.00000,0.00000,0.00000,0.00000,0.00000,0.00000,0.00000,0.00000,0.00000
5.07000,  508,2.70508,1.71553,0.21919,2.77608,1.79936,0.30591,2.70309,1.71307,0.40013,2.82221,1.72498,0.27565,2.60937,1.56770,0.31084,2.51762,1.22313,0.30567,2.53254,1.01786,0.30946,2.78493,1.09246,0.30122,2.71316,1.29118,0.30603,2.71897,1.45646,0.29818,2.54072,1.44056,0.44007,2.66054,1.50979,0.11813,2.63041,1.35849,0.04558,2.57702,1.14492,0.02402,2.54077,1.13974,0.09058,2.59627,0.94947,-0.00944,2.60262,0.86144,-0.02197,2.63544,0.85933,0.04080,2.61331,0.78233,-0.01101,2.67523,1.50165,0.48543,2.67863,1.36347,0.55816,2.66865,1.14237,0.58424,2.64137,1.13246,0.50809,2.73016,1.05601,0.60020,2.82265,0.91416,0.59500,2.86349,0.93696,0.53648,2.88595,0.86146,0.58920,2.73929,1.03202,0.17977,2.74111,1.02310,0.43666,2.53572,1.03586,0.26220,2.54086,1.04202,0.36071,2.67913,0.93955,0.12149,2.77931,0.74775,0.14131,2.88461,0.58909,0.18307,2.91965,0.28114,0.18000,2.94130,0.10280,0.20813,2.89714,0.05932,0.27932,3.17295,0.08397,0.23738,3.07248,0.04351,0.16689,2.63945,0.91822,0.50400,2.58525,0.63451,0.45911,2.54680,0.52938,0.44101,2.39551,0.42755,0.45404,2.21968,0.17529,0.40813,2.15371,0.15202,0.34446,2.38815,0.05496,0.36923,2.29159,0.03355,0.45534,0.00000,0.00000,0.00000,0.00000,0.00000,0.00000,0.00000,0.00000,0.00000,0.00000,0.00000,0.00000,0.00000,0.00000,0.00000,0.00000,0.00000,0.00000
5.08000,  509,2.71971,1.71670,0.21652,2.79092,1.80045,0.30312,2.71736,1.71458,0.39735,2.83677,1.72589,0.27297,2.62354,1.56879,0.30879,2.53263,1.22381,0.30453,2.54741,1.01863,0.30765,2.80041,1.09405,0.30130,2.72794,1.29264,0.30419,2.73325,1.45789,0.29607,2.55516,1.44181,0.43861,2.67432,1.51061,0.11604,2.64465,1.35902,0.04390,2.59253,1.14510,0.02305,2.55656,1.14011,0.08966,2.61245,0.94975,-0.01007,2.61914,0.86177,-0.02257,2.65239,0.85995,0.03977,2.63022,0.78270,-0.01179,2.68983,1.50328,0.48333,2.69298,1.36479,0.55596,2.68149,1.14385,0.58170,2.65258,1.13410,0.50609,2.74165,1.05671,0.59813,2.83163,0.91334,0.59321,2.87278,0.93524,0.53463,2.89416,0.85933,0.58732,2.75544,1.03411,0.17936,2.75619,1.02326,0.43543,2.55142,1.03778,0.26086,2.55618,1.04272,0.35946,2.69525,0.94328,0.11992,2.79749,0.75112,0.13897,2.90356,0.59230,0.18198,2.92910,0.28247,0.17824,2.94380,0.10317,0.20754,2.89789,0.06048,0.27875,3.17507,0.07863,0.23759,3.07369,0.04138,0.16614,2.65455,0.91709,0.50164,2.60506,0.63269,0.45759,2.56841,0.52704,0.44028,2.41506,0.42980,0.45377,2.23148,0.18328,0.40990,2.16498,0.16507,0.34622,2.38916,0.05439,0.36927,2.29316,0.03524,0.45551,0.00000,0.00000,0.00000,0.00000,0.00000,0.00000,0.00000,0.00000,0.00000,0.00000,0.00000,0.00000,0.00000,0.00000,0.00000,0.00000,0.00000,0.00000
5.09000,  510,2.73422,1.71800,0.21387,2.80552,1.80175,0.30031,2.73183,1.71628,0.39462,2.85118,1.72709,0.27041,2.63747,1.57015,0.30674,2.54786,1.22503,0.30364,2.56240,1.01957,0.30638,2.81555,1.09565,0.30197,2.74279,1.29444,0.30240,2.74747,1.45956,0.29416,2.56962,1.44343,0.43684,2.68823,1.51181,0.11408,2.65906,1.36001,0.04230,2.60818,1.14577,0.02204,2.57251,1.14065,0.08886,2.62903,0.95046,-0.01085,2.63622,0.86249,-0.02320,2.66990,0.86092,0.03884,2.64782,0.78353,-0.01241,2.70430,1.50520,0.48137,2.70701,1.36673,0.55400,2.69418,1.14583,0.57945,2.66536,1.13651,0.50341,2.75258,1.05771,0.59577,2.84018,0.91269,0.59157,2.88184,0.93379,0.53272,2.90186,0.85768,0.58554,2.77119,1.03667,0.17880,2.77103,1.02399,0.43404,2.56779,1.04045,0.26027,2.57112,1.04376,0.35819,2.71062,0.94699,0.11799,2.81622,0.75477,0.13667,2.92068,0.59423,0.18108,2.93730,0.28363,0.17691,2.94569,0.10372,0.20756,2.89825,0.06104,0.27877,3.17641,0.07509,0.23852,3.07439,0.04068,0.16580,2.67022,0.91613,0.49931,2.62636,0.63067,0.45641,2.59130,0.52419,0.43954,2.43647,0.43173,0.45374,2.24535,0.19164,0.41183,2.17854,0.17965,0.34829,2.39064,0.05352,0.36948,2.29536,0.03801,0.45550,0.00000,0.00000,0.00000,0.00000,0.00000,0.00000,0.00000,0.00000,0.00000,0.00000,0.00000,0.00000,0.00000,0.00000,0.00000,0.00000,0.00000,0.00000
5.10000,  511,2.74862,1.71939,0.21136,2.81993,1.80324,0.29757,2.74571,1.71836,0.39212,2.86547,1.72837,0.26794,2.65145,1.57161,0.30481,2.56246,1.22621,0.30237,2.57705,1.02067,0.30490,2.83038,1.09747,0.30281,2.75735,1.29632,0.30093,2.76161,1.46140,0.29236,2.58398,1.44527,0.43560,2.70222,1.51319,0.11232,2.67352,1.36134,0.04064,2.62392,1.14676,0.02091,2.58846,1.14162,0.08792,2.64614,0.95146,-0.01156,2.65383,0.86350,-0.02369,2.68728,0.86217,0.03860,2.66615,0.78467,-0.01293,2.71844,1.50734,0.47949,2.72109,1.36883,0.55209,2.70659,1.14800,0.57695,2.67867,1.13926,0.50051,2.76377,1.05916,0.59373,2.84842,0.91229,0.58992,2.89036,0.93254,0.53119,2.90906,0.85604,0.58392,2.78652,1.03938,0.17829,2.78517,1.02481,0.43269,2.58275,1.04243,0.25899,2.58578,1.04474,0.35704,2.72542,0.95013,0.11615,2.83371,0.75843,0.13474,2.93524,0.59513,0.17988,2.94433,0.28450,0.17616,2.94721,0.10415,0.20805,2.89853,0.06137,0.27867,3.17718,0.07227,0.23848,3.07501,0.04018,0.16506,2.68550,0.91495,0.49667,2.64880,0.62818,0.45527,2.61614,0.52136,0.43962,2.45946,0.43329,0.45402,2.26112,0.20102,0.41373,2.19429,0.19589,0.35011,2.39375,0.05222,0.37005,2.29816,0.04325,0.45586,0.00000,0.00000,0.00000,0.00000,0.00000,0.00000,0.00000,0.00000,0.00000,0.00000,0.00000,0.00000,0.00000,0.00000,0.00000,0.00000,0.00000,0.00000
5.11000,  512,2.76270,1.72082,0.20899,2.83415,1.80477,0.29502,2.75973,1.72030,0.38984,2.87962,1.72967,0.26579,2.66520,1.57321,0.30297,2.57675,1.22732,0.30090,2.59138,1.02171,0.30350,2.84480,1.09930,0.30370,2.77188,1.29829,0.29962,2.77564,1.46334,0.29071,2.59803,1.44695,0.43399,2.71634,1.51467,0.11075,2.68819,1.36277,0.03928,2.63977,1.14786,0.01955,2.60444,1.14263,0.08678,2.66365,0.95270,-0.01235,2.67202,0.86475,-0.02438,2.70555,0.86383,0.03786,2.68491,0.78598,-0.01333,2.73251,1.50969,0.47778,2.73492,1.37117,0.55021,2.71900,1.15040,0.57475,2.69190,1.14240,0.49816,2.77460,1.06109,0.59150,2.85655,0.91254,0.58876,2.89888,0.93157,0.52967,2.91618,0.85476,0.58243,2.80144,1.04225,0.17759,2.79889,1.02585,0.43113,2.59737,1.04406,0.25756,2.60006,1.04573,0.35583,2.73989,0.95282,0.11451,2.84938,0.76149,0.13326,2.94690,0.59544,0.17842,2.95033,0.28490,0.17591,2.94882,0.10454,0.20853,2.89882,0.06169,0.27876,3.17781,0.06953,0.23863,3.07512,0.03945,0.16468,2.70125,0.91395,0.49410,2.67215,0.62595,0.45489,2.64211,0.51855,0.43982,2.48372,0.43479,0.45448,2.27853,0.21164,0.41520,2.21242,0.21315,0.35181,2.39700,0.05100,0.37083,2.30230,0.05043,0.45627,0.00000,0.00000,0.00000,0.00000,0.00000,0.00000,0.00000,0.00000,0.00000,0.00000,0.00000,0.00000,0.00000,0.00000,0.00000,0.00000,0.00000,0.00000
5.12000,  513,2.77669,1.72218,0.20671,2.84816,1.80627,0.29258,2.77337,1.72242,0.38746,2.89345,1.73096,0.26370,2.67872,1.57472,0.30123,2.59066,1.22886,0.29917,2.60557,1.02269,0.30224,2.85889,1.10112,0.30461,2.78607,1.30016,0.29845,2.78959,1.46532,0.28938,2.61191,1.44888,0.43233,2.73046,1.51617,0.10930,2.70287,1.36445,0.03777,2.65564,1.14904,0.01827,2.62038,1.14380,0.08535,2.68144,0.95390,-0.01309,2.69074,0.86599,-0.02492,2.72412,0.86551,0.03757,2.70434,0.78739,-0.01356,2.74608,1.51201,0.47611,2.74861,1.37362,0.54866,2.73110,1.15284,0.57246,2.70625,1.14555,0.49619,2.78547,1.06288,0.58981,2.86461,0.91263,0.58760,2.90714,0.93081,0.52851,2.92295,0.85345,0.58107,2.81608,1.04509,0.17688,2.81258,1.02702,0.42967,2.61178,1.04566,0.25581,2.61396,1.04680,0.35436,2.75424,0.95480,0.11268,2.86329,0.76331,0.13199,2.95721,0.59513,0.17667,2.95575,0.28491,0.17609,2.95035,0.10502,0.20893,2.89912,0.06178,0.27903,3.17819,0.06755,0.23915,3.07526,0.03919,0.16473,2.71674,0.91312,0.49128,2.69614,0.62368,0.45424,2.66883,0.51611,0.44037,2.50903,0.43616,0.45528,2.29779,0.22228,0.41669,2.23370,0.23081,0.35287,2.40147,0.04962,0.37120,2.30761,0.05951,0.45633,0.00000,0.00000,0.00000,0.00000,0.00000,0.00000,0.00000,0.00000,0.00000,0.00000,0.00000,0.00000,0.00000,0.00000,0.00000,0.00000,0.00000,0.00000
5.13000,  514,2.79046,1.72346,0.20462,2.86193,1.80781,0.29023,2.78704,1.72452,0.38561,2.90714,1.73225,0.26168,2.69212,1.57619,0.29974,2.60462,1.23040,0.29736,2.61976,1.02368,0.30067,2.87254,1.10292,0.30507,2.80014,1.30215,0.29749,2.80327,1.46714,0.28824,2.62537,1.45052,0.43101,2.74466,1.51776,0.10806,2.71775,1.36594,0.03628,2.67155,1.15026,0.01671,2.63632,1.14489,0.08395,2.69958,0.95515,-0.01400,2.70983,0.86733,-0.02558,2.74340,0.86727,0.03665,2.72427,0.78884,-0.01371,2.75920,1.51422,0.47468,2.76184,1.37590,0.54715,2.74311,1.15521,0.57056,2.71934,1.14829,0.49387,2.79583,1.06481,0.58780,2.87261,0.91300,0.58689,2.91526,0.93005,0.52745,2.92976,0.85237,0.57988,2.83040,1.04761,0.17601,2.82578,1.02820,0.42816,2.62611,1.04732,0.25418,2.62758,1.04787,0.35241,2.76842,0.95661,0.11089,2.87542,0.76371,0.13087,2.96676,0.59420,0.17519,2.96074,0.28474,0.17639,2.95155,0.10530,0.20998,2.89935,0.06176,0.27923,3.17825,0.06605,0.23972,3.07538,0.03908,0.16483,2.73208,0.91259,0.48863,2.72126,0.62208,0.45430,2.69578,0.51415,0.44071,2.53508,0.43807,0.45626,2.31847,0.23284,0.41750,2.25707,0.24739,0.35343,2.40756,0.04796,0.37245,2.31405,0.06953,0.45639,0.00000,0.00000,0.00000,0.00000,0.00000,0.00000,0.00000,0.00000,0.00000,0.00000,0.00000,0.00000,0.00000,0.00000,0.00000,0.00000,0.00000,0.00000
5.14000,  515,2.80404,1.72486,0.20277,2.87560,1.80944,0.28792,2.80016,1.72696,0.38366,2.92067,1.73373,0.25996,2.70546,1.57785,0.29823,2.61829,1.23193,0.29559,2.63314,1.02460,0.29880,2.88590,1.10449,0.30515,2.81381,1.30397,0.29682,2.81692,1.46902,0.28728,2.63852,1.45231,0.42931,2.75884,1.51938,0.10684,2.73272,1.36749,0.03494,2.68765,1.15153,0.01502,2.65236,1.14599,0.08219,2.71804,0.95640,-0.01508,2.72937,0.86876,-0.02610,2.76268,0.86930,0.03644,2.74480,0.79043,-0.01394,2.77193,1.51625,0.47353,2.77476,1.37800,0.54562,2.75449,1.15708,0.56855,2.73144,1.15076,0.49170,2.80616,1.06638,0.58628,2.88049,0.91342,0.58628,2.92336,0.92940,0.52649,2.93659,0.85130,0.57884,2.84450,1.05004,0.17494,2.83895,1.02930,0.42648,2.63981,1.04907,0.25208,2.64104,1.04904,0.35056,2.78244,0.95831,0.10903,2.88600,0.76296,0.13021,2.97568,0.59280,0.17452,2.96507,0.28424,0.17706,2.95258,0.10533,0.21077,2.89950,0.06173,0.27942,3.17864,0.06464,0.24010,3.07540,0.03898,0.16478,2.74745,0.91262,0.48637,2.74602,0.62118,0.45409,2.72281,0.51296,0.44099,2.56160,0.44032,0.45715,2.34051,0.24264,0.41772,2.28372,0.26333,0.35380,2.41377,0.04614,0.37374,2.32260,0.08046,0.45618,0.00000,0.00000,0.00000,0.00000,0.00000,0.00000,0.00000,0.00000,0.00000,0.00000,0.00000,0.00000,0.00000,0.00000,0.00000,0.00000,0.00000,0.00000
5.15000,  516,2.81749,1.72634,0.20108,2.88910,1.81129,0.28591,2.81337,1.72926,0.38191,2.93403,1.73518,0.25833,2.71865,1.57970,0.29680,2.63181,1.23385,0.29342,2.64613,1.02598,0.29647,2.89899,1.10598,0.30449,2.82722,1.30576,0.29619,2.83033,1.47096,0.28649,2.65143,1.45415,0.42761,2.77303,1.52098,0.10568,2.74794,1.36902,0.03362,2.70390,1.15271,0.01339,2.66827,1.14686,0.08009,2.73668,0.95776,-0.01597,2.74920,0.87011,-0.02651,2.78203,0.87132,0.03640,2.76572,0.79213,-0.01396,2.78429,1.51821,0.47252,2.78710,1.37977,0.54418,2.76594,1.15907,0.56671,2.74234,1.15307,0.49004,2.81633,1.06778,0.58510,2.88852,0.91368,0.58572,2.93140,0.92878,0.52585,2.94335,0.85037,0.57804,2.85850,1.05220,0.17358,2.85177,1.03061,0.42510,2.65366,1.05095,0.24998,2.65407,1.05048,0.34833,2.79632,0.96009,0.10742,2.89558,0.76190,0.12961,2.98458,0.59142,0.17436,2.96889,0.28349,0.17809,2.95342,0.10549,0.21136,2.89963,0.06164,0.27961,3.17918,0.06332,0.24044,3.07548,0.03894,0.16482,2.76227,0.91311,0.48403,2.77069,0.62125,0.45391,2.74960,0.51235,0.44121,2.58733,0.44229,0.45675,2.36365,0.25179,0.41763,2.31182,0.27725,0.35350,2.42092,0.04341,0.37486,2.33375,0.09161,0.45589,0.00000,0.00000,0.00000,0.00000,0.00000,0.00000,0.00000,0.00000,0.00000,0.00000,0.00000,0.00000,0.00000,0.00000,0.00000,0.00000,0.00000,0.00000
5.16000,  517,2.83075,1.72787,0.19958,2.90245,1.81309,0.28406,2.82659,1.73183,0.38043,2.94735,1.73686,0.25687,2.73188,1.58166,0.29541,2.64503,1.23582,0.29149,2.65912,1.02759,0.29407,2.91211,1.10761,0.30318,2.84036,1.30761,0.29577,2.84350,1.47282,0.28576,2.66464,1.45598,0.42442,2.78720,1.52274,0.10463,2.76324,1.37059,0.03235,2.72040,1.15404,0.01154,2.68425,1.14787,0.07788,2.75566,0.95911,-0.01686,2.76926,0.87166,-0.02691,2.80138,0.87358,0.03647,2.78702,0.79408,-0.01391,2.79652,1.52018,0.47161,2.79917,1.38147,0.54312,2.77707,1.16079,0.56518,2.75274,1.15523,0.48818,2.82613,1.06919,0.58395,2.89627,0.91401,0.58526,2.93938,0.92821,0.52519,2.95006,0.84957,0.57742,2.87177,1.05403,0.17226,2.86439,1.03204,0.42373,2.66700,1.05305,0.24771,2.66685,1.05204,0.34606,2.81031,0.96223,0.10529,2.90420,0.76128,0.12903,2.99281,0.59055,0.17459,2.97235,0.28274,0.17891,2.95419,0.10567,0.21212,2.89979,0.06160,0.27979,3.17957,0.06222,0.24080,3.07550,0.03889,0.16492,2.77706,0.91394,0.48203,2.79442,0.62225,0.45382,2.77652,0.51311,0.44148,2.61435,0.44538,0.45722,2.38744,0.26038,0.41689,2.34030,0.28939,0.35222,2.42868,0.04018,0.37663,2.34698,0.10227,0.45495,0.00000,0.00000,0.00000,0.00000,0.00000,0.00000,0.00000,0.00000,0.00000,0.00000,0.00000,0.00000,0.00000,0.00000,0.00000,0.00000,0.00000,0.00000
5.17000,  518,2.84386,1.72959,0.19834,2.91572,1.81506,0.28245,2.83958,1.73427,0.37911,2.96040,1.73857,0.25549,2.74487,1.58385,0.29426,2.65810,1.23793,0.28939,2.67183,1.02963,0.29166,2.92495,1.10938,0.30125,2.85329,1.30943,0.29521,2.85628,1.47472,0.28536,2.67679,1.45796,0.42236,2.80134,1.52467,0.10368,2.77880,1.37225,0.03139,2.73712,1.15559,0.00961,2.70036,1.14910,0.07556,2.77470,0.96072,-0.01758,2.78954,0.87347,-0.02718,2.82164,0.87623,0.03617,2.80887,0.79645,-0.01393,2.80840,1.52212,0.47075,2.81045,1.38327,0.54202,2.78792,1.16263,0.56366,2.76261,1.15728,0.48687,2.83547,1.07024,0.58282,2.90403,0.91453,0.58492,2.94748,0.92781,0.52483,2.95695,0.84914,0.57720,2.88493,1.05560,0.17072,2.87690,1.03391,0.42250,2.68016,1.05578,0.24573,2.67952,1.05391,0.34371,2.82400,0.96469,0.10326,2.91271,0.76141,0.12833,3.00035,0.59050,0.17483,2.97547,0.28206,0.18019,2.95493,0.10584,0.21280,2.89993,0.06159,0.27992,3.17998,0.06110,0.24104,3.07553,0.03887,0.16497,2.79156,0.91524,0.48015,2.81739,0.62382,0.45372,2.80300,0.51434,0.44188,2.64207,0.44854,0.45760,2.41235,0.26844,0.41625,2.36898,0.29930,0.35017,2.43651,0.03658,0.37977,2.36195,0.11223,0.45346,0.00000,0.00000,0.00000,0.00000,0.00000,0.00000,0.00000,0.00000,0.00000,0.00000,0.00000,0.00000,0.00000,0.00000,0.00000,0.00000,0.00000,0.00000
5.18000,  519,2.85674,1.73144,0.19727,2.92898,1.81710,0.28095,2.85277,1.73695,0.37799,2.97342,1.74044,0.25434,2.75788,1.58619,0.29318,2.67097,1.24015,0.28729,2.68404,1.03213,0.28951,2.93741,1.11128,0.29913,2.86597,1.31153,0.29475,2.86904,1.47687,0.28494,2.68881,1.46005,0.42076,2.81526,1.52684,0.10282,2.79433,1.37420,0.03046,2.75408,1.15729,0.00788,2.71666,1.15049,0.07318,2.79423,0.96270,-0.01852,2.81012,0.87549,-0.02734,2.84194,0.87903,0.03602,2.83072,0.79882,-0.01381,2.81993,1.52402,0.47011,2.82109,1.38503,0.54132,2.79873,1.16432,0.56209,2.77233,1.15922,0.48540,2.84485,1.07159,0.58182,2.91163,0.91507,0.58479,2.95495,0.92746,0.52468,2.96357,0.84895,0.57719,2.89791,1.05717,0.16884,2.88888,1.03606,0.42137,2.69258,1.05823,0.24351,2.69196,1.05601,0.34155,2.83810,0.96749,0.10100,2.92173,0.76210,0.12764,3.00761,0.59048,0.17518,2.97809,0.28168,0.18092,2.95548,0.10600,0.21329,2.90002,0.06165,0.28000,3.18023,0.06046,0.24112,3.07558,0.03890,0.16492,2.80482,0.91665,0.47855,2.83989,0.62613,0.45381,2.82965,0.51641,0.44271,2.66982,0.45166,0.45788,2.43678,0.27614,0.41510,2.39699,0.30723,0.34691,2.44932,0.03643,0.38501,2.37964,0.12151,0.45225,0.00000,0.00000,0.00000,0.00000,0.00000,0.00000,0.00000,0.00000,0.00000,0.00000,0.00000,0.00000,0.00000,0.00000,0.00000,0.00000,0.00000,0.00000
5.19000,  520,2.86961,1.73336,0.19636,2.94223,1.81911,0.27958,2.86583,1.73956,0.37702,2.98637,1.74227,0.25321,2.77060,1.58849,0.29209,2.68359,1.24242,0.28511,2.69648,1.03448,0.28771,2.94982,1.11337,0.29679,2.87846,1.31368,0.29429,2.88143,1.47907,0.28457,2.70069,1.46217,0.41909,2.82916,1.52919,0.10216,2.80987,1.37648,0.02951,2.77134,1.15928,0.00608,2.73291,1.15216,0.07085,2.81380,0.96486,-0.01911,2.83095,0.87784,-0.02749,2.86217,0.88212,0.03613,2.85306,0.80197,-0.01368,2.83147,1.52604,0.46951,2.83152,1.38684,0.54044,2.80932,1.16622,0.56085,2.78217,1.16131,0.48421,2.85399,1.07306,0.58105,2.91904,0.91577,0.58477,2.96283,0.92750,0.52466,2.97012,0.84905,0.57739,2.91037,1.05839,0.16709,2.90083,1.03852,0.42027,2.70508,1.06069,0.24145,2.70408,1.05832,0.33956,2.84976,0.96952,0.09998,2.93150,0.76335,0.12722,3.01461,0.59014,0.17561,2.98012,0.28177,0.18119,2.95595,0.10614,0.21353,2.90011,0.06170,0.28004,3.18048,0.05989,0.24121,3.07559,0.03886,0.16488,2.81656,0.91791,0.47741,2.86157,0.62852,0.45363,2.85613,0.51916,0.44373,2.69731,0.45465,0.45855,2.46057,0.28350,0.41319,2.42393,0.31326,0.34304,2.47305,0.04469,0.38948,2.40144,0.13106,0.45288,0.00000,0.00000,0.00000,0.00000,0.00000,0.00000,0.00000,0.00000,0.00000,0.00000,0.00000,0.00000,0.00000,0.00000,0.00000,0.00000,0.00000,0.00000
5.20000,  521,2.88235,1.73546,0.19554,2.95541,1.82116,0.27832,2.87904,1.74233,0.37635,2.99926,1.74408,0.25211,2.78320,1.59096,0.29128,2.69596,1.24501,0.28340,2.70830,1.03718,0.28580,2.96192,1.11555,0.29459,2.89084,1.31599,0.29366,2.89387,1.48132,0.28425,2.71222,1.46448,0.41756,2.84290,1.53176,0.10164,2.82535,1.37902,0.02861,2.78865,1.16162,0.00439,2.74945,1.15406,0.06841,2.83377,0.96748,-0.01970,2.85194,0.88055,-0.02749,2.88283,0.88566,0.03616,2.87576,0.80524,-0.01355,2.84274,1.52820,0.46895,2.84145,1.38864,0.53968,2.81951,1.16838,0.55965,2.79251,1.16392,0.48355,2.86304,1.07475,0.58023,2.92621,0.91675,0.58456,2.97060,0.92779,0.52498,2.97658,0.84944,0.57806,2.92256,1.05965,0.16505,2.91248,1.04120,0.41921,2.71716,1.06360,0.23976,2.71614,1.06072,0.33788,2.86118,0.97152,0.09882,2.94174,0.76484,0.12682,3.02110,0.58976,0.17591,2.98155,0.28218,0.18122,2.95636,0.10636,0.21369,2.90012,0.06179,0.27999,3.18065,0.05942,0.24125,3.07561,0.03879,0.16479,2.82826,0.91958,0.47633,2.88307,0.63143,0.45357,2.88231,0.52261,0.44465,2.72453,0.45869,0.45975,2.48525,0.28941,0.41026,2.44920,0.31741,0.33930,2.50252,0.05197,0.39398,2.42817,0.13845,0.45463,0.00000,0.00000,0.00000,0.00000,0.00000,0.00000,0.00000,0.00000,0.00000,0.00000,0.00000,0.00000,0.00000,0.00000,0.00000,0.00000,0.00000,0.00000
5.21000,  522,2.89492,1.73765,0.19494,2.96864,1.82327,0.27719,2.89231,1.74518,0.37568,3.01211,1.74585,0.25107,2.79556,1.59349,0.29044,2.70821,1.24756,0.28180,2.72019,1.04018,0.28435,2.97392,1.11780,0.29248,2.90298,1.31850,0.29301,2.90619,1.48378,0.28407,2.72370,1.46683,0.41589,2.85655,1.53455,0.10115,2.84075,1.38188,0.02783,2.80625,1.16409,0.00283,2.76588,1.15630,0.06617,2.85399,0.97040,-0.02015,2.87330,0.88363,-0.02753,2.90323,0.88936,0.03655,2.89858,0.80897,-0.01324,2.85395,1.53048,0.46850,2.85171,1.39075,0.53910,2.82938,1.17038,0.55839,2.80491,1.16639,0.48267,2.87196,1.07675,0.57957,2.93311,0.91792,0.58477,2.97842,0.92844,0.52558,2.98293,0.85017,0.57895,2.93461,1.06092,0.16280,2.92424,1.04413,0.41805,2.72924,1.06615,0.23839,2.72800,1.06352,0.33630,2.87213,0.97343,0.09738,2.95177,0.76639,0.12646,3.02676,0.58948,0.17603,2.98313,0.28268,0.18116,2.95671,0.10655,0.21381,2.90016,0.06195,0.27993,3.18080,0.05908,0.24123,3.07560,0.03873,0.16472,2.84242,0.92356,0.47442,2.90470,0.63497,0.45377,2.90794,0.52682,0.44552,2.75015,0.46387,0.45997,2.51001,0.29381,0.40708,2.47364,0.31967,0.33603,2.53520,0.05730,0.39880,2.45817,0.14316,0.45675,0.00000,0.00000,0.00000,0.00000,0.00000,0.00000,0.00000,0.00000,0.00000,0.00000,0.00000,0.00000,0.00000,0.00000,0.00000,0.00000,0.00000,0.00000
5.22000,  523,2.90744,1.74000,0.19440,2.98197,1.82540,0.27605,2.90571,1.74795,0.37512,3.02487,1.74772,0.24996,2.80784,1.59619,0.28969,2.72025,1.25034,0.27996,2.73214,1.04295,0.28330,2.98566,1.12025,0.29082,2.91450,1.32106,0.29243,2.91831,1.48635,0.28394,2.73517,1.46941,0.41446,2.86998,1.53758,0.10074,2.85612,1.38493,0.02711,2.82382,1.16686,0.00128,2.78266,1.15862,0.06389,2.87438,0.97363,-0.02056,2.89480,0.88706,-0.02739,2.92417,0.89352,0.03681,2.92164,0.81316,-0.01310,2.86502,1.53287,0.46807,2.86122,1.39292,0.53840,2.83917,1.17277,0.55719,2.81741,1.16765,0.48019,2.88069,1.07904,0.57888,2.94025,0.91952,0.58503,2.98619,0.92945,0.52649,2.98939,0.85129,0.58005,2.94627,1.06266,0.16076,2.93604,1.04715,0.41686,2.74100,1.06905,0.23718,2.73981,1.06625,0.33491,2.88477,0.97596,0.09540,2.96120,0.76790,0.12607,3.03166,0.58924,0.17561,2.98466,0.28299,0.18101,2.95698,0.10673,0.21386,2.90015,0.06207,0.27985,3.18088,0.05884,0.24120,3.07560,0.03867,0.16461,2.86234,0.92791,0.47211,2.92611,0.63921,0.45432,2.93307,0.53181,0.44636,2.77511,0.47034,0.45862,2.53839,0.29852,0.40549,2.49803,0.32020,0.33346,2.57035,0.06216,0.40245,2.49126,0.14675,0.45960,0.00000,0.00000,0.00000,0.00000,0.00000,0.00000,0.00000,0.00000,0.00000,0.00000,0.00000,0.00000,0.00000,0.00000,0.00000,0.00000,0.00000,0.00000
5.23000,  524,2.91958,1.74230,0.19419,2.99536,1.82752,0.27500,2.91919,1.75080,0.37481,3.03759,1.74948,0.24885,2.81996,1.59892,0.28917,2.73245,1.25300,0.27879,2.74386,1.04619,0.28229,2.99709,1.12289,0.28943,2.92640,1.32373,0.29177,2.93028,1.48904,0.28389,2.74638,1.47208,0.41327,2.88326,1.54062,0.10049,2.87145,1.38815,0.02647,2.84155,1.16970,-0.00012,2.79926,1.16113,0.06172,2.89495,0.97713,-0.02092,2.91661,0.89081,-0.02739,2.94548,0.89806,0.03692,2.94497,0.81766,-0.01279,2.87602,1.53540,0.46765,2.87091,1.39518,0.53768,2.84874,1.17538,0.55621,2.82849,1.17021,0.47864,2.88932,1.08138,0.57830,2.94689,0.92126,0.58515,2.99388,0.93070,0.52745,2.99565,0.85264,0.58128,2.95763,1.06472,0.15890,2.94785,1.05023,0.41537,2.75246,1.07156,0.23583,2.75152,1.06923,0.33407,2.89270,0.97710,0.09542,2.96911,0.76875,0.12611,3.03565,0.58896,0.17505,2.98617,0.28305,0.18089,2.95728,0.10695,0.21389,2.90018,0.06226,0.27974,3.18095,0.05860,0.24111,3.07559,0.03855,0.16447,2.87378,0.93090,0.47177,2.94724,0.64411,0.45499,2.95723,0.53731,0.44657,2.79975,0.47646,0.45588,2.56667,0.30139,0.40401,2.52322,0.31909,0.33138,2.60713,0.06643,0.40533,2.52577,0.14920,0.46222,0.00000,0.00000,0.00000,0.00000,0.00000,0.00000,0.00000,0.00000,0.00000,0.00000,0.00000,0.00000,0.00000,0.00000,0.00000,0.00000,0.00000,0.00000
5.24000,  525,2.93171,1.74486,0.19398,3.00884,1.82959,0.27392,2.93278,1.75372,0.37461,3.05021,1.75116,0.24759,2.83187,1.60179,0.28859,2.74426,1.25581,0.27744,2.75547,1.04905,0.28147,3.00856,1.12569,0.28811,2.93794,1.32659,0.29129,2.94218,1.49177,0.28366,2.75754,1.47475,0.41190,2.89638,1.54379,0.10020,2.88672,1.39155,0.02587,2.85923,1.17284,-0.00142,2.81553,1.16391,0.05891,2.91578,0.98088,-0.02119,2.93871,0.89490,-0.02717,2.96545,0.90230,0.03787,2.96829,0.82241,-0.01226,2.88692,1.53800,0.46729,2.88081,1.39770,0.53715,2.85824,1.17798,0.55536,2.83950,1.17291,0.47748,2.89796,1.08390,0.57775,2.95371,0.92328,0.58560,3.00162,0.93221,0.52853,3.00190,0.85431,0.58261,2.96901,1.06706,0.15714,2.95970,1.05341,0.41389,2.76410,1.07414,0.23490,2.76315,1.07209,0.33315,2.90321,0.97902,0.09453,2.97704,0.76985,0.12572,3.03956,0.58861,0.17437,2.98762,0.28306,0.18087,2.95756,0.10713,0.21391,2.90014,0.06246,0.27946,3.18101,0.05840,0.24100,3.07533,0.03846,0.16437,2.88297,0.93354,0.47113,2.96822,0.64930,0.45531,2.98097,0.54329,0.44701,2.82496,0.48188,0.45249,2.59505,0.30232,0.40219,2.54906,0.31640,0.32949,2.64482,0.06961,0.40770,2.56112,0.15030,0.46452,0.00000,0.00000,0.00000,0.00000,0.00000,0.00000,0.00000,0.00000,0.00000,0.00000,0.00000,0.00000,0.00000,0.00000,0.00000,0.00000,0.00000,0.00000
5.25000,  526,2.94359,1.74741,0.19389,3.02245,1.83155,0.27291,2.94683,1.75659,0.37459,3.06275,1.75272,0.24626,2.84372,1.60469,0.28797,2.75617,1.25860,0.27594,2.76702,1.05178,0.28080,3.01987,1.12866,0.28724,2.94953,1.32947,0.29082,2.95380,1.49469,0.28368,2.76871,1.47743,0.41059,2.90924,1.54714,0.10005,2.90186,1.39501,0.02540,2.87701,1.17599,-0.00283,2.83178,1.16672,0.05595,2.93667,0.98483,-0.02145,2.96092,0.89927,-0.02708,2.98632,0.90700,0.03857,2.99176,0.82743,-0.01169,2.89773,1.54063,0.46694,2.89056,1.40032,0.53664,2.86718,1.18064,0.55424,2.84870,1.17667,0.47674,2.90621,1.08665,0.57728,2.96046,0.92545,0.58590,3.00935,0.93389,0.52972,3.00818,0.85608,0.58404,2.98000,1.06958,0.15587,2.97151,1.05646,0.41239,2.77571,1.07691,0.23409,2.77475,1.07511,0.33244,2.91405,0.98096,0.09382,2.98499,0.77099,0.12504,3.04304,0.58831,0.17380,2.98892,0.28311,0.18089,2.95782,0.10736,0.21393,2.90018,0.06267,0.27926,3.18106,0.05819,0.24094,3.07527,0.03835,0.16422,2.89491,0.93683,0.47031,2.98887,0.65496,0.45601,3.00451,0.54942,0.44746,2.85012,0.48667,0.44900,2.62345,0.30125,0.40020,2.57603,0.31245,0.32801,2.68280,0.07122,0.40975,2.59731,0.14989,0.46646,0.00000,0.00000,0.00000,0.00000,0.00000,0.00000,0.00000,0.00000,0.00000,0.00000,0.00000,0.00000,0.00000,0.00000,0.00000,0.00000,0.00000,0.00000
5.26000,  527,2.95541,1.75006,0.19388,3.03610,1.83347,0.27182,2.96085,1.75937,0.37450,3.07523,1.75415,0.24490,2.85537,1.60748,0.28750,2.76796,1.26132,0.27463,2.77857,1.05466,0.28030,3.03108,1.13170,0.28640,2.96095,1.33235,0.29034,2.96540,1.49749,0.28358,2.77944,1.48000,0.41034,2.92190,1.55034,0.09990,2.91689,1.39840,0.02503,2.89468,1.17923,-0.00412,2.84864,1.16931,0.05398,2.95761,0.98877,-0.02159,2.98332,0.90379,-0.02669,3.00722,0.91182,0.03920,3.01529,0.83251,-0.01092,2.90835,1.54341,0.46652,2.90039,1.40300,0.53622,2.87616,1.18328,0.55324,2.85702,1.17858,0.47467,2.91449,1.08922,0.57697,2.96731,0.92771,0.58623,3.01694,0.93568,0.53085,3.01452,0.85805,0.58549,2.99104,1.07235,0.15484,2.98340,1.05967,0.41094,2.78752,1.07962,0.23357,2.78621,1.07808,0.33141,2.92444,0.98282,0.09329,2.99162,0.77183,0.12458,3.04655,0.58818,0.17330,2.98989,0.28321,0.18085,2.95802,0.10755,0.21399,2.90018,0.06288,0.27915,3.18115,0.05800,0.24084,3.07526,0.03826,0.16407,2.90813,0.94024,0.46972,3.00945,0.66064,0.45665,3.02768,0.55575,0.44769,2.87542,0.49078,0.44570,2.65248,0.29886,0.39910,2.60453,0.30681,0.32583,2.72095,0.07156,0.41168,2.63226,0.14760,0.46727,0.00000,0.00000,0.00000,0.00000,0.00000,0.00000,0.00000,0.00000,0.00000,0.00000,0.00000,0.00000,0.00000,0.00000,0.00000,0.00000,0.00000,0.00000
5.27000,  528,2.96707,1.75277,0.19395,3.04980,1.83511,0.27080,2.97554,1.76212,0.37482,3.08764,1.75540,0.24329,2.86702,1.61025,0.28714,2.77977,1.26401,0.27350,2.78989,1.05729,0.27967,3.04242,1.13500,0.28536,2.97236,1.33515,0.28991,2.97695,1.50034,0.28347,2.79043,1.48254,0.40921,2.93426,1.55362,0.09973,2.93167,1.40197,0.02467,2.91233,1.18259,-0.00535,2.86524,1.17215,0.05159,2.97866,0.99309,-0.02172,3.00612,0.90868,-0.02649,3.02849,0.91689,0.03994,3.03877,0.83788,-0.01016,2.91907,1.54603,0.46616,2.91003,1.40562,0.53583,2.88492,1.18601,0.55235,2.86531,1.18148,0.47339,2.92242,1.09174,0.57648,2.97415,0.92997,0.58652,3.02471,0.93753,0.53208,3.02087,0.86010,0.58686,3.00286,1.07534,0.15376,2.99508,1.06275,0.40949,2.79887,1.08213,0.23268,2.79769,1.08105,0.33060,2.93619,0.98494,0.09242,2.99812,0.77267,0.12412,3.04984,0.58805,0.17283,2.99077,0.28332,0.18077,2.95817,0.10776,0.21401,2.90018,0.06307,0.27905,3.18121,0.05788,0.24077,3.07525,0.03820,0.16394,2.92101,0.94361,0.46911,3.02907,0.66610,0.45671,3.05041,0.56212,0.44812,2.90055,0.49399,0.44304,2.68195,0.29505,0.39799,2.63419,0.30041,0.32543,2.75948,0.07101,0.41397,2.66766,0.14400,0.46811,0.00000,0.00000,0.00000,0.00000,0.00000,0.00000,0.00000,0.00000,0.00000,0.00000,0.00000,0.00000,0.00000,0.00000,0.00000,0.00000,0.00000,0.00000
5.28000,  529,2.97854,1.75542,0.19408,3.06357,1.83664,0.26971,2.99047,1.76468,0.37517,3.10001,1.75644,0.24155,2.87845,1.61292,0.28681,2.79149,1.26640,0.27227,2.80128,1.06001,0.27928,3.05371,1.13825,0.28434,2.98368,1.33797,0.28962,2.98834,1.50312,0.28342,2.80188,1.48491,0.40735,2.94644,1.55682,0.09953,2.94617,1.40541,0.02440,2.92997,1.18583,-0.00651,2.88180,1.17467,0.04927,2.99965,0.99754,-0.02189,3.02845,0.91352,-0.02596,3.04973,0.92225,0.04076,3.06228,0.84331,-0.00921,2.92965,1.54860,0.46581,2.91979,1.40812,0.53554,2.89387,1.18872,0.55179,2.87387,1.18447,0.47248,2.93043,1.09434,0.57618,2.98082,0.93223,0.58676,3.03247,0.93942,0.53317,3.02742,0.86213,0.58815,3.01256,1.07767,0.15344,3.00690,1.06592,0.40839,2.81007,1.08428,0.23181,2.80922,1.08383,0.32985,2.94658,0.98685,0.09117,3.00502,0.77361,0.12348,3.05290,0.58798,0.17253,2.99183,0.28348,0.18057,2.95830,0.10796,0.21403,2.90018,0.06320,0.27898,3.18127,0.05778,0.24070,3.07524,0.03815,0.16385,2.93407,0.94702,0.46837,3.04813,0.67141,0.45653,3.07243,0.56833,0.44819,2.92528,0.49625,0.44105,2.71172,0.29010,0.39700,2.66434,0.29218,0.32390,2.79937,0.06999,0.41606,2.70393,0.13924,0.46855,0.00000,0.00000,0.00000,0.00000,0.00000,0.00000,0.00000,0.00000,0.00000,0.00000,0.00000,0.00000,0.00000,0.00000,0.00000,0.00000,0.00000,0.00000
5.29000,  530,2.99002,1.75796,0.19432,3.07737,1.83793,0.26864,3.00510,1.76691,0.37539,3.11210,1.75726,0.23978,2.88988,1.61536,0.28655,2.80332,1.26874,0.27123,2.81267,1.06246,0.27867,3.06505,1.14141,0.28330,2.99515,1.34082,0.28916,2.99966,1.50576,0.28323,2.81294,1.48719,0.40636,2.95836,1.55988,0.09954,2.96052,1.40894,0.02395,2.94748,1.18909,-0.00766,2.89891,1.17691,0.04752,3.02062,1.00189,-0.02182,3.05106,0.91855,-0.02553,3.07099,0.92749,0.04163,3.08576,0.84890,-0.00809,2.94030,1.55090,0.46542,2.92939,1.41052,0.53516,2.90259,1.19127,0.55113,2.88275,1.18725,0.47177,2.93825,1.09663,0.57597,2.98792,0.93436,0.58718,3.04031,0.94128,0.53427,3.03393,0.86396,0.58931,3.02350,1.07997,0.15270,3.01842,1.06896,0.40732,2.82142,1.08677,0.23107,2.82077,1.08642,0.32918,2.95630,0.98834,0.09004,3.01196,0.77446,0.12354,3.05559,0.58780,0.17215,2.99290,0.28367,0.18041,2.95845,0.10814,0.21403,2.90019,0.06333,0.27889,3.18132,0.05768,0.24063,3.07521,0.03808,0.16373,2.94702,0.95016,0.46781,3.06696,0.67677,0.45646,3.09402,0.57458,0.44822,2.94968,0.49776,0.43972,2.74205,0.28382,0.39628,2.69505,0.28312,0.32258,2.84003,0.06836,0.41805,2.74050,0.13347,0.46898,0.00000,0.00000,0.00000,0.00000,0.00000,0.00000,0.00000,0.00000,0.00000,0.00000,0.00000,0.00000,0.00000,0.00000,0.00000,0.00000,0.00000,0.00000
5.30000,  531,3.00124,1.76054,0.19470,3.09119,1.83895,0.26749,3.01979,1.76886,0.37550,3.12425,1.75783,0.23785,2.90125,1.61768,0.28632,2.81517,1.27083,0.27024,2.82435,1.06462,0.27834,3.07634,1.14433,0.28204,3.00657,1.34340,0.28885,3.01105,1.50826,0.28299,2.82393,1.48918,0.40556,2.97009,1.56289,0.09931,2.97444,1.41215,0.02371,2.96494,1.19232,-0.00871,2.91566,1.17956,0.04574,3.04154,1.00644,-0.02176,3.07379,0.92364,-0.02506,3.09210,0.93274,0.04256,3.10910,0.85441,-0.00703,2.95105,1.55308,0.46520,2.93904,1.41278,0.53501,2.91137,1.19359,0.55045,2.89176,1.18962,0.47094,2.94630,1.09885,0.57593,2.99404,0.93609,0.58671,3.04822,0.94296,0.53550,3.04038,0.86561,0.59037,3.03448,1.08209,0.15189,3.03001,1.07187,0.40634,2.83256,1.08883,0.23043,2.83228,1.08884,0.32853,2.96713,0.98990,0.08936,3.01710,0.77485,0.12219,3.05800,0.58771,0.17175,2.99413,0.28393,0.18034,2.95857,0.10832,0.21411,2.90018,0.06348,0.27880,3.18141,0.05762,0.24056,3.07521,0.03805,0.16368,2.96019,0.95313,0.46744,3.08543,0.68241,0.45647,3.11486,0.58044,0.44821,2.97405,0.49851,0.43908,2.77318,0.27656,0.39570,2.72632,0.27275,0.32134,2.88138,0.06634,0.41983,2.77836,0.12680,0.46941,0.00000,0.00000,0.00000,0.00000,0.00000,0.00000,0.00000,0.00000,0.00000,0.00000,0.00000,0.00000,0.00000,0.00000,0.00000,0.00000,0.00000,0.00000
5.31000,  532,3.01246,1.76298,0.19500,3.10498,1.83975,0.26629,3.03430,1.77038,0.37538,3.13616,1.75822,0.23585,2.91259,1.61979,0.28620,2.82686,1.27279,0.26930,2.83577,1.06706,0.27780,3.08776,1.14696,0.28071,3.01798,1.34584,0.28833,3.02233,1.51056,0.28274,2.83504,1.49086,0.40466,2.98169,1.56566,0.09928,2.98813,1.41535,0.02311,2.98224,1.19539,-0.00959,2.93249,1.18183,0.04409,3.06239,1.01084,-0.02158,3.09624,0.92877,-0.02448,3.11331,0.93812,0.04337,3.13240,0.86012,-0.00581,2.96187,1.55510,0.46484,2.94874,1.41490,0.53478,2.92016,1.19571,0.55010,2.90103,1.19176,0.47043,2.95407,1.10081,0.57570,3.00149,0.93782,0.58720,3.05621,0.94453,0.53678,3.04716,0.86709,0.59132,3.04524,1.08364,0.15115,3.04158,1.07470,0.40540,2.84423,1.09082,0.22983,2.84361,1.09123,0.32780,2.97727,0.99113,0.08857,3.02415,0.77550,0.12164,3.06017,0.58770,0.17113,2.99501,0.28419,0.18025,2.95875,0.10854,0.21419,2.90023,0.06370,0.27871,3.18147,0.05753,0.24053,3.07521,0.03806,0.16360,2.97397,0.95635,0.46715,3.10344,0.68764,0.45642,3.13478,0.58611,0.44805,2.99750,0.49806,0.43869,2.80441,0.26859,0.39511,2.75828,0.26147,0.32052,2.92362,0.06435,0.42140,2.81728,0.11963,0.46996,0.00000,0.00000,0.00000,0.00000,0.00000,0.00000,0.00000,0.00000,0.00000,0.00000,0.00000,0.00000,0.00000,0.00000,0.00000,0.00000,0.00000,0.00000
5.32000,  533,3.02362,1.76520,0.19533,3.11883,1.84017,0.26502,3.04909,1.77161,0.37517,3.14802,1.75829,0.23368,2.92408,1.62167,0.28610,2.83859,1.27449,0.26836,2.84699,1.06895,0.27737,3.09913,1.14918,0.27931,3.02933,1.34791,0.28785,3.03362,1.51265,0.28261,2.84618,1.49251,0.40380,2.99315,1.56815,0.09919,3.00144,1.41832,0.02268,2.99945,1.19833,-0.01050,2.94927,1.18383,0.04274,3.08312,1.01523,-0.02131,3.11872,0.93383,-0.02392,3.13447,0.94340,0.04439,3.15549,0.86565,-0.00461,2.97278,1.55673,0.46455,2.95848,1.41665,0.53458,2.92910,1.19770,0.54989,2.91055,1.19371,0.46988,2.96220,1.10254,0.57575,3.00869,0.93932,0.58757,3.06438,0.94591,0.53791,3.05410,0.86842,0.59234,3.05629,1.08493,0.15022,3.05312,1.07723,0.40441,2.85546,1.09246,0.22928,2.85523,1.09326,0.32720,2.98734,0.99216,0.08845,3.03056,0.77633,0.12188,3.06219,0.58758,0.17030,2.99537,0.28453,0.17998,2.95890,0.10876,0.21423,2.90021,0.06387,0.27863,3.18153,0.05745,0.24048,3.07522,0.03803,0.16355,2.98704,0.95890,0.46684,3.12099,0.69237,0.45631,3.15411,0.59128,0.44788,3.02019,0.49704,0.43893,2.83665,0.25927,0.39462,2.79095,0.24941,0.32007,2.96643,0.06204,0.42263,2.85775,0.11211,0.47067,0.00000,0.00000,0.00000,0.00000,0.00000,0.00000,0.00000,0.00000,0.00000,0.00000,0.00000,0.00000,0.00000,0.00000,0.00000,0.00000,0.00000,0.00000
5.33000,  534,3.03468,1.76720,0.19567,3.13244,1.84032,0.26370,3.06375,1.77250,0.37502,3.15976,1.75806,0.23150,2.93546,1.62327,0.28610,2.85009,1.27592,0.26724,2.85823,1.07070,0.27694,3.11055,1.15095,0.27778,3.04087,1.34981,0.28737,3.04493,1.51444,0.28252,2.85738,1.49379,0.40303,3.00445,1.57041,0.09927,3.01442,1.42105,0.02226,3.01647,1.20105,-0.01137,2.96603,1.18575,0.04143,3.10361,1.01947,-0.02112,3.14079,0.93891,-0.02321,3.15548,0.94859,0.04538,3.17851,0.87129,-0.00334,2.98373,1.55806,0.46431,2.96837,1.41809,0.53439,2.93794,1.19930,0.54953,2.92228,1.19483,0.46767,2.97059,1.10409,0.57589,3.01624,0.94059,0.58809,3.07278,0.94719,0.53929,3.06132,0.86942,0.59318,3.06802,1.08639,0.14924,3.06483,1.07965,0.40347,2.86700,1.09435,0.22885,2.86652,1.09488,0.32662,2.99708,0.99323,0.08675,3.03690,0.77633,0.12418,3.06431,0.58736,0.16939,2.99535,0.28488,0.17961,2.95898,0.10890,0.21422,2.90041,0.06393,0.27858,3.18160,0.05739,0.24042,3.07523,0.03800,0.16345,3.00017,0.96159,0.46635,3.13802,0.69692,0.45633,3.17264,0.59599,0.44741,3.04223,0.49544,0.43969,2.86965,0.24925,0.39420,2.82405,0.23616,0.31978,3.01053,0.05995,0.42350,2.89926,0.10432,0.47162,0.00000,0.00000,0.00000,0.00000,0.00000,0.00000,0.00000,0.00000,0.00000,0.00000,0.00000,0.00000,0.00000,0.00000,0.00000,0.00000,0.00000,0.00000
5.34000,  535,3.04577,1.76894,0.19602,3.14612,1.84017,0.26231,3.07865,1.77301,0.37466,3.17137,1.75762,0.22909,2.94696,1.62465,0.28621,2.86162,1.27716,0.26648,2.86995,1.07215,0.27700,3.12170,1.15223,0.27640,3.05223,1.35126,0.28682,3.05628,1.51589,0.28235,2.86862,1.49480,0.40244,3.01575,1.57245,0.09918,3.02725,1.42352,0.02179,3.03322,1.20357,-0.01210,2.98256,1.18737,0.04030,3.12393,1.02364,-0.02088,3.16266,0.94379,-0.02239,3.17640,0.95386,0.04613,3.20131,0.87679,-0.00205,2.99482,1.55916,0.46410,2.97852,1.41929,0.53419,2.94687,1.20061,0.54940,2.93408,1.19632,0.46702,2.97891,1.10526,0.57598,3.02392,0.94169,0.58850,3.08130,0.94821,0.54052,3.06841,0.87012,0.59389,3.07807,1.08677,0.14821,3.07639,1.08159,0.40252,2.87809,1.09541,0.22839,2.87803,1.09630,0.32621,3.00702,0.99386,0.08585,3.04285,0.77692,0.12153,3.06641,0.58711,0.16821,2.99515,0.28515,0.17911,2.95905,0.10912,0.21422,2.89991,0.06413,0.27855,3.18163,0.05734,0.24038,3.07521,0.03793,0.16339,3.01495,0.96456,0.46637,3.15475,0.70107,0.45619,3.19042,0.60013,0.44690,3.06366,0.49296,0.44041,2.90405,0.23861,0.39447,2.85872,0.22217,0.32021,3.05512,0.05805,0.42434,2.94182,0.09628,0.47257,0.00000,0.00000,0.00000,0.00000,0.00000,0.00000,0.00000,0.00000,0.00000,0.00000,0.00000,0.00000,0.00000,0.00000,0.00000,0.00000,0.00000,0.00000
5.35000,  536,3.05669,1.77036,0.19645,3.15969,1.83972,0.26079,3.09341,1.77323,0.37416,3.18292,1.75692,0.22666,2.95841,1.62578,0.28618,2.87317,1.27810,0.26564,2.88130,1.07344,0.27684,3.13284,1.15279,0.27511,3.06376,1.35252,0.28629,3.06757,1.51705,0.28216,2.87999,1.49549,0.40201,3.02698,1.57418,0.09923,3.03991,1.42572,0.02129,3.04986,1.20588,-0.01270,2.99919,1.18887,0.03931,3.14406,1.02766,-0.02045,3.18430,0.94854,-0.02154,3.19720,0.95889,0.04716,3.22401,0.88225,-0.00070,3.00603,1.55986,0.46394,2.98889,1.42013,0.53423,2.95615,1.20173,0.54939,2.94537,1.19706,0.46630,2.98758,1.10619,0.57623,3.03189,0.94230,0.58905,3.08914,0.94854,0.54165,3.07583,0.87049,0.59470,3.08901,1.08703,0.14713,3.08810,1.08325,0.40153,2.88913,1.09640,0.22820,2.88948,1.09745,0.32582,3.01706,0.99410,0.08560,3.04931,0.77727,0.12083,3.06858,0.58685,0.16723,2.99517,0.28529,0.17874,2.95914,0.10927,0.21424,2.89994,0.06432,0.27850,3.18168,0.05727,0.24032,3.07521,0.03791,0.16329,3.02571,0.96585,0.46590,3.17083,0.70455,0.45580,3.20768,0.60387,0.44610,3.08466,0.48998,0.44087,2.93868,0.22732,0.39458,2.89380,0.20767,0.32047,3.10078,0.05681,0.42504,2.98552,0.08847,0.47379,0.00000,0.00000,0.00000,0.00000,0.00000,0.00000,0.00000,0.00000,0.00000,0.00000,0.00000,0.00000,0.00000,0.00000,0.00000,0.00000,0.00000,0.00000
5.36000,  537,3.06771,1.77145,0.19667,3.17306,1.83898,0.25924,3.10822,1.77291,0.37370,3.19431,1.75604,0.22422,2.97010,1.62657,0.28668,2.88465,1.27872,0.26509,2.89271,1.07432,0.27691,3.14418,1.15308,0.27381,3.07527,1.35323,0.28576,3.07895,1.51789,0.28205,2.89141,1.49588,0.40176,3.03819,1.57550,0.09928,3.05249,1.42757,0.02087,3.06627,1.20790,-0.01334,3.01544,1.19010,0.03836,3.16394,1.03135,-0.01999,3.20569,0.95305,-0.02077,3.21780,0.96377,0.04809,3.24653,0.88767,0.00055,3.01737,1.56022,0.46382,2.99931,1.42064,0.53411,2.96535,1.20225,0.54934,2.95417,1.19823,0.46697,2.99627,1.10672,0.57637,3.03994,0.94275,0.58959,3.09765,0.94876,0.54274,3.08365,0.87066,0.59552,3.09979,1.08706,0.14624,3.09975,1.08440,0.40065,2.90045,1.09728,0.22822,2.90089,1.09836,0.32576,3.02685,0.99434,0.08452,3.05568,0.77745,0.12034,3.07072,0.58645,0.16621,2.99552,0.28541,0.17847,2.95932,0.10948,0.21421,2.90015,0.06523,0.27610,3.18175,0.05718,0.24027,3.07522,0.03784,0.16324,3.03733,0.96713,0.46551,3.18626,0.70767,0.45532,3.22404,0.60691,0.44507,3.10489,0.48602,0.44112,2.97389,0.21549,0.39461,2.92984,0.19279,0.32055,3.14659,0.05587,0.42587,3.02978,0.08063,0.47490,0.00000,0.00000,0.00000,0.00000,0.00000,0.00000,0.00000,0.00000,0.00000,0.00000,0.00000,0.00000,0.00000,0.00000,0.00000,0.00000,0.00000,0.00000
5.37000,  538,3.07880,1.77221,0.19688,3.18634,1.83795,0.25748,3.12312,1.77238,0.37318,3.20563,1.75482,0.22180,2.98171,1.62697,0.28691,2.89625,1.27895,0.26464,2.90397,1.07507,0.27705,3.15559,1.15289,0.27279,3.08678,1.35362,0.28516,3.09034,1.51841,0.28185,2.90289,1.49592,0.40144,3.04931,1.57658,0.09935,3.06499,1.42906,0.02039,3.08244,1.20963,-0.01399,3.03180,1.19101,0.03759,3.18344,1.03491,-0.01954,3.22683,0.95742,-0.01981,3.23832,0.96859,0.04901,3.26878,0.89293,0.00179,3.02872,1.56021,0.46376,3.01019,1.42077,0.53412,2.97480,1.20272,0.54940,2.96280,1.19909,0.46653,3.00519,1.10702,0.57670,3.04807,0.94281,0.58996,3.10622,0.94874,0.54367,3.09153,0.87050,0.59621,3.11066,1.08663,0.14524,3.11161,1.08510,0.39977,2.91152,1.09797,0.22813,2.91249,1.09890,0.32577,3.03750,0.99435,0.08534,3.06203,0.77736,0.12022,3.07299,0.58611,0.16524,2.99619,0.28557,0.17819,2.95949,0.10962,0.21422,2.90014,0.06548,0.27580,3.18180,0.05711,0.24025,3.07523,0.03784,0.16317,3.04951,0.96809,0.46515,3.20130,0.71022,0.45454,3.23971,0.60936,0.44370,3.12531,0.48165,0.44153,3.01007,0.20349,0.39479,2.96727,0.17738,0.32084,3.19278,0.05557,0.42691,3.07466,0.07320,0.47605,0.00000,0.00000,0.00000,0.00000,0.00000,0.00000,0.00000,0.00000,0.00000,0.00000,0.00000,0.00000,0.00000,0.00000,0.00000,0.00000,0.00000,0.00000
5.38000,  539,3.08982,1.77272,0.19739,3.19962,1.83672,0.25588,3.13815,1.77142,0.37257,3.21696,1.75346,0.21928,2.99338,1.62709,0.28738,2.90779,1.27901,0.26445,2.91537,1.07539,0.27725,3.16703,1.15227,0.27171,3.09831,1.35372,0.28466,3.10183,1.51857,0.28179,2.91397,1.49582,0.40192,3.06061,1.57735,0.09950,3.07746,1.43022,0.02003,3.09842,1.21106,-0.01443,3.04776,1.19170,0.03682,3.20284,1.03824,-0.01914,3.24765,0.96155,-0.01882,3.25861,0.97317,0.05009,3.29084,0.89805,0.00312,3.04023,1.55989,0.46369,3.02096,1.42058,0.53415,2.98422,1.20268,0.54963,2.97287,1.19913,0.46670,3.01445,1.10701,0.57705,3.05646,0.94265,0.59043,3.11488,0.94836,0.54456,3.09964,0.87015,0.59691,3.12116,1.08581,0.14469,3.12334,1.08535,0.39906,2.92306,1.09831,0.22835,2.92403,1.09905,0.32587,3.04766,0.99425,0.08519,3.06828,0.77717,0.11983,3.07548,0.58562,0.16432,2.99702,0.28576,0.17798,2.95970,0.10981,0.21425,2.90048,0.06483,0.27713,3.18186,0.05701,0.24025,3.07522,0.03778,0.16314,3.06138,0.96862,0.46471,3.21620,0.71247,0.45420,3.25469,0.61121,0.44219,3.14568,0.47678,0.44194,3.04683,0.19120,0.39517,3.00607,0.16205,0.32106,3.23899,0.05601,0.42818,3.12017,0.06625,0.47731,0.00000,0.00000,0.00000,0.00000,0.00000,0.00000,0.00000,0.00000,0.00000,0.00000,0.00000,0.00000,0.00000,0.00000,0.00000,0.00000,0.00000,0.00000
5.39000,  540,3.10097,1.77288,0.19787,3.21278,1.83515,0.25413,3.15331,1.77033,0.37229,3.22820,1.75189,0.21690,3.00518,1.62704,0.28773,2.91933,1.27884,0.26419,2.92694,1.07540,0.27748,3.17858,1.15138,0.27082,3.10973,1.35346,0.28430,3.11336,1.51838,0.28173,2.92565,1.49521,0.40171,3.07185,1.57769,0.09955,3.08986,1.43111,0.01978,3.11424,1.21224,-0.01490,3.06380,1.19210,0.03631,3.22184,1.04121,-0.01855,3.26817,0.96550,-0.01791,3.27879,0.97766,0.05104,3.31271,0.90310,0.00449,3.05197,1.55925,0.46370,3.03198,1.41993,0.53407,2.99385,1.20234,0.54972,2.98268,1.19881,0.46709,3.02353,1.10645,0.57732,3.06482,0.94195,0.59074,3.12372,0.94763,0.54522,3.10798,0.86950,0.59759,3.13284,1.08529,0.14401,3.13524,1.08507,0.39836,2.93418,1.09796,0.22860,2.93546,1.09912,0.32605,3.05778,0.99384,0.08480,3.07450,0.77670,0.11939,3.07822,0.58518,0.16346,2.99788,0.28590,0.17774,2.95996,0.10998,0.21427,2.90054,0.06492,0.27715,3.18191,0.05692,0.24019,3.07523,0.03776,0.16314,3.07345,0.96863,0.46459,3.23035,0.71386,0.45341,3.26884,0.61230,0.44063,3.16589,0.47117,0.44222,3.08502,0.17954,0.39590,3.04632,0.14718,0.32124,3.28513,0.05713,0.42966,3.16600,0.05996,0.47866,0.00000,0.00000,0.00000,0.00000,0.00000,0.00000,0.00000,0.00000,0.00000,0.00000,0.00000,0.00000,0.00000,0.00000,0.00000,0.00000,0.00000,0.00000
5.40000,  541,3.11208,1.77267,0.19832,3.22583,1.83339,0.25234,3.16817,1.76880,0.37169,3.23942,1.75010,0.21456,3.01703,1.62664,0.28805,2.93113,1.27826,0.26421,2.93831,1.07523,0.27790,3.19016,1.15024,0.27013,3.12136,1.35286,0.28379,3.12500,1.51786,0.28158,2.93769,1.49444,0.40122,3.08321,1.57774,0.09977,3.10233,1.43150,0.01946,3.12975,1.21310,-0.01543,3.08033,1.19130,0.03671,3.24074,1.04401,-0.01809,3.28841,0.96921,-0.01678,3.29863,0.98187,0.05198,3.33431,0.90792,0.00585,3.06375,1.55829,0.46379,3.04329,1.41902,0.53422,3.00354,1.20177,0.54990,2.99205,1.19818,0.46720,3.03289,1.10563,0.57760,3.07370,0.94104,0.59124,3.13253,0.94663,0.54586,3.11642,0.86857,0.59815,3.14389,1.08411,0.14353,3.14714,1.08438,0.39785,2.94547,1.09795,0.22872,2.94707,1.09866,0.32629,3.06783,0.99341,0.08449,3.08091,0.77622,0.11896,3.08107,0.58465,0.16277,2.99900,0.28602,0.17747,2.96018,0.11012,0.21435,2.90043,0.06493,0.27812,3.18196,0.05680,0.24014,3.07524,0.03774,0.16310,3.08547,0.96821,0.46453,3.24378,0.71442,0.45224,3.28210,0.61271,0.43891,3.18583,0.46493,0.44229,3.12330,0.16797,0.39633,3.08756,0.13300,0.32160,3.33113,0.05919,0.43127,3.21179,0.05382,0.47958,0.00000,0.00000,0.00000,0.00000,0.00000,0.00000,0.00000,0.00000,0.00000,0.00000,0.00000,0.00000,0.00000,0.00000,0.00000,0.00000,0.00000,0.00000
5.41000,  542,3.12311,1.77208,0.19930,3.23872,1.83142,0.25059,3.18310,1.76713,0.37093,3.25061,1.74805,0.21227,3.02896,1.62601,0.28865,2.94273,1.27752,0.26414,2.94970,1.07459,0.27797,3.20151,1.14888,0.26955,3.13308,1.35193,0.28331,3.13662,1.51706,0.28149,2.94960,1.49335,0.40134,3.09451,1.57745,0.10004,3.11473,1.43171,0.01924,3.14509,1.21366,-0.01589,3.09535,1.19111,0.03649,3.25925,1.04649,-0.01751,3.30820,0.97264,-0.01558,3.31822,0.98586,0.05310,3.35566,0.91257,0.00725,3.07572,1.55697,0.46391,3.05461,1.41776,0.53427,3.01357,1.20094,0.55022,3.00190,1.19698,0.46793,3.04232,1.10471,0.57782,3.08254,0.93993,0.59163,3.14154,0.94512,0.54631,3.12502,0.86723,0.59877,3.15499,1.08290,0.14307,3.15907,1.08326,0.39754,2.95658,1.09726,0.22897,2.95890,1.09817,0.32662,3.07790,0.99267,0.08420,3.08727,0.77550,0.11833,3.08402,0.58400,0.16219,3.00018,0.28607,0.17732,2.96047,0.11028,0.21442,2.90050,0.06509,0.27815,3.18259,0.05689,0.23989,3.07523,0.03771,0.16306,3.09694,0.96728,0.46430,3.25648,0.71434,0.45079,3.29436,0.61219,0.43701,3.20559,0.45838,0.44249,3.16253,0.15727,0.39716,3.12933,0.11957,0.32238,3.37703,0.06248,0.43285,3.25818,0.04920,0.48061,0.00000,0.00000,0.00000,0.00000,0.00000,0.00000,0.00000,0.00000,0.00000,0.00000,0.00000,0.00000,0.00000,0.00000,0.00000,0.00000,0.00000,0.00000
5.42000,  543,3.13415,1.77116,0.20037,3.25159,1.82930,0.24894,3.19793,1.76520,0.37020,3.26184,1.74584,0.21002,3.04105,1.62500,0.28915,2.95452,1.27640,0.26433,2.96150,1.07373,0.27852,3.21382,1.14752,0.26905,3.14479,1.35075,0.28291,3.14844,1.51595,0.28161,2.96152,1.49198,0.40150,3.10601,1.57690,0.10025,3.12716,1.43150,0.01921,3.16016,1.21383,-0.01638,3.11020,1.19046,0.03607,3.27753,1.04862,-0.01668,3.32800,0.97582,-0.01449,3.33755,0.98968,0.05415,3.37666,0.91709,0.00877,3.08775,1.55538,0.46408,3.06629,1.41620,0.53446,3.02370,1.19990,0.55046,3.01165,1.19577,0.46818,3.05203,1.10334,0.57825,3.09163,0.93841,0.59190,3.15056,0.94339,0.54660,3.13389,0.86569,0.59938,3.16645,1.08141,0.14290,3.17110,1.08168,0.39722,2.96829,1.09636,0.22957,2.97065,1.09720,0.32704,3.08806,0.99174,0.08397,3.09367,0.77467,0.11754,3.08734,0.58333,0.16141,3.00152,0.28617,0.17714,2.96073,0.11047,0.21450,2.90056,0.06521,0.27817,3.18213,0.05653,0.24013,3.07525,0.03769,0.16300,3.10847,0.96593,0.46420,3.26828,0.71329,0.44912,3.30544,0.61076,0.43536,3.22499,0.45120,0.44261,3.20215,0.14713,0.39802,3.17239,0.10764,0.32270,3.42253,0.06700,0.43433,3.30473,0.04625,0.48181,0.00000,0.00000,0.00000,0.00000,0.00000,0.00000,0.00000,0.00000,0.00000,0.00000,0.00000,0.00000,0.00000,0.00000,0.00000,0.00000,0.00000,0.00000
5.43000,  544,3.14553,1.77010,0.20097,3.26446,1.82696,0.24722,3.21261,1.76304,0.36950,3.27315,1.74361,0.20791,3.05316,1.62383,0.28977,2.96632,1.27517,0.26478,2.97324,1.07281,0.27906,3.22537,1.14566,0.26869,3.15672,1.34930,0.28268,3.16035,1.51457,0.28176,2.97364,1.49039,0.40182,3.11757,1.57594,0.10062,3.13968,1.43097,0.01918,3.17506,1.21378,-0.01672,3.12539,1.18949,0.03542,3.29554,1.05064,-0.01611,3.34723,0.97871,-0.01312,3.35664,0.99335,0.05531,3.39733,0.92139,0.01030,3.09999,1.55355,0.46444,3.07822,1.41434,0.53458,3.03387,1.19834,0.55064,3.02214,1.19401,0.46863,3.06182,1.10170,0.57837,3.10085,0.93668,0.59243,3.15976,0.94141,0.54698,3.14266,0.86371,0.59978,3.17817,1.07993,0.14294,3.18322,1.07982,0.39699,2.97979,1.09561,0.23011,2.98254,1.09595,0.32747,3.09806,0.99063,0.08384,3.10009,0.77380,0.11679,3.09103,0.58258,0.16060,3.00288,0.28633,0.17702,2.96104,0.11067,0.21466,2.90063,0.06538,0.27816,3.18220,0.05643,0.24010,3.07525,0.03766,0.16298,3.11975,0.96410,0.46415,3.27934,0.71137,0.44736,3.31583,0.60831,0.43348,3.24400,0.44361,0.44262,3.24209,0.13835,0.39903,3.21504,0.09707,0.32353,3.46738,0.07308,0.43525,3.35140,0.04489,0.48292,0.00000,0.00000,0.00000,0.00000,0.00000,0.00000,0.00000,0.00000,0.00000,0.00000,0.00000,0.00000,0.00000,0.00000,0.00000,0.00000,0.00000,0.00000
5.44000,  545,3.15687,1.76869,0.20158,3.27710,1.82453,0.24560,3.22701,1.76078,0.36871,3.28426,1.74118,0.20600,3.06532,1.62233,0.29043,2.97822,1.27364,0.26534,2.98504,1.07147,0.27946,3.23736,1.14380,0.26840,3.16864,1.34760,0.28247,3.17229,1.51296,0.28187,2.98585,1.48859,0.40230,3.12918,1.57485,0.10088,3.15214,1.43011,0.01929,3.18983,1.21344,-0.01710,3.14044,1.18847,0.03509,3.31312,1.05221,-0.01526,3.36620,0.98141,-0.01185,3.37536,0.99670,0.05653,3.41764,0.92542,0.01188,3.11241,1.55153,0.46469,3.09023,1.41228,0.53470,3.04454,1.19667,0.55090,3.03315,1.19238,0.47030,3.07188,1.09994,0.57880,3.10994,0.93465,0.59263,3.16900,0.93912,0.54720,3.15169,0.86166,0.60011,3.18884,1.07783,0.14208,3.19547,1.07770,0.39687,2.99121,1.09408,0.23048,2.99464,1.09436,0.32787,3.10808,0.98942,0.08387,3.10674,0.77287,0.11525,3.09510,0.58177,0.15984,3.00429,0.28643,0.17681,2.96138,0.11092,0.21481,2.90070,0.06553,0.27826,3.18228,0.05637,0.23996,3.07524,0.03763,0.16295,3.13104,0.96199,0.46400,3.28950,0.70864,0.44551,3.32504,0.60509,0.43158,3.26290,0.43620,0.44277,3.28217,0.13156,0.40080,3.25742,0.08834,0.32470,3.51120,0.08081,0.43573,3.39773,0.04520,0.48396,0.00000,0.00000,0.00000,0.00000,0.00000,0.00000,0.00000,0.00000,0.00000,0.00000,0.00000,0.00000,0.00000,0.00000,0.00000,0.00000,0.00000,0.00000
5.45000,  546,3.16830,1.76713,0.20216,3.28980,1.82197,0.24409,3.24147,1.75831,0.36803,3.29556,1.73873,0.20416,3.07770,1.62065,0.29121,2.99005,1.27197,0.26606,2.99717,1.06980,0.28010,3.24939,1.14171,0.26825,3.18067,1.34573,0.28227,3.18437,1.51113,0.28205,2.99807,1.48653,0.40274,3.14087,1.57336,0.10154,3.16466,1.42895,0.01946,3.20433,1.21277,-0.01745,3.15525,1.18729,0.03474,3.33067,1.05364,-0.01452,3.38478,0.98376,-0.01045,3.39375,0.99989,0.05759,3.43758,0.92936,0.01358,3.12482,1.54926,0.46513,3.10242,1.41002,0.53500,3.05505,1.19462,0.55110,3.04387,1.19048,0.47065,3.08204,1.09793,0.57896,3.11951,0.93252,0.59291,3.17836,0.93657,0.54737,3.16069,0.85942,0.60055,3.19955,1.07556,0.14173,3.20791,1.07534,0.39690,3.00285,1.09232,0.23098,3.00681,1.09248,0.32825,3.11819,0.98811,0.08369,3.11344,0.77183,0.11498,3.09971,0.58105,0.15893,3.00594,0.28645,0.17674,2.96169,0.11118,0.21500,2.90082,0.06575,0.27831,3.18232,0.05641,0.23987,3.07549,0.03757,0.16269,3.14229,0.95962,0.46394,3.29833,0.70487,0.44376,3.33398,0.60116,0.42981,3.28220,0.42988,0.44363,3.32108,0.12547,0.40193,3.29925,0.08138,0.32608,3.55373,0.09048,0.43571,3.44321,0.04700,0.48437,0.00000,0.00000,0.00000,0.00000,0.00000,0.00000,0.00000,0.00000,0.00000,0.00000,0.00000,0.00000,0.00000,0.00000,0.00000,0.00000,0.00000,0.00000
5.46000,  547,3.17993,1.76535,0.20277,3.30238,1.81929,0.24272,3.25583,1.75558,0.36726,3.30649,1.73606,0.20275,3.09005,1.61883,0.29200,3.00216,1.26998,0.26688,3.00952,1.06782,0.28054,3.26142,1.13961,0.26819,3.19285,1.34364,0.28228,3.19652,1.50906,0.28231,3.01054,1.48438,0.40344,3.15266,1.57172,0.10201,3.17712,1.42776,0.01965,3.21870,1.21187,-0.01780,3.16992,1.18583,0.03458,3.34771,1.05484,-0.01377,3.40290,0.98581,-0.00902,3.41181,1.00273,0.05881,3.45708,0.93295,0.01522,3.13748,1.54692,0.46559,3.11475,1.40754,0.53513,3.06612,1.19274,0.55137,3.05480,1.18850,0.47096,3.09250,1.09565,0.57913,3.12891,0.93022,0.59310,3.18790,0.93382,0.54741,3.16982,0.85684,0.60068,3.21108,1.07367,0.14162,3.22057,1.07288,0.39689,3.01465,1.09054,0.23162,3.01896,1.09032,0.32879,3.12833,0.98675,0.08360,3.12059,0.77081,0.11415,3.10471,0.58009,0.15812,3.00774,0.28655,0.17659,2.96203,0.11147,0.21527,2.90095,0.06604,0.27842,3.18241,0.05630,0.23981,3.07512,0.03731,0.16315,3.15355,0.95716,0.46391,3.30641,0.70026,0.44242,3.34261,0.59685,0.42811,3.30060,0.42365,0.44363,3.35899,0.12112,0.40331,3.33989,0.07618,0.32755,3.59415,0.10200,0.43513,3.48724,0.05086,0.48436,0.00000,0.00000,0.00000,0.00000,0.00000,0.00000,0.00000,0.00000,0.00000,0.00000,0.00000,0.00000,0.00000,0.00000,0.00000,0.00000,0.00000,0.00000
5.47000,  548,3.19152,1.76331,0.20321,3.31483,1.81651,0.24145,3.26989,1.75285,0.36654,3.31793,1.73328,0.20129,3.10254,1.61673,0.29299,3.01411,1.26787,0.26768,3.02175,1.06560,0.28112,3.27365,1.13738,0.26808,3.20504,1.34138,0.28244,3.20874,1.50680,0.28265,3.02307,1.48203,0.40416,3.16449,1.56975,0.10259,3.18955,1.42621,0.01987,3.23285,1.21074,-0.01802,3.18443,1.18423,0.03441,3.36446,1.05559,-0.01299,3.42067,0.98760,-0.00749,3.42939,1.00528,0.05994,3.47622,0.93631,0.01697,3.15012,1.54445,0.46614,3.12715,1.40513,0.53553,3.07720,1.19046,0.55143,3.06583,1.18643,0.47119,3.10330,1.09336,0.57944,3.13850,0.92755,0.59320,3.19748,0.93089,0.54751,3.17927,0.85414,0.60079,3.22275,1.07187,0.14144,3.23342,1.07028,0.39688,3.02657,1.08808,0.23245,3.03164,1.08780,0.32955,3.13857,0.98532,0.08373,3.12817,0.76979,0.11313,3.11012,0.57908,0.15741,3.00981,0.28660,0.17652,2.96240,0.11183,0.21546,2.90107,0.06633,0.27850,3.18248,0.05615,0.23969,3.07509,0.03724,0.16311,3.16503,0.95447,0.46388,3.31370,0.69501,0.44153,3.35115,0.59218,0.42683,3.31812,0.41767,0.44298,3.39602,0.11902,0.40538,3.37875,0.07238,0.32950,3.63223,0.11544,0.43353,3.52924,0.05640,0.48311,0.00000,0.00000,0.00000,0.00000,0.00000,0.00000,0.00000,0.00000,0.00000,0.00000,0.00000,0.00000,0.00000,0.00000,0.00000,0.00000,0.00000,0.00000
5.48000,  549,3.20321,1.76095,0.20394,3.32733,1.81361,0.24045,3.28391,1.74996,0.36595,3.32938,1.73043,0.19993,3.11504,1.61439,0.29396,3.02620,1.26552,0.26874,3.03436,1.06319,0.28196,3.28583,1.13504,0.26773,3.21736,1.33887,0.28262,3.22092,1.50434,0.28315,3.03563,1.47957,0.40519,3.17633,1.56762,0.10342,3.20199,1.42435,0.02025,3.24678,1.20933,-0.01831,3.19869,1.18238,0.03419,3.38089,1.05589,-0.01234,3.43817,0.98909,-0.00608,3.44657,1.00762,0.06123,3.49483,0.93935,0.01871,3.16295,1.54181,0.46680,3.13957,1.40247,0.53602,3.08848,1.18816,0.55181,3.07705,1.18419,0.47135,3.11401,1.09082,0.57946,3.14845,0.92492,0.59342,3.20714,0.92777,0.54742,3.18844,0.85115,0.60093,3.23411,1.06982,0.14103,3.24646,1.06773,0.39672,3.03835,1.08551,0.23336,3.04428,1.08490,0.33021,3.14869,0.98379,0.08389,3.13614,0.76848,0.11240,3.11610,0.57799,0.15691,3.01217,0.28654,0.17667,2.96279,0.11226,0.21565,2.90127,0.06673,0.27868,3.18254,0.05602,0.23967,3.07509,0.03718,0.16310,3.17695,0.95151,0.46368,3.32087,0.68929,0.44113,3.35959,0.58736,0.42577,3.33564,0.41281,0.44334,3.43091,0.11842,0.40687,3.41526,0.06997,0.33173,3.66757,0.13033,0.43062,3.56952,0.06507,0.48239,0.00000,0.00000,0.00000,0.00000,0.00000,0.00000,0.00000,0.00000,0.00000,0.00000,0.00000,0.00000,0.00000,0.00000,0.00000,0.00000,0.00000,0.00000
5.49000,  550,3.21494,1.75847,0.20463,3.33978,1.81063,0.23941,3.29776,1.74696,0.36545,3.34100,1.72751,0.19902,3.12746,1.61193,0.29497,3.03857,1.26296,0.27000,3.04730,1.06049,0.28308,3.29812,1.13271,0.26739,3.22974,1.33625,0.28296,3.23334,1.50171,0.28358,3.04829,1.47694,0.40601,3.18826,1.56523,0.10406,3.21440,1.42234,0.02078,3.26058,1.20777,-0.01848,3.21273,1.18041,0.03412,3.39685,1.05632,-0.01158,3.45530,0.99030,-0.00460,3.46335,1.00951,0.06257,3.51302,0.94208,0.02049,3.17588,1.53911,0.46753,3.15212,1.39977,0.53660,3.10013,1.18557,0.55213,3.08864,1.18188,0.47177,3.12503,1.08828,0.57989,3.15829,0.92211,0.59335,3.21707,0.92462,0.54731,3.19797,0.84805,0.60081,3.24576,1.06779,0.14070,3.25963,1.06511,0.39667,3.05045,1.08297,0.23420,3.05707,1.08215,0.33104,3.15882,0.98186,0.08514,3.14480,0.76713,0.11177,3.12273,0.57690,0.15643,3.01489,0.28666,0.17676,2.96331,0.11281,0.21581,2.90151,0.06718,0.27890,3.18263,0.05591,0.23960,3.07510,0.03714,0.16306,3.18946,0.94844,0.46326,3.32810,0.68347,0.44233,3.36794,0.58281,0.42570,3.35265,0.40875,0.44400,3.46351,0.11907,0.40792,3.44932,0.06861,0.33359,3.69936,0.14570,0.42604,3.60706,0.07577,0.48103,0.00000,0.00000,0.00000,0.00000,0.00000,0.00000,0.00000,0.00000,0.00000,0.00000,0.00000,0.00000,0.00000,0.00000,0.00000,0.00000,0.00000,0.00000
5.50000,  551,3.22682,1.75591,0.20529,3.35220,1.80770,0.23853,3.31155,1.74403,0.36508,3.35267,1.72464,0.19800,3.13987,1.60934,0.29590,3.05066,1.26051,0.27116,3.05990,1.05796,0.28406,3.31048,1.13039,0.26697,3.24205,1.33360,0.28333,3.24563,1.49906,0.28431,3.06103,1.47417,0.40703,3.20019,1.56271,0.10489,3.22675,1.42013,0.02132,3.27417,1.20589,-0.01852,3.22656,1.17814,0.03415,3.41266,1.05642,-0.01031,3.47194,0.99127,-0.00313,3.47970,1.01122,0.06385,3.53072,0.94456,0.02225,3.18879,1.53641,0.46836,3.16468,1.39691,0.53711,3.11187,1.18310,0.55253,3.10022,1.17951,0.47195,3.13613,1.08540,0.58009,3.16853,0.91926,0.59349,3.22707,0.92130,0.54721,3.20748,0.84489,0.60076,3.25715,1.06565,0.14012,3.27305,1.06250,0.39627,3.06254,1.08019,0.23506,3.07007,1.07911,0.33191,3.16941,0.98011,0.08534,3.15391,0.76553,0.11138,3.12976,0.57567,0.15621,3.01778,0.28692,0.17694,2.96389,0.11348,0.21598,2.90176,0.06779,0.27911,3.18253,0.05549,0.23997,3.07505,0.03708,0.16305,3.20276,0.94532,0.46291,3.33469,0.67756,0.44514,3.37647,0.57888,0.42687,3.36927,0.40545,0.44482,3.49370,0.12083,0.40796,3.48032,0.06768,0.33483,3.72749,0.16134,0.41971,3.64086,0.08728,0.47856,0.00000,0.00000,0.00000,0.00000,0.00000,0.00000,0.00000,0.00000,0.00000,0.00000,0.00000,0.00000,0.00000,0.00000,0.00000,0.00000,0.00000,0.00000
5.51000,  552,3.23863,1.75331,0.20601,3.36460,1.80475,0.23777,3.32529,1.74115,0.36484,3.36449,1.72162,0.19724,3.15242,1.60684,0.29704,3.06308,1.25793,0.27216,3.07285,1.05546,0.28520,3.32288,1.12800,0.26651,3.25450,1.33085,0.28388,3.25803,1.49637,0.28495,3.07395,1.47152,0.40845,3.21201,1.56020,0.10571,3.23905,1.41782,0.02186,3.28756,1.20388,-0.01851,3.24026,1.17576,0.03423,3.42805,1.05599,-0.00937,3.48825,0.99187,-0.00162,3.49571,1.01260,0.06509,3.54788,0.94663,0.02400,3.20176,1.53347,0.46929,3.17751,1.39405,0.53779,3.12386,1.18047,0.55292,3.11226,1.17690,0.47234,3.14739,1.08261,0.58026,3.17871,0.91624,0.59342,3.23723,0.91785,0.54707,3.21724,0.84157,0.60061,3.26901,1.06362,0.13943,3.28645,1.05965,0.39576,3.07503,1.07751,0.23634,3.08301,1.07624,0.33287,3.18002,0.97817,0.08536,3.16316,0.76396,0.11099,3.13740,0.57430,0.15597,3.02081,0.28704,0.17720,2.96451,0.11432,0.21616,2.90210,0.06846,0.27937,3.18271,0.05555,0.23962,3.07504,0.03704,0.16306,3.21659,0.94234,0.46278,3.34120,0.67216,0.44959,3.38605,0.57598,0.42874,3.38580,0.40307,0.44671,3.52000,0.12230,0.40670,3.50858,0.06709,0.33454,3.75114,0.17605,0.41291,3.67083,0.09840,0.47519,0.00000,0.00000,0.00000,0.00000,0.00000,0.00000,0.00000,0.00000,0.00000,0.00000,0.00000,0.00000,0.00000,0.00000,0.00000,0.00000,0.00000,0.00000
5.52000,  553,3.25061,1.75068,0.20668,3.37699,1.80190,0.23720,3.33843,1.73831,0.36433,3.37601,1.71876,0.19671,3.16499,1.60432,0.29833,3.07564,1.25519,0.27329,3.08599,1.05313,0.28677,3.33534,1.12578,0.26595,3.26692,1.32817,0.28444,3.27046,1.49381,0.28560,3.08543,1.46875,0.41097,3.22379,1.55762,0.10670,3.25116,1.41538,0.02261,3.30075,1.20186,-0.01834,3.25375,1.17330,0.03440,3.44299,1.05567,-0.00812,3.50394,0.99219,-0.00011,3.51114,1.01356,0.06639,3.56453,0.94846,0.02576,3.21488,1.53071,0.47025,3.19051,1.39117,0.53847,3.13594,1.17782,0.55338,3.12429,1.17433,0.47279,3.15899,1.07979,0.58056,3.18909,0.91301,0.59341,3.24753,0.91444,0.54681,3.22704,0.83823,0.60027,3.28075,1.06152,0.13879,3.29981,1.05690,0.39481,3.08638,1.07421,0.23711,3.09585,1.07361,0.33393,3.19098,0.97598,0.08565,3.17281,0.76222,0.11070,3.14522,0.57276,0.15590,3.02425,0.28752,0.17731,2.96521,0.11518,0.21634,2.90246,0.06935,0.27961,3.18277,0.05552,0.23953,3.07503,0.03700,0.16302,3.23066,0.93955,0.46276,3.35137,0.66796,0.45214,3.39665,0.57350,0.43037,3.40132,0.40097,0.44902,3.54255,0.12252,0.40489,3.53357,0.06606,0.33368,3.77021,0.18934,0.40678,3.69921,0.10644,0.47212,0.00000,0.00000,0.00000,0.00000,0.00000,0.00000,0.00000,0.00000,0.00000,0.00000,0.00000,0.00000,0.00000,0.00000,0.00000,0.00000,0.00000,0.00000
5.53000,  554,3.26268,1.74817,0.20765,3.38938,1.79907,0.23668,3.35200,1.73560,0.36427,3.38776,1.71593,0.19626,3.17757,1.60178,0.29956,3.08804,1.25272,0.27437,3.09853,1.05050,0.28807,3.34801,1.12372,0.26532,3.27944,1.32570,0.28510,3.28300,1.49120,0.28643,3.09834,1.46592,0.41242,3.23573,1.55512,0.10762,3.26318,1.41302,0.02338,3.31375,1.19971,-0.01808,3.26706,1.17079,0.03473,3.45751,1.05485,-0.00714,3.51918,0.99226,0.00137,3.52627,1.01434,0.06768,3.58051,0.94992,0.02746,3.22801,1.52792,0.47126,3.20357,1.38817,0.53928,3.14823,1.17513,0.55380,3.13652,1.17191,0.47318,3.17072,1.07685,0.58083,3.19958,0.90996,0.59321,3.25808,0.91090,0.54661,3.23721,0.83471,0.59999,3.29243,1.05925,0.13826,3.31299,1.05406,0.39378,3.09991,1.07252,0.23874,3.10834,1.07120,0.33476,3.20216,0.97402,0.08617,3.18291,0.76062,0.11035,3.15361,0.57127,0.15590,3.02775,0.28791,0.17748,2.96603,0.11629,0.21631,2.90291,0.07068,0.27974,3.18282,0.05548,0.23949,3.07493,0.03698,0.16307,3.24488,0.93696,0.46326,3.36636,0.66744,0.45088,3.40846,0.57084,0.43132,3.41469,0.39835,0.45000,3.56131,0.12117,0.40347,3.55410,0.06471,0.33142,3.78453,0.19997,0.40207,3.72253,0.10947,0.46611,0.00000,0.00000,0.00000,0.00000,0.00000,0.00000,0.00000,0.00000,0.00000,0.00000,0.00000,0.00000,0.00000,0.00000,0.00000,0.00000,0.00000,0.00000
5.54000,  555,3.27464,1.74568,0.20851,3.40175,1.79640,0.23636,3.36554,1.73310,0.36429,3.39961,1.71318,0.19593,3.19033,1.59948,0.30086,3.10050,1.25039,0.27525,3.11107,1.04824,0.28914,3.36059,1.12151,0.26480,3.29217,1.32325,0.28587,3.29559,1.48879,0.28721,3.11137,1.46336,0.41364,3.24780,1.55270,0.10854,3.27519,1.41066,0.02428,3.32649,1.19762,-0.01756,3.28003,1.16827,0.03534,3.47160,1.05401,-0.00603,3.53389,0.99198,0.00285,3.54079,1.01477,0.06901,3.59586,0.95096,0.02916,3.24108,1.52526,0.47231,3.21667,1.38532,0.54000,3.16080,1.17252,0.55435,3.14904,1.16942,0.47362,3.18259,1.07397,0.58104,3.21038,0.90686,0.59334,3.26866,0.90758,0.54628,3.24728,0.83131,0.59955,3.30452,1.05704,0.13804,3.32615,1.05126,0.39301,3.11271,1.07018,0.24003,3.12091,1.06894,0.33583,3.21377,0.97201,0.08681,3.19319,0.75880,0.11061,3.16236,0.56970,0.15604,3.03169,0.28835,0.17755,2.96690,0.11750,0.21606,2.90337,0.07221,0.27965,3.18286,0.05543,0.23944,3.07518,0.03705,0.16261,3.25923,0.93491,0.46419,3.38287,0.66864,0.44953,3.42198,0.56874,0.43156,3.42649,0.39532,0.44883,3.57637,0.11895,0.40282,3.56924,0.06243,0.32998,3.79460,0.20622,0.39801,3.74001,0.10907,0.45963,0.00000,0.00000,0.00000,0.00000,0.00000,0.00000,0.00000,0.00000,0.00000,0.00000,0.00000,0.00000,0.00000,0.00000,0.00000,0.00000,0.00000,0.00000
5.55000,  556,3.28673,1.74343,0.20937,3.41428,1.79402,0.23626,3.37905,1.73079,0.36448,3.41151,1.71068,0.19580,3.20300,1.59723,0.30198,3.11312,1.24811,0.27600,3.12379,1.04596,0.29025,3.37321,1.11934,0.26467,3.30488,1.32096,0.28647,3.30827,1.48657,0.28800,3.12452,1.46081,0.41492,3.25991,1.55048,0.10965,3.28711,1.40834,0.02520,3.33899,1.19546,-0.01705,3.29272,1.16585,0.03602,3.48515,1.05296,-0.00491,3.54789,0.99161,0.00442,3.55476,1.01503,0.07018,3.61061,0.95170,0.03063,3.25428,1.52263,0.47336,3.22999,1.38262,0.54082,3.17358,1.16994,0.55487,3.16146,1.16691,0.47416,3.19455,1.07126,0.58132,3.22132,0.90377,0.59316,3.27959,0.90428,0.54605,3.25786,0.82811,0.59908,3.31655,1.05473,0.13811,3.33938,1.04883,0.39285,3.12553,1.06777,0.24115,3.13345,1.06676,0.33673,3.22562,0.96999,0.08764,3.20380,0.75693,0.11089,3.17187,0.56795,0.15636,3.03611,0.28887,0.17757,2.96792,0.11879,0.21566,2.90390,0.07418,0.27947,3.18285,0.05542,0.23938,3.07531,0.03692,0.16241,3.27302,0.93359,0.46523,3.40005,0.66939,0.44893,3.43781,0.56833,0.43094,3.43828,0.39296,0.44602,3.58748,0.11591,0.40232,3.57887,0.05889,0.33051,3.80231,0.20604,0.39325,3.75165,0.10638,0.45544,0.00000,0.00000,0.00000,0.00000,0.00000,0.00000,0.00000,0.00000,0.00000,0.00000,0.00000,0.00000,0.00000,0.00000,0.00000,0.00000,0.00000,0.00000
5.56000,  557,3.29886,1.74123,0.21057,3.42663,1.79181,0.23619,3.39233,1.72860,0.36473,3.42354,1.70846,0.19580,3.21584,1.59528,0.30341,3.12604,1.24595,0.27691,3.13673,1.04372,0.29149,3.38602,1.11723,0.26458,3.31771,1.31888,0.28725,3.32098,1.48440,0.28892,3.13745,1.45850,0.41619,3.27226,1.54845,0.11060,3.29890,1.40622,0.02612,3.35109,1.19348,-0.01636,3.30513,1.16364,0.03681,3.49826,1.05185,-0.00364,3.56152,0.99098,0.00574,3.56826,1.01494,0.07146,3.62463,0.95206,0.03211,3.26728,1.52025,0.47445,3.24323,1.37993,0.54159,3.18636,1.16744,0.55528,3.17415,1.16457,0.47463,3.20700,1.06880,0.58177,3.23263,0.90097,0.59317,3.29097,0.90124,0.54595,3.26847,0.82488,0.59872,3.32888,1.05242,0.13845,3.35270,1.04681,0.39319,3.13831,1.06530,0.24215,3.14643,1.06488,0.33785,3.23796,0.96766,0.08856,3.21486,0.75494,0.11123,3.18181,0.56588,0.15721,3.04088,0.28932,0.17777,2.96921,0.12054,0.21519,2.90449,0.07646,0.27902,3.18287,0.05541,0.23934,3.07539,0.03680,0.16230,3.28588,0.93314,0.46646,3.41703,0.67015,0.44825,3.45493,0.56861,0.42934,3.45157,0.39177,0.44329,3.59502,0.11279,0.40205,3.58426,0.05394,0.33203,3.81076,0.19854,0.38753,3.75851,0.10247,0.45375,0.00000,0.00000,0.00000,0.00000,0.00000,0.00000,0.00000,0.00000,0.00000,0.00000,0.00000,0.00000,0.00000,0.00000,0.00000,0.00000,0.00000,0.00000
5.57000,  558,3.31108,1.73924,0.21154,3.43913,1.78972,0.23624,3.40580,1.72668,0.36498,3.43564,1.70638,0.19592,3.22871,1.59339,0.30463,3.13898,1.24401,0.27764,3.14995,1.04146,0.29248,3.39894,1.11503,0.26489,3.33072,1.31693,0.28814,3.33379,1.48247,0.28997,3.15036,1.45641,0.41738,3.28474,1.54667,0.11181,3.31073,1.40420,0.02697,3.36296,1.19151,-0.01563,3.31713,1.16160,0.03784,3.51091,1.05059,-0.00245,3.57445,0.99013,0.00716,3.58124,1.01462,0.07270,3.63811,0.95217,0.03344,3.28026,1.51802,0.47562,3.25665,1.37753,0.54245,3.19958,1.16524,0.55595,3.18721,1.16242,0.47532,3.21959,1.06631,0.58216,3.24396,0.89845,0.59315,3.30225,0.89821,0.54560,3.27920,0.82188,0.59815,3.34169,1.04988,0.13917,3.36600,1.04546,0.39428,3.15156,1.06343,0.24268,3.15969,1.06317,0.33882,3.25041,0.96530,0.08933,3.22636,0.75277,0.11209,3.19271,0.56384,0.15807,3.04612,0.28983,0.17828,2.97068,0.12255,0.21477,2.90540,0.07924,0.27878,3.18287,0.05537,0.23927,3.07547,0.03673,0.16222,3.29921,0.93304,0.46732,3.43380,0.67092,0.44742,3.47244,0.56901,0.42725,3.46655,0.39211,0.44259,3.59932,0.10933,0.40172,3.58690,0.05058,0.33216,3.82025,0.18538,0.38339,3.76157,0.09597,0.45389,0.00000,0.00000,0.00000,0.00000,0.00000,0.00000,0.00000,0.00000,0.00000,0.00000,0.00000,0.00000,0.00000,0.00000,0.00000,0.00000,0.00000,0.00000
5.58000,  559,3.32326,1.73754,0.21258,3.45160,1.78785,0.23652,3.41896,1.72485,0.36558,3.44774,1.70449,0.19623,3.24149,1.59168,0.30605,3.15217,1.24212,0.27814,3.16322,1.03945,0.29309,3.41216,1.11311,0.26553,3.34381,1.31528,0.28892,3.34663,1.48073,0.29103,3.16338,1.45443,0.41857,3.29735,1.54498,0.11296,3.32256,1.40233,0.02787,3.37442,1.18963,-0.01461,3.32883,1.15978,0.03905,3.52294,1.04925,-0.00124,3.58685,0.98908,0.00859,3.59371,1.01408,0.07378,3.65083,0.95188,0.03470,3.29331,1.51609,0.47668,3.26997,1.37529,0.54324,3.21268,1.16290,0.55631,3.20044,1.16036,0.47610,3.23230,1.06415,0.58247,3.25582,0.89599,0.59315,3.31305,0.89525,0.54501,3.29035,0.81910,0.59778,3.35476,1.04746,0.14006,3.37945,1.04450,0.39582,3.16488,1.06139,0.24355,3.17327,1.06142,0.33957,3.26315,0.96284,0.09045,3.23837,0.75075,0.11296,3.20422,0.56173,0.15898,3.05205,0.29057,0.17873,2.97247,0.12492,0.21476,2.90665,0.08271,0.27873,3.18291,0.05539,0.23923,3.07562,0.03679,0.16225,3.31312,0.93280,0.46811,3.45058,0.67142,0.44619,3.48994,0.56925,0.42502,3.48254,0.39325,0.44396,3.60329,0.10618,0.40082,3.58940,0.04990,0.33044,3.83026,0.17206,0.38586,3.76575,0.08758,0.45501,0.00000,0.00000,0.00000,0.00000,0.00000,0.00000,0.00000,0.00000,0.00000,0.00000,0.00000,0.00000,0.00000,0.00000,0.00000,0.00000,0.00000,0.00000
5.59000,  560,3.33560,1.73579,0.21404,3.46400,1.78619,0.23692,3.43234,1.72312,0.36614,3.45987,1.70282,0.19660,3.25432,1.59000,0.30731,3.16542,1.24028,0.27900,3.17674,1.03752,0.29376,3.42553,1.11139,0.26656,3.35719,1.31378,0.28992,3.35956,1.47920,0.29209,3.17637,1.45257,0.41973,3.31004,1.54355,0.11425,3.33459,1.40076,0.02892,3.38564,1.18797,-0.01358,3.34014,1.15798,0.04035,3.53453,1.04775,0.00001,3.59845,0.98778,0.00997,3.60559,1.01321,0.07497,3.66288,0.95113,0.03600,3.30640,1.51429,0.47788,3.28314,1.37327,0.54410,3.22612,1.16092,0.55694,3.21353,1.15858,0.47667,3.24535,1.06211,0.58269,3.26792,0.89374,0.59337,3.32478,0.89264,0.54453,3.30184,0.81660,0.59740,3.36822,1.04510,0.14094,3.39324,1.04387,0.39752,3.17831,1.05921,0.24442,3.18690,1.05969,0.34018,3.27615,0.96064,0.09133,3.25057,0.74880,0.11406,3.21624,0.55968,0.15979,3.05810,0.29157,0.17935,2.97463,0.12781,0.21458,2.90782,0.08684,0.27845,3.18295,0.05539,0.23920,3.07578,0.03688,0.16228,3.32772,0.93234,0.46878,3.46764,0.67141,0.44476,3.50708,0.56934,0.42279,3.49792,0.39371,0.44442,3.60819,0.10403,0.39869,3.59363,0.05033,0.32789,3.83792,0.16058,0.38779,3.76862,0.08122,0.45661,0.00000,0.00000,0.00000,0.00000,0.00000,0.00000,0.00000,0.00000,0.00000,0.00000,0.00000,0.00000,0.00000,0.00000,0.00000,0.00000,0.00000,0.00000
5.60000,  561,3.34783,1.73457,0.21500,3.47645,1.78485,0.23743,3.44563,1.72173,0.36679,3.47217,1.70148,0.19708,3.26704,1.58854,0.30889,3.17883,1.23871,0.28031,3.19047,1.03588,0.29457,3.43925,1.10988,0.26762,3.37055,1.31248,0.29094,3.37261,1.47792,0.29328,3.18948,1.45087,0.42094,3.32259,1.54233,0.11559,3.34670,1.39943,0.03011,3.39657,1.18629,-0.01244,3.35130,1.15647,0.04160,3.54557,1.04616,0.00131,3.60971,0.98625,0.01128,3.61711,1.01218,0.07606,3.67437,0.95006,0.03717,3.31944,1.51269,0.47924,3.29650,1.37153,0.54513,3.23951,1.15930,0.55751,3.22650,1.15717,0.47715,3.25862,1.06038,0.58313,3.28012,0.89189,0.59352,3.33669,0.89051,0.54428,3.31360,0.81435,0.59699,3.38196,1.04298,0.14205,3.40700,1.04339,0.39913,3.19188,1.05759,0.24513,3.20085,1.05822,0.34083,3.28911,0.95855,0.09243,3.26335,0.74695,0.11530,3.22891,0.55781,0.16063,3.06448,0.29305,0.17993,2.97713,0.13104,0.21440,2.90964,0.09168,0.27845,3.18300,0.05543,0.23914,3.07605,0.03708,0.16233,3.34225,0.93148,0.46963,3.48445,0.67107,0.44254,3.52367,0.56929,0.42107,3.51181,0.39290,0.44347,3.61402,0.10254,0.39522,3.59876,0.05225,0.32379,3.84458,0.14989,0.38865,3.77058,0.07653,0.45795,0.00000,0.00000,0.00000,0.00000,0.00000,0.00000,0.00000,0.00000,0.00000,0.00000,0.00000,0.00000,0.00000,0.00000,0.00000,0.00000,0.00000,0.00000
5.61000,  562,3.36023,1.73346,0.21624,3.48893,1.78390,0.23780,3.45884,1.72085,0.36743,3.48438,1.70053,0.19753,3.27998,1.58731,0.31027,3.19231,1.23745,0.28134,3.20436,1.03457,0.29554,3.45314,1.10875,0.26912,3.38401,1.31152,0.29207,3.38571,1.47695,0.29455,3.20287,1.44940,0.42227,3.33522,1.54134,0.11699,3.35896,1.39815,0.03136,3.40717,1.18472,-0.01119,3.36216,1.15514,0.04299,3.55624,1.04433,0.00256,3.62034,0.98457,0.01250,3.62805,1.01075,0.07702,3.68519,0.94866,0.03815,3.33254,1.51144,0.48068,3.30963,1.36995,0.54621,3.25300,1.15761,0.55813,3.23971,1.15564,0.47780,3.27173,1.05865,0.58357,3.29261,0.89007,0.59361,3.34898,0.88852,0.54409,3.32566,0.81249,0.59670,3.39566,1.04111,0.14327,3.42121,1.04314,0.40059,3.20555,1.05607,0.24593,3.21498,1.05687,0.34162,3.30222,0.95642,0.09377,3.27646,0.74533,0.11667,3.24234,0.55602,0.16140,3.07140,0.29493,0.18035,2.98021,0.13497,0.21407,2.91200,0.09741,0.27835,3.18305,0.05549,0.23912,3.07650,0.03733,0.16232,3.35703,0.93050,0.47042,3.50020,0.67108,0.44001,3.53910,0.56913,0.42002,3.52497,0.39191,0.44176,3.62086,0.10187,0.39233,3.60348,0.05400,0.32153,3.85279,0.13653,0.38872,3.77304,0.07062,0.45826,0.00000,0.00000,0.00000,0.00000,0.00000,0.00000,0.00000,0.00000,0.00000,0.00000,0.00000,0.00000,0.00000,0.00000,0.00000,0.00000,0.00000,0.00000
5.62000,  563,3.37249,1.73284,0.21750,3.50141,1.78325,0.23819,3.47219,1.72036,0.36810,3.49666,1.69982,0.19814,3.29300,1.58662,0.31176,3.20581,1.23643,0.28233,3.21860,1.03410,0.29679,3.46720,1.10806,0.27052,3.39749,1.31093,0.29331,3.39889,1.47641,0.29577,3.21624,1.44810,0.42386,3.34787,1.54062,0.11827,3.37121,1.39723,0.03277,3.41751,1.18329,-0.00976,3.37277,1.15390,0.04446,3.56637,1.04252,0.00367,3.63044,0.98260,0.01366,3.63858,1.00919,0.07801,3.69540,0.94680,0.03912,3.34577,1.51037,0.48192,3.32288,1.36870,0.54723,3.26647,1.15637,0.55859,3.25319,1.15440,0.47845,3.28513,1.05748,0.58386,3.30534,0.88879,0.59371,3.36142,0.88696,0.54379,3.33797,0.81084,0.59631,3.40945,1.03979,0.14444,3.43567,1.04324,0.40185,3.21926,1.05489,0.24717,3.22931,1.05603,0.34283,3.31537,0.95469,0.09515,3.29003,0.74387,0.11812,3.25663,0.55431,0.16181,3.07909,0.29748,0.18039,2.98396,0.13955,0.21361,2.91507,0.10423,0.27826,3.18307,0.05557,0.23907,3.07701,0.03772,0.16228,3.37182,0.92961,0.47108,3.51477,0.67119,0.43765,3.55355,0.56886,0.41944,3.53865,0.39167,0.44002,3.62733,0.10168,0.39144,3.60707,0.05603,0.32112,3.86212,0.12188,0.38706,3.77661,0.06265,0.45644,0.00000,0.00000,0.00000,0.00000,0.00000,0.00000,0.00000,0.00000,0.00000,0.00000,0.00000,0.00000,0.00000,0.00000,0.00000,0.00000,0.00000,0.00000
5.63000,  564,3.38494,1.73229,0.21884,3.51383,1.78298,0.23873,3.48540,1.72005,0.36887,3.50886,1.69950,0.19867,3.30609,1.58629,0.31343,3.21925,1.23586,0.28348,3.23274,1.03348,0.29830,3.48156,1.10801,0.27184,3.41114,1.31071,0.29456,3.41201,1.47618,0.29712,3.22952,1.44728,0.42527,3.36046,1.54025,0.11962,3.38342,1.39656,0.03438,3.42772,1.18208,-0.00825,3.38367,1.15297,0.04567,3.57606,1.04066,0.00476,3.63987,0.98047,0.01478,3.64845,1.00726,0.07893,3.70484,0.94460,0.03988,3.35892,1.50982,0.48336,3.33629,1.36787,0.54841,3.28016,1.15549,0.55924,3.26675,1.15364,0.47912,3.29848,1.05647,0.58426,3.31829,0.88775,0.59375,3.37417,0.88579,0.54353,3.35050,0.80969,0.59612,3.42328,1.03890,0.14561,3.45048,1.04372,0.40265,3.23320,1.05407,0.24872,3.24357,1.05572,0.34422,3.32866,0.95336,0.09671,3.30424,0.74264,0.11938,3.27199,0.55282,0.16165,3.08778,0.30041,0.18013,2.98852,0.14482,0.21310,2.91909,0.11205,0.27823,3.18302,0.05566,0.23900,3.07761,0.03822,0.16222,3.38679,0.92929,0.47184,3.52846,0.67096,0.43657,3.56750,0.56930,0.41973,3.55231,0.39269,0.44001,3.63328,0.10139,0.39210,3.60909,0.05789,0.32233,3.87050,0.10998,0.38402,3.78043,0.05548,0.45357,0.00000,0.00000,0.00000,0.00000,0.00000,0.00000,0.00000,0.00000,0.00000,0.00000,0.00000,0.00000,0.00000,0.00000,0.00000,0.00000,0.00000,0.00000
5.64000,  565,3.39747,1.73230,0.22014,3.52627,1.78307,0.23920,3.49873,1.72020,0.36957,3.52117,1.69956,0.19925,3.31908,1.58625,0.31494,3.23269,1.23552,0.28481,3.24697,1.03352,0.30022,3.49569,1.10847,0.27284,3.42479,1.31088,0.29578,3.42516,1.47630,0.29839,3.24300,1.44684,0.42676,3.37315,1.54028,0.12095,3.39549,1.39618,0.03589,3.43782,1.18125,-0.00668,3.39377,1.15299,0.04680,3.58513,1.03859,0.00599,3.64872,0.97822,0.01570,3.65773,1.00511,0.07984,3.71357,0.94210,0.04064,3.37240,1.50958,0.48477,3.34970,1.36745,0.54965,3.29398,1.15502,0.55992,3.28026,1.15327,0.47960,3.31197,1.05586,0.58453,3.33139,0.88699,0.59355,3.38701,0.88495,0.54316,3.36332,0.80896,0.59583,3.43714,1.03841,0.14686,3.46527,1.04441,0.40333,3.24753,1.05423,0.25032,3.25784,1.05590,0.34608,3.34208,0.95241,0.09821,3.31912,0.74148,0.12039,3.28867,0.55139,0.16112,3.09758,0.30390,0.17967,2.99408,0.15074,0.21233,2.92421,0.12126,0.27820,3.18295,0.05576,0.23887,3.07863,0.03887,0.16208,3.40172,0.92998,0.47293,3.54156,0.67029,0.43666,3.58227,0.57009,0.42023,3.56590,0.39432,0.44165,3.63817,0.10163,0.39306,3.61087,0.05960,0.32312,3.87651,0.10047,0.38142,3.78317,0.04978,0.45144,0.00000,0.00000,0.00000,0.00000,0.00000,0.00000,0.00000,0.00000,0.00000,0.00000,0.00000,0.00000,0.00000,0.00000,0.00000,0.00000,0.00000,0.00000
5.65000,  566,3.40987,1.73262,0.22147,3.53876,1.78356,0.23961,3.51211,1.72074,0.37015,3.53354,1.69997,0.19977,3.33202,1.58650,0.31672,3.24604,1.23581,0.28613,3.26100,1.03371,0.30230,3.50973,1.10952,0.27349,3.43832,1.31153,0.29713,3.43828,1.47678,0.29964,3.25650,1.44678,0.42819,3.38572,1.54060,0.12232,3.40740,1.39620,0.03739,3.44758,1.18069,-0.00501,3.40368,1.15271,0.04865,3.59382,1.03678,0.00697,3.65693,0.97579,0.01661,3.66652,1.00281,0.08061,3.72158,0.93931,0.04114,3.38571,1.50971,0.48624,3.36349,1.36744,0.55076,3.30791,1.15490,0.56055,3.29401,1.15325,0.48025,3.32572,1.05571,0.58489,3.34449,0.88674,0.59346,3.40024,0.88470,0.54307,3.37643,0.80864,0.59568,3.45070,1.03841,0.14808,3.48009,1.04545,0.40366,3.26161,1.05415,0.25232,3.27210,1.05662,0.34796,3.35563,0.95177,0.09983,3.33463,0.74065,0.12121,3.30677,0.55004,0.16029,3.10876,0.30798,0.17894,3.00095,0.15755,0.21117,2.93093,0.13156,0.27802,3.18290,0.05588,0.23873,3.07980,0.03969,0.16191,3.41670,0.93199,0.47435,3.55522,0.67116,0.43785,3.59788,0.57171,0.42044,3.57902,0.39637,0.44374,3.64215,0.10211,0.39410,3.61221,0.06107,0.32356,3.88089,0.09148,0.38138,3.78468,0.04437,0.45114,0.00000,0.00000,0.00000,0.00000,0.00000,0.00000,0.00000,0.00000,0.00000,0.00000,0.00000,0.00000,0.00000,0.00000,0.00000,0.00000,0.00000,0.00000
5.66000,  567,3.42229,1.73333,0.22279,3.55125,1.78446,0.23998,3.52533,1.72170,0.37077,3.54568,1.70080,0.20039,3.34512,1.58744,0.31814,3.25921,1.23654,0.28731,3.27479,1.03430,0.30419,3.52367,1.11084,0.27356,3.45181,1.31255,0.29826,3.45134,1.47768,0.30082,3.26990,1.44707,0.42987,3.39814,1.54137,0.12373,3.41900,1.39647,0.03892,3.45724,1.18050,-0.00311,3.41352,1.15278,0.05079,3.60208,1.03501,0.00820,3.66448,0.97336,0.01738,3.67462,1.00030,0.08126,3.72896,0.93626,0.04152,3.39904,1.51034,0.48763,3.37729,1.36781,0.55193,3.32170,1.15496,0.56095,3.30821,1.15381,0.48094,3.33945,1.05591,0.58514,3.35808,0.88699,0.59341,3.41348,0.88472,0.54277,3.38984,0.80890,0.59558,3.46404,1.03884,0.14938,3.49483,1.04697,0.40383,3.27512,1.05389,0.25373,3.28599,1.05800,0.34954,3.36916,0.95128,0.10148,3.35100,0.73988,0.12201,3.32639,0.54869,0.15885,3.12130,0.31243,0.17802,3.00954,0.16513,0.20965,2.93952,0.14338,0.27757,3.18290,0.05593,0.23856,3.08138,0.04095,0.16162,3.43146,0.93458,0.47619,3.57017,0.67385,0.43988,3.61322,0.57379,0.42071,3.59129,0.39860,0.44597,3.64508,0.10284,0.39460,3.61289,0.06197,0.32390,3.88373,0.08470,0.38237,3.78576,0.04093,0.45198,0.00000,0.00000,0.00000,0.00000,0.00000,0.00000,0.00000,0.00000,0.00000,0.00000,0.00000,0.00000,0.00000,0.00000,0.00000,0.00000,0.00000,0.00000
5.67000,  568,3.43467,1.73449,0.22405,3.56373,1.78570,0.24037,3.53850,1.72300,0.37138,3.55812,1.70199,0.20078,3.35821,1.58870,0.32062,3.27227,1.23757,0.28881,3.28817,1.03509,0.30609,3.53737,1.11248,0.27327,3.46511,1.31398,0.29933,3.46418,1.47898,0.30205,3.28345,1.44797,0.43145,3.41058,1.54263,0.12500,3.43050,1.39721,0.04042,3.46657,1.18073,-0.00118,3.42312,1.15342,0.05283,3.60972,1.03346,0.00921,3.67133,0.97089,0.01796,3.68234,0.99775,0.08184,3.73550,0.93303,0.04183,3.41260,1.51142,0.48893,3.39119,1.36874,0.55296,3.33596,1.15592,0.56161,3.32225,1.15466,0.48166,3.35351,1.05662,0.58567,3.37164,0.88760,0.59326,3.42725,0.88543,0.54267,3.40341,0.80947,0.59534,3.47712,1.03946,0.15064,3.50906,1.04889,0.40399,3.28821,1.05496,0.25554,3.29954,1.05974,0.35119,3.38289,0.95105,0.10334,3.36825,0.73916,0.12282,3.34794,0.54738,0.15703,3.13590,0.31761,0.17667,3.02033,0.17329,0.20800,2.95059,0.15641,0.27696,3.18311,0.05589,0.23844,3.08347,0.04263,0.16133,3.44572,0.93772,0.47796,3.58606,0.67668,0.44156,3.62800,0.57561,0.42131,3.60245,0.40064,0.44795,3.64711,0.10376,0.39447,3.61309,0.06237,0.32396,3.88551,0.08124,0.38164,3.78621,0.03986,0.45203,0.00000,0.00000,0.00000,0.00000,0.00000,0.00000,0.00000,0.00000,0.00000,0.00000,0.00000,0.00000,0.00000,0.00000,0.00000,0.00000,0.00000,0.00000
5.68000,  569,3.44695,1.73586,0.22528,3.57613,1.78713,0.24099,3.55183,1.72443,0.37202,3.57032,1.70340,0.20139,3.37116,1.59018,0.32240,3.28501,1.23903,0.29008,3.30135,1.03600,0.30776,3.55056,1.11423,0.27276,3.47823,1.31575,0.30025,3.47701,1.48057,0.30314,3.29700,1.44922,0.43293,3.42294,1.54421,0.12621,3.44175,1.39838,0.04188,3.47596,1.18142,0.00083,3.43256,1.15451,0.05520,3.61692,1.03187,0.00997,3.67776,0.96845,0.01844,3.68938,0.99503,0.08232,3.74141,0.92966,0.04193,3.42615,1.51288,0.49012,3.40524,1.37004,0.55404,3.35032,1.15728,0.56239,3.33631,1.15615,0.48216,3.36763,1.05781,0.58593,3.38563,0.88863,0.59315,3.44111,0.88659,0.54252,3.41731,0.81066,0.59512,3.48967,1.04043,0.15206,3.52287,1.05128,0.40417,3.30094,1.05563,0.25702,3.31305,1.06135,0.35281,3.39649,0.95092,0.10541,3.38640,0.73849,0.12340,3.37068,0.54618,0.15464,3.15277,0.32283,0.17471,3.03368,0.18205,0.20630,2.96405,0.17095,0.27621,3.18377,0.05554,0.23817,3.08615,0.04552,0.16100,3.45984,0.94104,0.48004,3.60148,0.67924,0.44247,3.64142,0.57715,0.42194,3.61216,0.40231,0.44897,3.64876,0.10458,0.39421,3.61327,0.06267,0.32392,3.88687,0.07802,0.38039,3.78724,0.03974,0.45237,0.00000,0.00000,0.00000,0.00000,0.00000,0.00000,0.00000,0.00000,0.00000,0.00000,0.00000,0.00000,0.00000,0.00000,0.00000,0.00000,0.00000,0.00000
5.69000,  570,3.45924,1.73747,0.22643,3.58852,1.78861,0.24149,3.56468,1.72583,0.37267,3.58255,1.70501,0.20181,3.38397,1.59181,0.32389,3.29786,1.24044,0.29147,3.31429,1.03722,0.30935,3.56306,1.11624,0.27202,3.48972,1.31728,0.30163,3.48984,1.48227,0.30401,3.31054,1.45075,0.43484,3.43503,1.54590,0.12743,3.45287,1.39996,0.04322,3.48520,1.18266,0.00287,3.44170,1.15618,0.05766,3.62367,1.03069,0.01079,3.68352,0.96624,0.01869,3.69588,0.99234,0.08260,3.74646,0.92612,0.04173,3.43980,1.51464,0.49136,3.41924,1.37172,0.55508,3.36474,1.15884,0.56325,3.35054,1.15794,0.48296,3.38204,1.05944,0.58648,3.39993,0.89019,0.59314,3.45544,0.88822,0.54244,3.43152,0.81212,0.59491,3.50170,1.04141,0.15331,3.53633,1.05390,0.40468,3.31415,1.05671,0.25838,3.32612,1.06326,0.35448,3.41020,0.95069,0.10720,3.40511,0.73743,0.12374,3.39398,0.54486,0.15215,3.17177,0.32741,0.17302,3.04909,0.19119,0.20501,2.97979,0.18664,0.27584,3.18567,0.05481,0.23760,3.08943,0.04991,0.16087,3.47339,0.94414,0.48185,3.61532,0.68151,0.44316,3.65303,0.57809,0.42249,3.62045,0.40365,0.44947,3.65067,0.10512,0.39382,3.61346,0.06296,0.32405,3.88803,0.07503,0.38000,3.78797,0.03953,0.45292,0.00000,0.00000,0.00000,0.00000,0.00000,0.00000,0.00000,0.00000,0.00000,0.00000,0.00000,0.00000,0.00000,0.00000,0.00000,0.00000,0.00000,0.00000
5.70000,  571,3.47139,1.73913,0.22725,3.60059,1.79005,0.24196,3.57729,1.72714,0.37320,3.59460,1.70658,0.20225,3.39642,1.59316,0.32388,3.31064,1.24155,0.29304,3.32687,1.03801,0.31070,3.57524,1.11829,0.27124,3.50250,1.31918,0.30244,3.50262,1.48398,0.30477,3.32417,1.45228,0.43627,3.44702,1.54766,0.12850,3.46391,1.40162,0.04465,3.49414,1.18389,0.00488,3.45056,1.15890,0.06111,3.63005,1.02985,0.01165,3.68889,0.96405,0.01874,3.70192,0.98962,0.08277,3.75101,0.92246,0.04156,3.45344,1.51648,0.49233,3.43327,1.37372,0.55612,3.37907,1.16054,0.56382,3.36461,1.16002,0.48386,3.39677,1.06128,0.58700,3.41449,0.89200,0.59335,3.47023,0.89024,0.54264,3.44617,0.81369,0.59475,3.51333,1.04245,0.15476,3.54951,1.05676,0.40515,3.32672,1.05710,0.26010,3.33926,1.06488,0.35600,3.42373,0.94981,0.10899,3.42433,0.73625,0.12366,3.41779,0.54371,0.14964,3.19214,0.33161,0.17142,3.06550,0.20125,0.20469,2.99740,0.20328,0.27569,3.18956,0.05349,0.23667,3.09399,0.05689,0.16074,3.48676,0.94681,0.48337,3.62630,0.68268,0.44442,3.66290,0.57853,0.42346,3.62745,0.40457,0.44970,3.65236,0.10592,0.39402,3.61358,0.06312,0.32398,3.88829,0.07300,0.37973,3.78806,0.03889,0.45327,0.00000,0.00000,0.00000,0.00000,0.00000,0.00000,0.00000,0.00000,0.00000,0.00000,0.00000,0.00000,0.00000,0.00000,0.00000,0.00000,0.00000,0.00000
5.71000,  572,3.48320,1.74073,0.22830,3.61260,1.79161,0.24251,3.58990,1.72833,0.37365,3.60640,1.70818,0.20274,3.40877,1.59446,0.32486,3.32284,1.24292,0.29454,3.33919,1.03880,0.31231,3.58690,1.12023,0.27067,3.51558,1.32109,0.30311,3.51515,1.48556,0.30547,3.33759,1.45380,0.43783,3.45867,1.54943,0.12945,3.47482,1.40338,0.04596,3.50305,1.18535,0.00668,3.45909,1.16117,0.06346,3.63624,1.02898,0.01219,3.69399,0.96195,0.01854,3.70785,0.98692,0.08279,3.75519,0.91869,0.04118,3.46709,1.51823,0.49309,3.44738,1.37584,0.55709,3.39348,1.16246,0.56479,3.37882,1.16226,0.48472,3.41146,1.06316,0.58764,3.42972,0.89389,0.59376,3.48506,0.89234,0.54283,3.46135,0.81545,0.59456,3.52560,1.04376,0.15635,3.56243,1.05963,0.40580,3.33852,1.05828,0.26161,3.35211,1.06616,0.35763,3.43716,0.94959,0.11010,3.44387,0.73509,0.12343,3.44187,0.54278,0.14731,3.21330,0.33588,0.17033,3.08279,0.21236,0.20443,3.01670,0.22061,0.27571,3.19460,0.05212,0.23658,3.09941,0.06600,0.16088,3.50007,0.94911,0.48486,3.63495,0.68266,0.44559,3.67108,0.57838,0.42453,3.63332,0.40530,0.44987,3.65405,0.10687,0.39380,3.61371,0.06327,0.32392,3.88843,0.07115,0.37923,3.78773,0.03834,0.45323,0.00000,0.00000,0.00000,0.00000,0.00000,0.00000,0.00000,0.00000,0.00000,0.00000,0.00000,0.00000,0.00000,0.00000,0.00000,0.00000,0.00000,0.00000
5.72000,  573,3.49506,1.74224,0.22919,3.62436,1.79334,0.24290,3.60238,1.72976,0.37408,3.61805,1.71003,0.20294,3.42109,1.59572,0.32592,3.33507,1.24445,0.29639,3.35127,1.03946,0.31406,3.59856,1.12200,0.27022,3.52795,1.32262,0.30378,3.52759,1.48706,0.30580,3.35130,1.45542,0.43942,3.47003,1.55099,0.13030,3.48552,1.40482,0.04707,3.51160,1.18646,0.00836,3.46765,1.16324,0.06557,3.64229,1.02808,0.01251,3.69909,0.96004,0.01805,3.71347,0.98415,0.08268,3.75916,0.91481,0.04065,3.48092,1.52009,0.49367,3.46155,1.37781,0.55809,3.40780,1.16424,0.56571,3.39299,1.16432,0.48574,3.42622,1.06493,0.58845,3.44518,0.89587,0.59440,3.50041,0.89449,0.54330,3.47687,0.81715,0.59444,3.53724,1.04473,0.15774,3.57505,1.06238,0.40647,3.34982,1.05849,0.26341,3.36460,1.06761,0.35928,3.45032,0.94922,0.11186,3.46356,0.73477,0.12305,3.46630,0.54254,0.14513,3.23425,0.34138,0.16949,3.10075,0.22329,0.20447,3.03797,0.23760,0.27665,3.20056,0.05050,0.23512,3.10618,0.07618,0.16125,3.51330,0.95127,0.48637,3.64217,0.68167,0.44653,3.67840,0.57760,0.42552,3.63853,0.40572,0.44958,3.65522,0.10712,0.39320,3.61385,0.06336,0.32382,3.88940,0.06860,0.37899,3.78786,0.03791,0.45334,0.00000,0.00000,0.00000,0.00000,0.00000,0.00000,0.00000,0.00000,0.00000,0.00000,0.00000,0.00000,0.00000,0.00000,0.00000,0.00000,0.00000,0.00000
5.73000,  574,3.50669,1.74402,0.22991,3.63600,1.79522,0.24317,3.61477,1.73131,0.37421,3.62969,1.71197,0.20300,3.43345,1.59737,0.32916,3.34700,1.24608,0.29793,3.36304,1.04041,0.31588,3.61009,1.12341,0.26998,3.54016,1.32417,0.30416,3.53978,1.48861,0.30609,3.36472,1.45699,0.44084,3.48103,1.55258,0.13084,3.49606,1.40598,0.04811,3.51980,1.18730,0.01003,3.47594,1.16491,0.06794,3.64818,1.02716,0.01264,3.70406,0.95816,0.01752,3.71875,0.98114,0.08230,3.76272,0.91082,0.04000,3.49469,1.52189,0.49414,3.47582,1.37974,0.55883,3.42231,1.16595,0.56687,3.40699,1.16617,0.48723,3.44123,1.06659,0.58942,3.46104,0.89761,0.59511,3.51596,0.89660,0.54358,3.49289,0.81883,0.59437,3.54867,1.04572,0.15879,3.58754,1.06487,0.40705,3.36215,1.05988,0.26509,3.37683,1.06939,0.36105,3.46309,0.94920,0.11434,3.48272,0.73533,0.12263,3.49069,0.54310,0.14324,3.25558,0.34805,0.16868,3.11961,0.23412,0.20482,3.06174,0.25410,0.27790,3.20685,0.04841,0.23299,3.11364,0.08691,0.16210,3.52620,0.95334,0.48773,3.64856,0.68026,0.44678,3.68519,0.57676,0.42637,3.64312,0.40552,0.44904,3.65643,0.10781,0.39282,3.61404,0.06349,0.32371,3.89025,0.06668,0.37867,3.78794,0.03763,0.45342,0.00000,0.00000,0.00000,0.00000,0.00000,0.00000,0.00000,0.00000,0.00000,0.00000,0.00000,0.00000,0.00000,0.00000,0.00000,0.00000,0.00000,0.00000
5.74000,  575,3.51824,1.74580,0.23061,3.64756,1.79730,0.24324,3.62702,1.73292,0.37436,3.64125,1.71407,0.20290,3.44580,1.59908,0.33009,3.35875,1.24769,0.29980,3.37460,1.04153,0.31773,3.62153,1.12451,0.27001,3.55201,1.32548,0.30443,3.55185,1.49014,0.30605,3.37796,1.45854,0.44231,3.49185,1.55392,0.13128,3.50632,1.40687,0.04897,3.52787,1.18795,0.01154,3.48431,1.16630,0.06976,3.65357,1.02601,0.01299,3.70878,0.95620,0.01693,3.72397,0.97831,0.08201,3.76601,0.90674,0.03936,3.50829,1.52367,0.49462,3.49036,1.38144,0.55955,3.43701,1.16754,0.56797,3.42055,1.16776,0.48872,3.45643,1.06825,0.59054,3.47714,0.89932,0.59574,3.53177,0.89866,0.54392,3.50926,0.82054,0.59449,3.55975,1.04685,0.15973,3.59980,1.06704,0.40756,3.37360,1.06093,0.26723,3.38910,1.07092,0.36287,3.47566,0.94981,0.11571,3.50120,0.73679,0.12200,3.51489,0.54444,0.14149,3.27751,0.35492,0.16762,3.13956,0.24441,0.20502,3.08699,0.26883,0.27963,3.21379,0.04568,0.23186,3.12237,0.09741,0.16413,3.53876,0.95522,0.48885,3.65500,0.67943,0.44703,3.69185,0.57607,0.42670,3.64738,0.40500,0.44832,3.65712,0.10802,0.39217,3.61417,0.06355,0.32357,3.89086,0.06548,0.37842,3.78790,0.03752,0.45333,0.00000,0.00000,0.00000,0.00000,0.00000,0.00000,0.00000,0.00000,0.00000,0.00000,0.00000,0.00000,0.00000,0.00000,0.00000,0.00000,0.00000,0.00000
5.75000,  576,3.52979,1.74775,0.23096,3.65896,1.79945,0.24328,3.63933,1.73472,0.37428,3.65255,1.71638,0.20273,3.45781,1.60089,0.33050,3.37028,1.24964,0.30149,3.38929,1.04369,0.32103,3.63296,1.12557,0.27032,3.56339,1.32677,0.30460,3.56369,1.49178,0.30587,3.39108,1.46048,0.44390,3.50242,1.55536,0.13148,3.51608,1.40772,0.04967,3.53577,1.18848,0.01290,3.49265,1.16725,0.07141,3.65939,1.02498,0.01270,3.71315,0.95414,0.01613,3.72879,0.97536,0.08155,3.76893,0.90272,0.03845,3.52178,1.52542,0.49481,3.50500,1.38312,0.55989,3.45182,1.16915,0.56938,3.43451,1.16912,0.49056,3.47175,1.06985,0.59170,3.49351,0.90105,0.59646,3.54777,0.90077,0.54429,3.52593,0.82232,0.59453,3.57071,1.04836,0.16041,3.61191,1.06886,0.40810,3.38470,1.06217,0.26906,3.40084,1.07302,0.36469,3.48776,0.95118,0.11673,3.51903,0.73881,0.12144,3.53878,0.54685,0.13955,3.30034,0.36178,0.16646,3.16028,0.25412,0.20534,3.11301,0.28170,0.28175,3.22099,0.04187,0.23042,3.13240,0.10741,0.16688,3.55110,0.95709,0.48991,3.66288,0.67962,0.44738,3.69823,0.57588,0.42669,3.65143,0.40485,0.44766,3.65757,0.10819,0.39157,3.61425,0.06360,0.32352,3.89119,0.06447,0.37831,3.78796,0.03744,0.45336,0.00000,0.00000,0.00000,0.00000,0.00000,0.00000,0.00000,0.00000,0.00000,0.00000,0.00000,0.00000,0.00000,0.00000,0.00000,0.00000,0.00000,0.00000
5.76000,  577,3.54106,1.74976,0.23118,3.67024,1.80167,0.24297,3.65153,1.73648,0.37386,3.66388,1.71875,0.20218,3.46971,1.60290,0.33087,3.38163,1.25166,0.30327,3.40125,1.04616,0.32333,3.64427,1.12666,0.27093,3.57495,1.32835,0.30446,3.57536,1.49348,0.30564,3.40381,1.46255,0.44515,3.51292,1.55682,0.13162,3.52535,1.40863,0.05017,3.54363,1.18909,0.01426,3.50087,1.16827,0.07316,3.66444,1.02369,0.01269,3.71728,0.95224,0.01536,3.73327,0.97236,0.08104,3.77153,0.89879,0.03746,3.53512,1.52730,0.49494,3.51975,1.38468,0.56011,3.46690,1.17092,0.57085,3.44827,1.17072,0.49247,3.48743,1.07152,0.59295,3.51011,0.90269,0.59723,3.56407,0.90302,0.54459,3.54319,0.82436,0.59484,3.58132,1.05014,0.16083,3.62385,1.07036,0.40870,3.39557,1.06413,0.27091,3.41234,1.07523,0.36635,3.49940,0.95309,0.11774,3.53568,0.74114,0.12125,3.56236,0.55007,0.13751,3.32345,0.36828,0.16550,3.18151,0.26343,0.20608,3.13976,0.29251,0.28417,3.22862,0.03756,0.22818,3.14484,0.11715,0.16888,3.56291,0.95895,0.49108,3.67195,0.68066,0.44784,3.70448,0.57591,0.42650,3.65522,0.40510,0.44714,3.65810,0.10857,0.39148,3.61431,0.06370,0.32354,3.89145,0.06381,0.37824,3.78806,0.03742,0.45338,0.00000,0.00000,0.00000,0.00000,0.00000,0.00000,0.00000,0.00000,0.00000,0.00000,0.00000,0.00000,0.00000,0.00000,0.00000,0.00000,0.00000,0.00000
5.77000,  578,3.55226,1.75170,0.23154,3.68151,1.80396,0.24251,3.66362,1.73839,0.37337,3.67506,1.72107,0.20150,3.48148,1.60481,0.33124,3.39281,1.25380,0.30514,3.41223,1.04804,0.32489,3.65531,1.12798,0.27183,3.58608,1.32982,0.30434,3.58671,1.49514,0.30535,3.41633,1.46485,0.44648,3.52313,1.55829,0.13169,3.53414,1.40962,0.05062,3.55142,1.18976,0.01545,3.50881,1.16932,0.07430,3.66952,1.02259,0.01237,3.72101,0.95028,0.01445,3.73740,0.96935,0.08039,3.77374,0.89508,0.03616,3.54821,1.52930,0.49501,3.53414,1.38655,0.56019,3.48209,1.17250,0.57219,3.46219,1.17217,0.49416,3.50342,1.07334,0.59417,3.52707,0.90461,0.59809,3.58035,0.90527,0.54475,3.56053,0.82647,0.59521,3.59229,1.05244,0.16142,3.63543,1.07150,0.40948,3.40615,1.06605,0.27300,3.42378,1.07738,0.36800,3.51053,0.95529,0.11886,3.55191,0.74390,0.12121,3.58530,0.55386,0.13544,3.34739,0.37451,0.16449,3.20277,0.27249,0.20700,3.16580,0.30137,0.28695,3.24063,0.03753,0.22533,3.16041,0.12659,0.17064,3.57431,0.96095,0.49202,3.68094,0.68129,0.44846,3.71046,0.57579,0.42637,3.65859,0.40585,0.44704,3.65833,0.10884,0.39130,3.61433,0.06379,0.32355,3.89160,0.06338,0.37815,3.78808,0.03738,0.45340,0.00000,0.00000,0.00000,0.00000,0.00000,0.00000,0.00000,0.00000,0.00000,0.00000,0.00000,0.00000,0.00000,0.00000,0.00000,0.00000,0.00000,0.00000
5.78000,  579,3.56349,1.75385,0.23135,3.69268,1.80626,0.24189,3.67568,1.74032,0.37253,3.68604,1.72347,0.20060,3.49308,1.60680,0.33132,3.40376,1.25614,0.30688,3.42332,1.05052,0.32664,3.66617,1.12966,0.27283,3.59714,1.33170,0.30419,3.59808,1.49701,0.30493,3.42877,1.46727,0.44767,3.53323,1.55987,0.13158,3.54255,1.41082,0.05087,3.55905,1.19064,0.01653,3.51644,1.17052,0.07574,3.67399,1.02162,0.01227,3.72440,0.94849,0.01349,3.74107,0.96642,0.07966,3.77540,0.89155,0.03481,3.56113,1.53141,0.49491,3.54834,1.38858,0.56022,3.49746,1.17443,0.57337,3.47628,1.17385,0.49594,3.51956,1.07521,0.59502,3.54426,0.90681,0.59886,3.59688,0.90773,0.54488,3.57815,0.82892,0.59568,3.60193,1.05470,0.16118,3.64691,1.07251,0.41031,3.41669,1.06835,0.27451,3.43495,1.07970,0.36970,3.52130,0.95784,0.11968,3.56779,0.74687,0.12117,3.60793,0.55819,0.13326,3.37074,0.38116,0.16404,3.22460,0.28056,0.20854,3.19003,0.30824,0.29009,3.26143,0.04637,0.22153,3.17979,0.13609,0.17048,3.58521,0.96314,0.49271,3.68935,0.68179,0.44893,3.71600,0.57587,0.42626,3.66165,0.40666,0.44699,3.65857,0.10917,0.39114,3.61435,0.06390,0.32360,3.89175,0.06313,0.37810,3.78811,0.03731,0.45348,0.00000,0.00000,0.00000,0.00000,0.00000,0.00000,0.00000,0.00000,0.00000,0.00000,0.00000,0.00000,0.00000,0.00000,0.00000,0.00000,0.00000,0.00000
5.79000,  580,3.57445,1.75596,0.23111,3.70373,1.80848,0.24078,3.68776,1.74230,0.37159,3.69692,1.72582,0.19952,3.50464,1.60898,0.33132,3.41473,1.25843,0.30850,3.43461,1.05272,0.32806,3.67703,1.13171,0.27370,3.60822,1.33377,0.30392,3.60927,1.49895,0.30445,3.44097,1.46978,0.44863,3.54313,1.56165,0.13156,3.55082,1.41219,0.05094,3.56629,1.19161,0.01764,3.52380,1.17207,0.07658,3.67826,1.02092,0.01189,3.72730,0.94679,0.01239,3.74438,0.96377,0.07877,3.77679,0.88834,0.03315,3.57385,1.53378,0.49469,3.56229,1.39090,0.56012,3.51296,1.17652,0.57459,3.49055,1.17566,0.49770,3.53599,1.07750,0.59600,3.56199,0.90922,0.59998,3.61354,0.91036,0.54494,3.59625,0.83177,0.59636,3.61145,1.05724,0.16114,3.65810,1.07369,0.41117,3.42716,1.07090,0.27618,3.44598,1.08199,0.37083,3.53163,0.96071,0.12023,3.58380,0.74994,0.12032,3.62993,0.56312,0.13106,3.39326,0.38854,0.16386,3.24652,0.28790,0.21034,3.21183,0.31327,0.29311,3.28692,0.05444,0.21776,3.20377,0.14414,0.16922,3.59581,0.96514,0.49322,3.69650,0.68206,0.44912,3.72094,0.57599,0.42641,3.66448,0.40721,0.44737,3.65897,0.10976,0.39122,3.61433,0.06399,0.32369,3.89180,0.06289,0.37809,3.78812,0.03727,0.45352,0.00000,0.00000,0.00000,0.00000,0.00000,0.00000,0.00000,0.00000,0.00000,0.00000,0.00000,0.00000,0.00000,0.00000,0.00000,0.00000,0.00000,0.00000
5.80000,  581,3.58551,1.75818,0.22968,3.71466,1.81075,0.23972,3.69965,1.74443,0.37055,3.70763,1.72808,0.19834,3.51608,1.61129,0.33154,3.42556,1.26084,0.30993,3.44497,1.05544,0.32895,3.68788,1.13406,0.27443,3.61912,1.33576,0.30379,3.62033,1.50103,0.30402,3.45308,1.47237,0.44961,3.55306,1.56350,0.13145,3.55891,1.41362,0.05114,3.57362,1.19304,0.01864,3.53142,1.17392,0.07799,3.68242,1.02046,0.01121,3.72985,0.94542,0.01111,3.74727,0.96138,0.07771,3.77784,0.88553,0.03144,3.58635,1.53632,0.49458,3.57592,1.39349,0.56010,3.52848,1.17876,0.57563,3.50438,1.17785,0.49930,3.55258,1.08002,0.59692,3.57990,0.91215,0.60124,3.63028,0.91331,0.54505,3.61438,0.83476,0.59704,3.62084,1.06005,0.16126,3.66904,1.07502,0.41218,3.43727,1.07337,0.27719,3.45673,1.08449,0.37182,3.54192,0.96369,0.12082,3.59958,0.75366,0.12050,3.65141,0.56840,0.12899,3.41547,0.39606,0.16463,3.26934,0.29394,0.21206,3.23291,0.31656,0.29524,3.31585,0.06215,0.21452,3.23087,0.15061,0.16732,3.60640,0.96703,0.49363,3.70278,0.68247,0.44953,3.72485,0.57607,0.42681,3.66691,0.40770,0.44809,3.65912,0.11015,0.39132,3.61436,0.06413,0.32376,3.89184,0.06272,0.37811,3.78814,0.03720,0.45359,0.00000,0.00000,0.00000,0.00000,0.00000,0.00000,0.00000,0.00000,0.00000,0.00000,0.00000,0.00000,0.00000,0.00000,0.00000,0.00000,0.00000,0.00000
5.81000,  582,3.59638,1.76038,0.22908,3.72559,1.81286,0.23827,3.71138,1.74657,0.36917,3.71826,1.73021,0.19688,3.52725,1.61369,0.33128,3.43621,1.26330,0.31133,3.45507,1.05789,0.32961,3.69825,1.13653,0.27501,3.62985,1.33793,0.30363,3.63121,1.50318,0.30351,3.46496,1.47502,0.45054,3.56279,1.56531,0.13132,3.56693,1.41523,0.05128,3.58061,1.19451,0.01946,3.53821,1.17605,0.07916,3.68571,1.02012,0.01088,3.73201,0.94436,0.00970,3.74984,0.95926,0.07646,3.77859,0.88310,0.02945,3.59869,1.53902,0.49422,3.58924,1.39630,0.56000,3.54388,1.18121,0.57673,3.51780,1.17948,0.50072,3.56920,1.08275,0.59759,3.59769,0.91510,0.60208,3.64730,0.91657,0.54516,3.63290,0.83814,0.59783,3.63099,1.06327,0.16149,3.67978,1.07671,0.41307,3.44716,1.07556,0.27772,3.46720,1.08657,0.37268,3.55222,0.96663,0.12141,3.61529,0.75730,0.12004,3.67215,0.57382,0.12710,3.43767,0.40318,0.16573,3.29302,0.29897,0.21353,3.25393,0.31882,0.29700,3.34683,0.06968,0.21169,3.25977,0.15585,0.16500,3.61695,0.96884,0.49385,3.70845,0.68269,0.45011,3.72819,0.57605,0.42727,3.66881,0.40792,0.44858,3.65923,0.11036,0.39130,3.61435,0.06423,0.32377,3.89187,0.06253,0.37809,3.78809,0.03727,0.45362,0.00000,0.00000,0.00000,0.00000,0.00000,0.00000,0.00000,0.00000,0.00000,0.00000,0.00000,0.00000,0.00000,0.00000,0.00000,0.00000,0.00000,0.00000
5.82000,  583,3.60704,1.76258,0.22836,3.73636,1.81494,0.23668,3.72309,1.74865,0.36758,3.72858,1.73228,0.19531,3.53844,1.61609,0.33146,3.44671,1.26572,0.31259,3.46272,1.06095,0.32843,3.70867,1.13916,0.27545,3.64042,1.34011,0.30351,3.64201,1.50542,0.30291,3.47684,1.47792,0.45131,3.57241,1.56731,0.13122,3.57506,1.41694,0.05138,3.58732,1.19616,0.02036,3.54435,1.17872,0.07954,3.68944,1.02045,0.00974,3.73395,0.94357,0.00809,3.75214,0.95743,0.07497,3.77910,0.88104,0.02736,3.61097,1.54179,0.49380,3.60236,1.39929,0.56010,3.55925,1.18385,0.57753,3.53105,1.18184,0.50208,3.58582,1.08573,0.59840,3.61552,0.91805,0.60276,3.66483,0.92027,0.54552,3.65146,0.84174,0.59852,3.64100,1.06659,0.16197,3.69026,1.07861,0.41378,3.45714,1.07801,0.27862,3.47776,1.08881,0.37353,3.56293,0.96985,0.12108,3.63106,0.76114,0.11940,3.69230,0.57936,0.12550,3.46015,0.40948,0.16683,3.31741,0.30268,0.21468,3.27577,0.31973,0.29809,3.37900,0.07641,0.20932,3.29008,0.16015,0.16257,3.62875,0.97093,0.49417,3.71333,0.68283,0.45046,3.73113,0.57599,0.42775,3.67022,0.40807,0.44896,3.65935,0.11055,0.39111,3.61437,0.06436,0.32380,3.89193,0.06233,0.37809,3.78808,0.03724,0.45366,0.00000,0.00000,0.00000,0.00000,0.00000,0.00000,0.00000,0.00000,0.00000,0.00000,0.00000,0.00000,0.00000,0.00000,0.00000,0.00000,0.00000,0.00000
5.83000,  584,3.61750,1.76476,0.22744,3.74694,1.81690,0.23487,3.73470,1.75070,0.36594,3.73876,1.73427,0.19357,3.54953,1.61846,0.33137,3.45705,1.26815,0.31368,3.46694,1.06347,0.32743,3.71880,1.14196,0.27570,3.65099,1.34241,0.30341,3.65272,1.50771,0.30238,3.48862,1.48068,0.45230,3.58186,1.56943,0.13116,3.58325,1.41873,0.05154,3.59375,1.19794,0.02091,3.55101,1.18049,0.08048,3.69231,1.02064,0.00919,3.73553,0.94307,0.00633,3.75422,0.95597,0.07335,3.77935,0.87923,0.02508,3.62309,1.54464,0.49339,3.61550,1.40235,0.56019,3.57445,1.18655,0.57855,3.54434,1.18461,0.50343,3.60239,1.08871,0.59894,3.63371,0.92178,0.60361,3.68137,0.92365,0.54511,3.67034,0.84560,0.59932,3.65086,1.06975,0.16250,3.70047,1.08075,0.41419,3.46454,1.07740,0.27880,3.48748,1.09044,0.37507,3.57369,0.97259,0.12113,3.64661,0.76496,0.11885,3.71211,0.58518,0.12390,3.48278,0.41431,0.16810,3.34204,0.30496,0.21556,3.29824,0.31930,0.29868,3.41144,0.08158,0.20752,3.32089,0.16299,0.16043,3.63891,0.97205,0.49430,3.71792,0.68283,0.45060,3.73396,0.57588,0.42814,3.67169,0.40841,0.44941,3.65947,0.11076,0.39064,3.61437,0.06450,0.32381,3.89201,0.06211,0.37809,3.78809,0.03725,0.45366,0.00000,0.00000,0.00000,0.00000,0.00000,0.00000,0.00000,0.00000,0.00000,0.00000,0.00000,0.00000,0.00000,0.00000,0.00000,0.00000,0.00000,0.00000
5.84000,  585,3.62781,1.76679,0.22647,3.75738,1.81874,0.23280,3.74618,1.75272,0.36411,3.74868,1.73599,0.19177,3.56049,1.62072,0.33139,3.46743,1.27045,0.31457,3.47546,1.06652,0.32672,3.72859,1.14460,0.27589,3.66144,1.34461,0.30320,3.66331,1.50996,0.30179,3.50034,1.48348,0.45294,3.59143,1.57136,0.13096,3.59133,1.42053,0.05161,3.59984,1.19969,0.02160,3.55716,1.18302,0.08116,3.69534,1.02113,0.00805,3.73710,0.94277,0.00453,3.75623,0.95482,0.07166,3.77946,0.87774,0.02254,3.63514,1.54750,0.49286,3.62851,1.40539,0.56009,3.58938,1.18940,0.57918,3.55772,1.18715,0.50462,3.61861,1.09185,0.59953,3.65197,0.92537,0.60449,3.69853,0.92734,0.54505,3.68920,0.84961,0.60000,3.66081,1.07275,0.16321,3.71056,1.08302,0.41449,3.47545,1.07903,0.27916,3.49849,1.09272,0.37447,3.58453,0.97503,0.12060,3.66109,0.76955,0.11486,3.73145,0.59091,0.12259,3.50600,0.41778,0.16849,3.36700,0.30571,0.21609,3.32154,0.31748,0.29907,3.44418,0.08541,0.20582,3.35155,0.16438,0.15868,3.64896,0.97357,0.49440,3.72256,0.68310,0.45104,3.73668,0.57578,0.42834,3.67342,0.40861,0.44967,3.65976,0.11111,0.39029,3.61440,0.06461,0.32381,3.89212,0.06186,0.37807,3.78806,0.03723,0.45369,0.00000,0.00000,0.00000,0.00000,0.00000,0.00000,0.00000,0.00000,0.00000,0.00000,0.00000,0.00000,0.00000,0.00000,0.00000,0.00000,0.00000,0.00000
5.85000,  586,3.63795,1.76881,0.22543,3.76766,1.82047,0.23061,3.75758,1.75465,0.36210,3.75835,1.73765,0.18985,3.57131,1.62290,0.33118,3.47796,1.27264,0.31565,3.48619,1.06843,0.32727,3.73848,1.14723,0.27599,3.67180,1.34670,0.30314,3.67387,1.51204,0.30119,3.51190,1.48602,0.45358,3.60078,1.57314,0.13079,3.59946,1.42224,0.05176,3.60557,1.20143,0.02203,3.56258,1.18586,0.08188,3.69821,1.02183,0.00680,3.73837,0.94258,0.00255,3.75823,0.95382,0.06964,3.77950,0.87650,0.02003,3.64698,1.55027,0.49229,3.64150,1.40845,0.56012,3.60417,1.19206,0.58009,3.57290,1.19024,0.50653,3.63477,1.09487,0.59997,3.67002,0.92902,0.60496,3.71594,0.93117,0.54494,3.70821,0.85380,0.60049,3.67073,1.07565,0.16396,3.72063,1.08534,0.41451,3.48411,1.08099,0.27987,3.50872,1.09459,0.37473,3.59510,0.97750,0.11832,3.67738,0.77300,0.11682,3.75069,0.59677,0.12115,3.52911,0.41990,0.16843,3.39220,0.30509,0.21617,3.34593,0.31435,0.29927,3.47707,0.08795,0.20378,3.38193,0.16414,0.15726,3.65826,0.97487,0.49454,3.72737,0.68333,0.45121,3.73926,0.57569,0.42849,3.67509,0.40903,0.45005,3.66020,0.11157,0.39026,3.61444,0.06477,0.32378,3.89221,0.06159,0.37802,3.78820,0.03719,0.45367,0.00000,0.00000,0.00000,0.00000,0.00000,0.00000,0.00000,0.00000,0.00000,0.00000,0.00000,0.00000,0.00000,0.00000,0.00000,0.00000,0.00000,0.00000
5.86000,  587,3.64788,1.77058,0.22448,3.77773,1.82205,0.22834,3.76884,1.75644,0.36001,3.76783,1.73917,0.18785,3.58215,1.62486,0.33111,3.48806,1.27482,0.31668,3.49662,1.07018,0.32734,3.74828,1.14965,0.27615,3.68209,1.34879,0.30291,3.68442,1.51404,0.30061,3.52349,1.48838,0.45400,3.61022,1.57492,0.13060,3.60761,1.42389,0.05167,3.61103,1.20294,0.02242,3.56844,1.18742,0.08243,3.70089,1.02238,0.00557,3.73951,0.94244,0.00058,3.76012,0.95285,0.06755,3.77961,0.87544,0.01723,3.65872,1.55290,0.49169,3.65451,1.41131,0.56002,3.61871,1.19466,0.58069,3.58598,1.19237,0.50684,3.65059,1.09778,0.60051,3.68811,0.93256,0.60525,3.73329,0.93503,0.54468,3.72732,0.85788,0.60084,3.68069,1.07817,0.16458,3.73054,1.08746,0.41457,3.49465,1.08376,0.27993,3.51914,1.09624,0.37567,3.60718,0.97920,0.12368,3.69243,0.77673,0.11542,3.76968,0.60237,0.12023,3.55244,0.42071,0.16799,3.41768,0.30296,0.21600,3.37130,0.31024,0.29940,3.51015,0.08928,0.20146,3.41196,0.16229,0.15605,3.66753,0.97589,0.49470,3.73121,0.68307,0.45153,3.74175,0.57570,0.42861,3.67665,0.40927,0.45004,3.66078,0.11211,0.39041,3.61449,0.06487,0.32375,3.89236,0.06136,0.37795,3.78822,0.03730,0.45367,0.00000,0.00000,0.00000,0.00000,0.00000,0.00000,0.00000,0.00000,0.00000,0.00000,0.00000,0.00000,0.00000,0.00000,0.00000,0.00000,0.00000,0.00000
5.87000,  588,3.65775,1.77215,0.22336,3.78756,1.82342,0.22602,3.77993,1.75820,0.35786,3.77728,1.74053,0.18566,3.59295,1.62668,0.33082,3.49818,1.27672,0.31734,3.50699,1.07151,0.32746,3.75804,1.15181,0.27635,3.69235,1.35067,0.30275,3.69486,1.51582,0.29997,3.53499,1.49068,0.45478,3.61955,1.57649,0.13040,3.61564,1.42527,0.05177,3.61626,1.20439,0.02274,3.57440,1.18943,0.08381,3.70331,1.02281,0.00439,3.74068,0.94229,-0.00141,3.76203,0.95202,0.06545,3.77953,0.87434,0.01471,3.67039,1.55538,0.49104,3.66742,1.41406,0.55995,3.63311,1.19718,0.58164,3.59951,1.19417,0.50766,3.66635,1.10065,0.60111,3.70617,0.93600,0.60552,3.75083,0.93891,0.54462,3.74646,0.86192,0.60114,3.69091,1.08051,0.16498,3.74043,1.08935,0.41444,3.50439,1.08554,0.28001,3.52911,1.09790,0.37558,3.61780,0.98151,0.12171,3.70837,0.77966,0.11529,3.78838,0.60792,0.11928,3.57573,0.42071,0.16710,3.44341,0.29959,0.21548,3.39718,0.30484,0.29948,3.54302,0.08934,0.19963,3.44210,0.15910,0.15497,3.67634,0.97699,0.49483,3.73459,0.68287,0.45182,3.74407,0.57562,0.42874,3.67785,0.40970,0.45006,3.66140,0.11269,0.39037,3.61466,0.06480,0.32388,3.89253,0.06116,0.37789,3.78829,0.03740,0.45365,0.00000,0.00000,0.00000,0.00000,0.00000,0.00000,0.00000,0.00000,0.00000,0.00000,0.00000,0.00000,0.00000,0.00000,0.00000,0.00000,0.00000,0.00000
5.88000,  589,3.66739,1.77350,0.22218,3.79733,1.82477,0.22358,3.79094,1.75987,0.35578,3.78650,1.74167,0.18360,3.60360,1.62817,0.33045,3.50800,1.27839,0.31807,3.51756,1.07237,0.32791,3.76780,1.15365,0.27638,3.70280,1.35237,0.30243,3.70533,1.51745,0.29919,3.54629,1.49271,0.45523,3.62898,1.57776,0.13006,3.62345,1.42642,0.05160,3.62122,1.20554,0.02297,3.57992,1.19143,0.08456,3.70563,1.02315,0.00301,3.74177,0.94214,-0.00344,3.76400,0.95128,0.06316,3.77910,0.87302,0.01210,3.68197,1.55758,0.49035,3.68017,1.41657,0.55970,3.64721,1.19945,0.58222,3.61346,1.19582,0.50848,3.68190,1.10310,0.60161,3.72427,0.93931,0.60557,3.76838,0.94267,0.54433,3.76566,0.86588,0.60125,3.70052,1.08242,0.16539,3.75028,1.09089,0.41439,3.51354,1.08711,0.28016,3.53901,1.09950,0.37551,3.62861,0.98383,0.12066,3.72255,0.78363,0.11447,3.80662,0.61318,0.11849,3.59923,0.41980,0.16595,3.46944,0.29514,0.21468,3.42353,0.29837,0.29908,3.57668,0.08879,0.19746,3.47290,0.15478,0.15391,3.68444,0.97772,0.49474,3.73727,0.68231,0.45189,3.74623,0.57562,0.42907,3.67872,0.41020,0.45009,3.66155,0.11302,0.39017,3.61454,0.06502,0.32370,3.89268,0.06096,0.37780,3.78830,0.03749,0.45361,0.00000,0.00000,0.00000,0.00000,0.00000,0.00000,0.00000,0.00000,0.00000,0.00000,0.00000,0.00000,0.00000,0.00000,0.00000,0.00000,0.00000,0.00000
5.89000,  590,3.67702,1.77463,0.22101,3.80681,1.82589,0.22115,3.80209,1.76134,0.35384,3.79576,1.74276,0.18148,3.61424,1.62964,0.33004,3.51828,1.27992,0.31885,3.52767,1.07341,0.32796,3.77769,1.15516,0.27641,3.71301,1.35382,0.30223,3.71564,1.51875,0.29852,3.55763,1.49448,0.45548,3.63846,1.57872,0.12982,3.63112,1.42739,0.05140,3.62608,1.20655,0.02303,3.58505,1.19271,0.08444,3.70771,1.02314,0.00180,3.74271,0.94178,-0.00538,3.76600,0.95028,0.06093,3.77908,0.87196,0.00941,3.69344,1.55947,0.48961,3.69278,1.41879,0.55944,3.66115,1.20142,0.58294,3.62753,1.19707,0.50911,3.69728,1.10551,0.60225,3.74229,0.94238,0.60566,3.78630,0.94659,0.54410,3.78486,0.86967,0.60115,3.71007,1.08402,0.16550,3.76020,1.09199,0.41433,3.52403,1.08857,0.28025,3.54902,1.10060,0.37572,3.63926,0.98570,0.12052,3.73648,0.78734,0.11369,3.82444,0.61812,0.11782,3.62268,0.41808,0.16448,3.49600,0.28960,0.21365,3.45019,0.29106,0.29827,3.61108,0.08757,0.19547,3.50441,0.14957,0.15258,3.69333,0.97860,0.49467,3.74073,0.68190,0.45198,3.74838,0.57566,0.42946,3.67963,0.41076,0.45051,3.66177,0.11334,0.38983,3.61463,0.06518,0.32366,3.89285,0.06079,0.37776,3.78831,0.03752,0.45358,0.00000,0.00000,0.00000,0.00000,0.00000,0.00000,0.00000,0.00000,0.00000,0.00000,0.00000,0.00000,0.00000,0.00000,0.00000,0.00000,0.00000,0.00000
5.90000,  591,3.68657,1.77544,0.21986,3.81626,1.82689,0.21876,3.81313,1.76262,0.35172,3.80492,1.74365,0.17934,3.62491,1.63073,0.32975,3.52834,1.28109,0.31961,3.53859,1.07459,0.32814,3.78749,1.15625,0.27654,3.72335,1.35492,0.30196,3.72603,1.51993,0.29762,3.56888,1.49594,0.45582,3.64785,1.57947,0.12931,3.63860,1.42814,0.05108,3.63095,1.20740,0.02289,3.59102,1.19407,0.08542,3.70980,1.02291,0.00038,3.74355,0.94116,-0.00731,3.76809,0.94921,0.05874,3.77920,0.87082,0.00679,3.70489,1.56107,0.48880,3.70516,1.42085,0.55936,3.67495,1.20313,0.58376,3.64140,1.19812,0.50956,3.71250,1.10751,0.60263,3.76031,0.94521,0.60559,3.80351,0.95002,0.54370,3.80400,0.87331,0.60091,3.71984,1.08550,0.16550,3.77003,1.09260,0.41435,3.53861,1.09289,0.28021,3.55898,1.10179,0.37574,3.64978,0.98764,0.11995,3.75005,0.79049,0.11301,3.84159,0.62284,0.11709,3.64606,0.41531,0.16299,3.52312,0.28303,0.21250,3.47703,0.28251,0.29695,3.64606,0.08593,0.19357,3.53699,0.14368,0.15082,3.70506,0.98008,0.49420,3.74704,0.68209,0.45167,3.75034,0.57553,0.43002,3.68086,0.41068,0.45114,3.66208,0.11367,0.38971,3.61441,0.06514,0.32377,3.89298,0.06057,0.37775,3.78836,0.03760,0.45359,0.00000,0.00000,0.00000,0.00000,0.00000,0.00000,0.00000,0.00000,0.00000,0.00000,0.00000,0.00000,0.00000,0.00000,0.00000,0.00000,0.00000,0.00000
5.91000,  592,3.69604,1.77592,0.21873,3.82559,1.82765,0.21642,3.82384,1.76371,0.34949,3.81410,1.74435,0.17716,3.63549,1.63159,0.32910,3.53846,1.28208,0.32018,3.54854,1.07562,0.32802,3.79748,1.15693,0.27646,3.73366,1.35574,0.30160,3.73638,1.52067,0.29684,3.58014,1.49715,0.45599,3.65664,1.57973,0.12968,3.64587,1.42861,0.05063,3.63572,1.20787,0.02280,3.59677,1.19517,0.08613,3.71172,1.02253,-0.00092,3.74445,0.94044,-0.00926,3.77017,0.94809,0.05635,3.77927,0.86948,0.00412,3.71621,1.56239,0.48793,3.71728,1.42244,0.55902,3.68863,1.20456,0.58453,3.65487,1.19886,0.51031,3.72779,1.10934,0.60312,3.77823,0.94784,0.60553,3.82108,0.95348,0.54348,3.82309,0.87668,0.60045,3.72945,1.08651,0.16538,3.77999,1.09286,0.41424,3.54829,1.09413,0.28053,3.56868,1.10268,0.37575,3.66020,0.98919,0.11977,3.76420,0.79366,0.11202,3.85801,0.62700,0.11656,3.66908,0.41153,0.16180,3.55077,0.27551,0.21100,3.50403,0.27277,0.29519,3.68173,0.08385,0.19183,3.57077,0.13747,0.14865,3.71759,0.98182,0.49364,3.75100,0.68149,0.45184,3.75214,0.57538,0.43080,3.68202,0.41077,0.45193,3.66296,0.11426,0.38997,3.61446,0.06543,0.32371,3.89312,0.06038,0.37773,3.78835,0.03763,0.45356,0.00000,0.00000,0.00000,0.00000,0.00000,0.00000,0.00000,0.00000,0.00000,0.00000,0.00000,0.00000,0.00000,0.00000,0.00000,0.00000,0.00000,0.00000
5.92000,  593,3.70556,1.77623,0.21754,3.83490,1.82828,0.21409,3.83442,1.76455,0.34731,3.82326,1.74486,0.17507,3.64616,1.63219,0.32856,3.54875,1.28277,0.32068,3.55870,1.07643,0.32779,3.80738,1.15703,0.27654,3.74398,1.35624,0.30108,3.74665,1.52133,0.29598,3.59126,1.49804,0.45606,3.66600,1.58002,0.12913,3.65248,1.42875,0.05076,3.64066,1.20828,0.02246,3.60192,1.19586,0.08601,3.71359,1.02176,-0.00209,3.74543,0.93953,-0.01122,3.77234,0.94676,0.05392,3.77940,0.86806,0.00156,3.72750,1.56340,0.48708,3.72934,1.42377,0.55875,3.70227,1.20585,0.58534,3.66778,1.19939,0.51132,3.74287,1.11089,0.60358,3.79604,0.95029,0.60524,3.83864,0.95689,0.54308,3.84223,0.88012,0.59988,3.73922,1.08720,0.16511,3.78983,1.09275,0.41426,3.55820,1.09461,0.28014,3.57864,1.10356,0.37547,3.67008,0.99023,0.11944,3.77751,0.79629,0.11115,3.87389,0.63075,0.11598,3.69233,0.40739,0.16025,3.57927,0.26720,0.20941,3.53137,0.26195,0.29298,3.71784,0.08169,0.18981,3.60547,0.13089,0.14593,3.71736,0.97952,0.49448,3.75507,0.68108,0.45259,3.75403,0.57519,0.43160,3.68321,0.41102,0.45260,3.66336,0.11458,0.39009,3.61464,0.06562,0.32375,3.89321,0.06020,0.37773,3.78838,0.03766,0.45352,0.00000,0.00000,0.00000,0.00000,0.00000,0.00000,0.00000,0.00000,0.00000,0.00000,0.00000,0.00000,0.00000,0.00000,0.00000,0.00000,0.00000,0.00000
5.93000,  594,3.71500,1.77625,0.21637,3.84420,1.82871,0.21173,3.84499,1.76512,0.34505,3.83245,1.74521,0.17297,3.65670,1.63256,0.32794,3.55889,1.28339,0.32095,3.56867,1.07712,0.32767,3.81734,1.15681,0.27629,3.75400,1.35639,0.30058,3.75693,1.52153,0.29493,3.60239,1.49867,0.45609,3.67540,1.57995,0.12855,3.65970,1.42877,0.05029,3.64565,1.20840,0.02216,3.60810,1.19676,0.08673,3.71573,1.02110,-0.00354,3.74623,0.93838,-0.01317,3.77442,0.94511,0.05169,3.77956,0.86651,-0.00095,3.73878,1.56408,0.48616,3.74128,1.42487,0.55838,3.71575,1.20665,0.58604,3.68073,1.19986,0.51224,3.75796,1.11224,0.60394,3.81376,0.95246,0.60492,3.85618,0.96018,0.54270,3.86119,0.88312,0.59912,3.74876,1.08753,0.16495,3.79979,1.09236,0.41422,3.56726,1.09541,0.27994,3.58828,1.10415,0.37517,3.68027,0.99117,0.11908,3.79039,0.79840,0.11051,3.88888,0.63385,0.11567,3.71568,0.40283,0.15860,3.60791,0.25819,0.20757,3.55934,0.24994,0.29048,3.75460,0.07894,0.18780,3.64110,0.12423,0.14285,3.72820,0.98060,0.49394,3.75887,0.68538,0.45056,3.75564,0.57501,0.43254,3.68415,0.41135,0.45324,3.66357,0.11476,0.39002,3.61470,0.06594,0.32348,3.89331,0.06001,0.37771,3.78840,0.03765,0.45353,0.00000,0.00000,0.00000,0.00000,0.00000,0.00000,0.00000,0.00000,0.00000,0.00000,0.00000,0.00000,0.00000,0.00000,0.00000,0.00000,0.00000,0.00000
5.94000,  595,3.72449,1.77596,0.21505,3.85346,1.82895,0.20942,3.85533,1.76550,0.34284,3.84176,1.74530,0.17088,3.66718,1.63264,0.32723,3.56878,1.28367,0.32114,3.57857,1.07738,0.32741,3.82731,1.15612,0.27594,3.76410,1.35631,0.29982,3.76714,1.52155,0.29393,3.61351,1.49906,0.45612,3.68486,1.57973,0.12776,3.66674,1.42848,0.04967,3.65066,1.20830,0.02185,3.61396,1.19699,0.08687,3.71796,1.02027,-0.00496,3.74717,0.93714,-0.01504,3.77670,0.94351,0.04920,3.77997,0.86501,-0.00355,3.74999,1.56449,0.48512,3.75298,1.42554,0.55792,3.72918,1.20739,0.58675,3.69358,1.20007,0.51328,3.77298,1.11335,0.60423,3.83134,0.95450,0.60432,3.87346,0.96324,0.54221,3.88004,0.88615,0.59827,3.75852,1.08762,0.16462,3.80965,1.09171,0.41399,3.57734,1.09602,0.27980,3.59817,1.10445,0.37493,3.69073,0.99200,0.11872,3.80238,0.80007,0.10984,3.90323,0.63652,0.11540,3.73870,0.39733,0.15701,3.63696,0.24842,0.20541,3.58786,0.23682,0.28774,3.79238,0.07705,0.18499,3.67739,0.11748,0.13922,3.73744,0.98077,0.49381,3.75628,0.68682,0.45168,3.75713,0.57481,0.43347,3.68476,0.41164,0.45375,3.66370,0.11489,0.38971,3.61477,0.06606,0.32348,3.89341,0.05987,0.37773,3.78840,0.03769,0.45354,0.00000,0.00000,0.00000,0.00000,0.00000,0.00000,0.00000,0.00000,0.00000,0.00000,0.00000,0.00000,0.00000,0.00000,0.00000,0.00000,0.00000,0.00000
5.95000,  596,3.73395,1.77564,0.21390,3.86269,1.82896,0.20714,3.86573,1.76562,0.34054,3.85099,1.74519,0.16865,3.67777,1.63261,0.32662,3.57889,1.28384,0.32101,3.58851,1.07764,0.32721,3.83732,1.15514,0.27539,3.77432,1.35586,0.29896,3.77739,1.52127,0.29274,3.62441,1.49921,0.45577,3.69416,1.57924,0.12712,3.67396,1.42809,0.04912,3.65573,1.20808,0.02141,3.61978,1.19700,0.08668,3.72025,1.01930,-0.00642,3.74824,0.93572,-0.01691,3.77902,0.94190,0.04669,3.78038,0.86329,-0.00605,3.76118,1.56464,0.48404,3.76458,1.42599,0.55749,3.74247,1.20759,0.58724,3.70608,1.19994,0.51413,3.78788,1.11429,0.60444,3.84876,0.95628,0.60364,3.89068,0.96618,0.54164,3.89878,0.88903,0.59729,3.76824,1.08747,0.16414,3.81952,1.09083,0.41379,3.58737,1.09590,0.27945,3.60793,1.10467,0.37448,3.70067,0.99224,0.11824,3.81451,0.80141,0.10930,3.91679,0.63850,0.11540,3.76153,0.39124,0.15555,3.66639,0.23811,0.20312,3.61714,0.22264,0.28517,3.83112,0.07582,0.18124,3.71406,0.11068,0.13520,3.74682,0.98073,0.49376,3.75383,0.68804,0.45289,3.75865,0.57461,0.43424,3.68515,0.41190,0.45421,3.66392,0.11505,0.38932,3.61498,0.06635,0.32356,3.89346,0.05978,0.37770,3.78840,0.03767,0.45353,0.00000,0.00000,0.00000,0.00000,0.00000,0.00000,0.00000,0.00000,0.00000,0.00000,0.00000,0.00000,0.00000,0.00000,0.00000,0.00000,0.00000,0.00000
5.96000,  597,3.74346,1.77492,0.21291,3.87197,1.82876,0.20488,3.87612,1.76555,0.33832,3.86026,1.74499,0.16656,3.68834,1.63228,0.32583,3.58908,1.28362,0.32100,3.59848,1.07741,0.32674,3.84736,1.15396,0.27475,3.78412,1.35531,0.29813,3.78759,1.52077,0.29150,3.63530,1.49918,0.45546,3.70367,1.57864,0.12609,3.68116,1.42737,0.04845,3.66093,1.20761,0.02105,3.62584,1.19686,0.08694,3.72262,1.01814,-0.00775,3.74926,0.93425,-0.01874,3.78151,0.94017,0.04420,3.78106,0.86146,-0.00841,3.77225,1.56453,0.48293,3.77617,1.42619,0.55698,3.75567,1.20794,0.58778,3.71886,1.19943,0.51500,3.80267,1.11495,0.60443,3.86613,0.95802,0.60303,3.90776,0.96902,0.54086,3.91730,0.89179,0.59629,3.77790,1.08701,0.16364,3.82943,1.08985,0.41351,3.59708,1.09574,0.27935,3.61768,1.10455,0.37408,3.71087,0.99217,0.11797,3.82669,0.80264,0.10851,3.92955,0.63985,0.11563,3.78413,0.38441,0.15419,3.69632,0.22708,0.20069,3.64763,0.20749,0.28255,3.86975,0.07475,0.17688,3.75079,0.10380,0.13102,3.75611,0.98060,0.49355,3.75755,0.68761,0.45298,3.76012,0.57435,0.43512,3.68557,0.41220,0.45478,3.66417,0.11527,0.38926,3.61515,0.06654,0.32367,3.89355,0.05969,0.37773,3.78842,0.03765,0.45356,0.00000,0.00000,0.00000,0.00000,0.00000,0.00000,0.00000,0.00000,0.00000,0.00000,0.00000,0.00000,0.00000,0.00000,0.00000,0.00000,0.00000,0.00000
5.97000,  598,3.75291,1.77408,0.21222,3.88126,1.82833,0.20268,3.88645,1.76521,0.33611,3.86954,1.74453,0.16451,3.69885,1.63183,0.32485,3.59922,1.28328,0.32087,3.60858,1.07729,0.32650,3.85739,1.15270,0.27391,3.79426,1.35458,0.29709,3.79778,1.52006,0.29032,3.64617,1.49894,0.45499,3.71309,1.57774,0.12522,3.68859,1.42653,0.04792,3.66613,1.20699,0.02092,3.63190,1.19651,0.08725,3.72519,1.01693,-0.00910,3.75051,0.93260,-0.02048,3.78393,0.93826,0.04177,3.78163,0.85953,-0.01077,3.78341,1.56422,0.48158,3.78773,1.42620,0.55612,3.76874,1.20774,0.58797,3.73116,1.19881,0.51562,3.81731,1.11549,0.60440,3.88323,0.95957,0.60200,3.92460,0.97167,0.54016,3.93562,0.89441,0.59510,3.78794,1.08645,0.16302,3.83933,1.08879,0.41299,3.60636,1.09536,0.27901,3.62776,1.10414,0.37364,3.72012,0.99149,0.11768,3.83755,0.80305,0.10828,3.94144,0.64048,0.11615,3.80684,0.37712,0.15272,3.72658,0.21552,0.19825,3.67898,0.19213,0.27993,3.90840,0.07386,0.17158,3.78827,0.09744,0.12602,3.76521,0.98026,0.49325,3.76101,0.68757,0.45351,3.76178,0.57416,0.43588,3.68600,0.41252,0.45529,3.66383,0.11518,0.38887,3.61527,0.06668,0.32361,3.89337,0.05944,0.37775,3.78840,0.03761,0.45358,0.00000,0.00000,0.00000,0.00000,0.00000,0.00000,0.00000,0.00000,0.00000,0.00000,0.00000,0.00000,0.00000,0.00000,0.00000,0.00000,0.00000,0.00000
5.98000,  599,3.76226,1.77298,0.21224,3.89059,1.82784,0.20037,3.89673,1.76469,0.33380,3.87883,1.74392,0.16231,3.70923,1.63121,0.32358,3.60945,1.28271,0.32055,3.61848,1.07668,0.32590,3.86736,1.15139,0.27296,3.80409,1.35365,0.29604,3.80790,1.51914,0.28893,3.65710,1.49854,0.45459,3.72253,1.57673,0.12407,3.69609,1.42563,0.04714,3.67156,1.20618,0.02061,3.63814,1.19583,0.08796,3.72789,1.01563,-0.01047,3.75196,0.93099,-0.02217,3.78666,0.93639,0.03930,3.78262,0.85767,-0.01314,3.79443,1.56378,0.48032,3.79919,1.42601,0.55523,3.78179,1.20761,0.58833,3.74387,1.19802,0.51610,3.83181,1.11584,0.60427,3.90020,0.96118,0.60113,3.94145,0.97426,0.53912,3.95381,0.89698,0.59382,3.79747,1.08559,0.16236,3.84924,1.08766,0.41236,3.61660,1.09484,0.27834,3.63756,1.10377,0.37318,3.72967,0.99052,0.11742,3.84851,0.80315,0.10791,3.95277,0.64056,0.11650,3.82948,0.36935,0.15131,3.75741,0.20373,0.19564,3.71159,0.17646,0.27656,3.94681,0.07327,0.16544,3.82533,0.09094,0.12093,3.77437,0.97992,0.49311,3.76454,0.68753,0.45420,3.76368,0.57390,0.43660,3.68654,0.41289,0.45570,3.66396,0.11537,0.38884,3.61545,0.06681,0.32358,3.89345,0.05941,0.37775,3.78838,0.03754,0.45363,0.00000,0.00000,0.00000,0.00000,0.00000,0.00000,0.00000,0.00000,0.00000,0.00000,0.00000,0.00000,0.00000,0.00000,0.00000,0.00000,0.00000,0.00000
5.99000,  600,3.77171,1.77188,0.21095,3.89978,1.82696,0.19832,3.90703,1.76397,0.33153,3.88817,1.74311,0.16014,3.71968,1.63033,0.32263,3.61927,1.28187,0.32003,3.62848,1.07593,0.32547,3.87717,1.15006,0.27213,3.81418,1.35258,0.29480,3.81796,1.51807,0.28757,3.66788,1.49791,0.45392,3.73189,1.57553,0.12313,3.70385,1.42446,0.04637,3.67696,1.20525,0.02036,3.64536,1.19520,0.08875,3.73073,1.01427,-0.01172,3.75357,0.92933,-0.02385,3.78958,0.93428,0.03686,3.78367,0.85569,-0.01544,3.80540,1.56306,0.47887,3.81082,1.42556,0.55425,3.79469,1.20731,0.58839,3.75643,1.19720,0.51632,3.84608,1.11607,0.60383,3.91694,0.96237,0.59986,3.95767,0.97653,0.53796,3.97164,0.89943,0.59242,3.80735,1.08443,0.16162,3.85912,1.08648,0.41154,3.62655,1.09440,0.27811,3.64743,1.10316,0.37274,3.74011,0.98966,0.11627,3.85904,0.80268,0.10763,3.96310,0.63983,0.11736,3.85228,0.36110,0.14977,3.78919,0.19203,0.19253,3.74572,0.16105,0.27337,3.98491,0.07265,0.15850,3.86246,0.08477,0.11527,3.78349,0.97950,0.49283,3.76803,0.68741,0.45474,3.76590,0.57361,0.43725,3.68746,0.41326,0.45606,3.66411,0.11558,0.38887,3.61549,0.06697,0.32362,3.89364,0.05953,0.37781,3.78838,0.03750,0.45367,0.00000,0.00000,0.00000,0.00000,0.00000,0.00000,0.00000,0.00000,0.00000,0.00000,0.00000,0.00000,0.00000,0.00000,0.00000,0.00000,0.00000,0.00000
6.00000,  601,3.78135,1.77064,0.20937,3.90902,1.82599,0.19601,3.91739,1.76301,0.32917,3.89745,1.74219,0.15789,3.73006,1.62937,0.32163,3.62890,1.28124,0.31937,3.63861,1.07498,0.32475,3.88705,1.14884,0.27120,3.82398,1.35139,0.29342,3.82811,1.51692,0.28610,3.67865,1.49712,0.45295,3.74129,1.57413,0.12190,3.71165,1.42319,0.04561,3.68257,1.20434,0.02001,3.65189,1.19447,0.08885,3.73379,1.01282,-0.01294,3.75545,0.92752,-0.02541,3.79264,0.93224,0.03455,3.78490,0.85366,-0.01753,3.81630,1.56221,0.47737,3.82231,1.42503,0.55313,3.80740,1.20672,0.58817,3.76901,1.19608,0.51619,3.86020,1.11602,0.60334,3.93340,0.96366,0.59865,3.97382,0.97862,0.53671,3.98929,0.90183,0.59092,3.81719,1.08302,0.16078,3.86905,1.08526,0.41071,3.63622,1.09263,0.27743,3.65731,1.10227,0.37213,3.75013,0.98852,0.11557,3.86905,0.80173,0.10735,3.97246,0.63832,0.11833,3.87518,0.35257,0.14766,3.82149,0.18031,0.18932,3.78018,0.14523,0.27120,4.02275,0.07232,0.15064,3.89912,0.07847,0.10943,3.79253,0.97884,0.49234,3.77144,0.68704,0.45508,3.76870,0.57335,0.43770,3.68892,0.41366,0.45642,3.66426,0.11576,0.38901,3.61556,0.06711,0.32359,3.89349,0.05937,0.37786,3.78842,0.03743,0.45377,0.00000,0.00000,0.00000,0.00000,0.00000,0.00000,0.00000,0.00000,0.00000,0.00000,0.00000,0.00000,0.00000,0.00000,0.00000,0.00000,0.00000,0.00000
6.01000,  602,3.79082,1.76930,0.20794,3.91809,1.82476,0.19382,3.92766,1.76191,0.32674,3.90662,1.74109,0.15564,3.74038,1.62811,0.32006,3.63824,1.27993,0.31922,3.64865,1.07401,0.32406,3.89701,1.14775,0.27006,3.83392,1.35009,0.29223,3.83822,1.51564,0.28454,3.68932,1.49622,0.45207,3.75075,1.57273,0.12069,3.71963,1.42179,0.04460,3.68837,1.20315,0.01988,3.65820,1.19373,0.08871,3.73704,1.01128,-0.01406,3.75738,0.92562,-0.02673,3.79591,0.93016,0.03228,3.78637,0.85155,-0.01954,3.82706,1.56127,0.47586,3.83386,1.42433,0.55190,3.82017,1.20606,0.58803,3.78125,1.19497,0.51614,3.87426,1.11603,0.60259,3.94963,0.96480,0.59723,3.98968,0.98062,0.53536,4.00654,0.90402,0.58932,3.82705,1.08147,0.16010,3.87934,1.08421,0.40962,3.64567,1.09160,0.27644,3.66722,1.10103,0.37145,3.75958,0.98668,0.11510,3.87864,0.80037,0.10714,3.98098,0.63610,0.11946,3.89778,0.34386,0.14578,3.85417,0.16877,0.18592,3.81621,0.13090,0.26783,4.06000,0.07194,0.14208,3.93555,0.07214,0.10353,3.80168,0.97814,0.49193,3.77495,0.68664,0.45550,3.77223,0.57291,0.43799,3.69105,0.41403,0.45663,3.66462,0.11626,0.38930,3.61554,0.06714,0.32321,3.89349,0.05937,0.37786,3.78828,0.03735,0.45374,0.00000,0.00000,0.00000,0.00000,0.00000,0.00000,0.00000,0.00000,0.00000,0.00000,0.00000,0.00000,0.00000,0.00000,0.00000,0.00000,0.00000,0.00000
6.02000,  603,3.80036,1.76782,0.20646,3.92734,1.82363,0.19145,3.93800,1.76068,0.32427,3.91580,1.73994,0.15332,3.75083,1.62703,0.31896,3.64882,1.27911,0.31732,3.65836,1.07258,0.32301,3.90688,1.14657,0.26906,3.84362,1.34869,0.29078,3.84822,1.51417,0.28287,3.69997,1.49527,0.45123,3.76022,1.57112,0.11930,3.72771,1.42024,0.04375,3.69427,1.20187,0.01960,3.66504,1.19241,0.08928,3.74045,1.00962,-0.01509,3.75974,0.92386,-0.02815,3.79920,0.92785,0.03027,3.78813,0.84950,-0.02161,3.83793,1.56020,0.47431,3.84528,1.42337,0.55055,3.83268,1.20524,0.58730,3.79350,1.19360,0.51578,3.88807,1.11590,0.60174,3.96571,0.96578,0.59571,4.00528,0.98235,0.53370,4.02341,0.90606,0.58755,3.83709,1.07976,0.15910,3.88830,1.08241,0.40898,3.65604,1.09049,0.27545,3.67708,1.10002,0.37043,3.77068,0.98535,0.11368,3.88775,0.79857,0.10702,3.98862,0.63322,0.12072,3.92006,0.33520,0.14391,3.88702,0.15762,0.18241,3.85349,0.11756,0.26496,4.09679,0.07201,0.13317,3.97177,0.06627,0.09745,3.81088,0.97741,0.49163,3.77852,0.68621,0.45603,3.77657,0.57244,0.43801,3.69392,0.41433,0.45659,3.66484,0.11644,0.38918,3.61565,0.06733,0.32333,3.89351,0.05929,0.37790,3.78822,0.03725,0.45380,0.00000,0.00000,0.00000,0.00000,0.00000,0.00000,0.00000,0.00000,0.00000,0.00000,0.00000,0.00000,0.00000,0.00000,0.00000,0.00000,0.00000,0.00000
6.03000,  604,3.80980,1.76630,0.20500,3.93657,1.82235,0.18907,3.94829,1.75926,0.32179,3.92505,1.73870,0.15084,3.76106,1.62558,0.31725,3.65830,1.27770,0.31639,3.66881,1.07160,0.32216,3.91654,1.14527,0.26816,3.85359,1.34727,0.28937,3.85833,1.51266,0.28129,3.71061,1.49413,0.45009,3.76969,1.56946,0.11788,3.73606,1.41859,0.04269,3.70033,1.20039,0.01976,3.67187,1.19156,0.08889,3.74414,1.00793,-0.01612,3.76235,0.92194,-0.02941,3.80280,0.92547,0.02844,3.79014,0.84738,-0.02347,3.84862,1.55894,0.47250,3.85657,1.42236,0.54911,3.84522,1.20443,0.58665,3.80600,1.19226,0.51500,3.90170,1.11548,0.60070,3.98141,0.96656,0.59408,4.02059,0.98395,0.53207,4.04018,0.90738,0.58606,3.84724,1.07798,0.15807,3.89814,1.08123,0.40796,3.66631,1.08933,0.27456,3.68680,1.09885,0.36945,3.77939,0.98312,0.11359,3.89620,0.79631,0.10686,3.99535,0.62953,0.12203,3.94206,0.32670,0.14169,3.92005,0.14743,0.17856,3.89078,0.10578,0.26217,4.13307,0.07331,0.12418,4.00776,0.06138,0.09131,3.82005,0.97658,0.49113,3.78205,0.68568,0.45635,3.78137,0.57190,0.43768,3.69733,0.41452,0.45635,3.66505,0.11653,0.38877,3.61578,0.06753,0.32325,3.89396,0.05967,0.37805,3.78822,0.03721,0.45383,0.00000,0.00000,0.00000,0.00000,0.00000,0.00000,0.00000,0.00000,0.00000,0.00000,0.00000,0.00000,0.00000,0.00000,0.00000,0.00000,0.00000,0.00000
6.04000,  605,3.81930,1.76462,0.20335,3.94574,1.82095,0.18662,3.95862,1.75771,0.31910,3.93399,1.73732,0.14842,3.77138,1.62414,0.31570,3.66741,1.27577,0.31593,3.67900,1.07027,0.32120,3.92680,1.14413,0.26696,3.86337,1.34572,0.28782,3.86834,1.51106,0.27939,3.72106,1.49291,0.44879,3.77923,1.56773,0.11635,3.74449,1.41684,0.04162,3.70666,1.19894,0.01938,3.67890,1.19056,0.08849,3.74812,1.00615,-0.01700,3.76520,0.92008,-0.03054,3.80684,0.92334,0.02653,3.79243,0.84512,-0.02520,3.85927,1.55764,0.47080,3.86792,1.42134,0.54755,3.85762,1.20333,0.58571,3.81838,1.19082,0.51417,3.91521,1.11504,0.59938,3.99678,0.96717,0.59229,4.03560,0.98523,0.53030,4.05645,0.90906,0.58418,3.85748,1.07609,0.15703,3.90791,1.07994,0.40705,3.67619,1.08771,0.27368,3.69677,1.09750,0.36860,3.78824,0.98071,0.11350,3.90412,0.79353,0.10689,4.00068,0.62498,0.12335,3.96294,0.31854,0.13930,3.95298,0.13835,0.17449,3.92800,0.09507,0.25871,4.16864,0.07671,0.11541,4.04373,0.05797,0.08525,3.82918,0.97575,0.49054,3.78554,0.68515,0.45659,3.78681,0.57140,0.43728,3.70106,0.41457,0.45574,3.66548,0.11697,0.38852,3.61593,0.06779,0.32313,3.89383,0.05936,0.37793,3.78821,0.03721,0.45383,0.00000,0.00000,0.00000,0.00000,0.00000,0.00000,0.00000,0.00000,0.00000,0.00000,0.00000,0.00000,0.00000,0.00000,0.00000,0.00000,0.00000,0.00000
6.05000,  606,3.82868,1.76280,0.20177,3.95495,1.81942,0.18406,3.96878,1.75595,0.31637,3.94291,1.73592,0.14600,3.78163,1.62260,0.31418,3.67743,1.27419,0.31448,3.68944,1.06900,0.31998,3.93691,1.14285,0.26597,3.87327,1.34415,0.28629,3.87831,1.50934,0.27764,3.73152,1.49158,0.44731,3.78885,1.56584,0.11464,3.75299,1.41501,0.04049,3.71335,1.19755,0.01882,3.68626,1.18924,0.08861,3.75242,1.00431,-0.01789,3.76819,0.91798,-0.03123,3.81062,0.92066,0.02471,3.79498,0.84294,-0.02680,3.86983,1.55630,0.46890,3.87913,1.42016,0.54589,3.86992,1.20215,0.58455,3.83057,1.18921,0.51312,3.92844,1.11435,0.59791,4.01373,0.96788,0.59059,4.05028,0.98638,0.52829,4.07236,0.91043,0.58215,3.86791,1.07418,0.15586,3.91783,1.07877,0.40625,3.68674,1.08526,0.27252,3.70688,1.09589,0.36761,3.79816,0.97873,0.11267,3.91112,0.79002,0.10715,4.00486,0.61969,0.12448,3.98421,0.31129,0.13705,3.98562,0.13064,0.17034,3.96582,0.08621,0.25550,4.20368,0.08233,0.10756,4.07972,0.05645,0.07913,3.83845,0.97497,0.48992,3.81122,0.68229,0.45145,3.79264,0.57071,0.43665,3.70500,0.41488,0.45505,3.66596,0.11743,0.38813,3.61615,0.06814,0.32295,3.89391,0.05927,0.37787,3.78819,0.03724,0.45383,0.00000,0.00000,0.00000,0.00000,0.00000,0.00000,0.00000,0.00000,0.00000,0.00000,0.00000,0.00000,0.00000,0.00000,0.00000,0.00000,0.00000,0.00000
6.06000,  607,3.83807,1.76099,0.20008,3.96413,1.81779,0.18152,3.97892,1.75413,0.31362,3.95155,1.73440,0.14379,3.79175,1.62090,0.31215,3.68721,1.27216,0.31266,3.69950,1.06696,0.31799,3.94645,1.14114,0.26523,3.88322,1.34236,0.28467,3.88826,1.50754,0.27575,3.74181,1.49014,0.44573,3.79851,1.56384,0.11290,3.76166,1.41309,0.03909,3.72008,1.19587,0.01833,3.69362,1.18795,0.08854,3.75710,1.00246,-0.01876,3.77168,0.91590,-0.03219,3.81549,0.91850,0.02290,3.79808,0.84069,-0.02827,3.88029,1.55493,0.46699,3.89019,1.41892,0.54409,3.88218,1.20102,0.58319,3.84263,1.18763,0.51187,3.94170,1.11377,0.59636,4.02633,0.96769,0.58807,4.06448,0.98682,0.52658,4.08790,0.91157,0.57998,3.87848,1.07214,0.15470,3.92781,1.07758,0.40569,3.69721,1.08326,0.27141,3.71702,1.09441,0.36576,3.80805,0.97655,0.11190,3.91733,0.78592,0.10743,4.00807,0.61384,0.12556,4.00368,0.30531,0.13510,4.01768,0.12446,0.16608,4.00159,0.07847,0.25125,4.23739,0.09008,0.10052,4.11530,0.05656,0.07308,3.84750,0.97375,0.48982,3.83576,0.67807,0.44886,3.79885,0.57007,0.43579,3.70911,0.41537,0.45412,3.66647,0.11788,0.38783,3.61643,0.06855,0.32271,3.89406,0.05913,0.37784,3.78817,0.03727,0.45381,0.00000,0.00000,0.00000,0.00000,0.00000,0.00000,0.00000,0.00000,0.00000,0.00000,0.00000,0.00000,0.00000,0.00000,0.00000,0.00000,0.00000,0.00000
6.07000,  608,3.84746,1.75915,0.19810,3.97322,1.81603,0.17892,3.98897,1.75209,0.31077,3.96047,1.73266,0.14108,3.80176,1.61905,0.31044,3.69719,1.27031,0.31086,3.71015,1.06539,0.31656,3.95669,1.13961,0.26429,3.89321,1.34058,0.28300,3.89814,1.50567,0.27366,3.75211,1.48853,0.44410,3.80816,1.56177,0.11098,3.77049,1.41104,0.03760,3.72712,1.19419,0.01774,3.70128,1.18650,0.08811,3.76195,1.00038,-0.01955,3.77566,0.91376,-0.03308,3.82043,0.91618,0.02119,3.80123,0.83830,-0.02962,3.89044,1.55335,0.46481,3.90123,1.41763,0.54218,3.89435,1.19967,0.58156,3.85476,1.18597,0.51038,3.95467,1.11290,0.59457,4.04263,0.96810,0.58642,4.07868,0.98742,0.52434,4.10293,0.91245,0.57772,3.88926,1.07016,0.15352,3.93806,1.07648,0.40508,3.70679,1.08134,0.26953,3.72743,1.09269,0.36400,3.81785,0.97404,0.11136,3.92279,0.78108,0.10772,4.01036,0.60760,0.12664,4.02147,0.30056,0.13334,4.04879,0.12006,0.16159,4.03595,0.07260,0.24652,4.26959,0.09955,0.09465,4.14996,0.05806,0.06790,3.85720,0.97293,0.48862,3.85843,0.67474,0.44645,3.80532,0.56940,0.43484,3.71324,0.41578,0.45306,3.66695,0.11838,0.38703,3.61681,0.06911,0.32245,3.89438,0.05886,0.37763,3.78816,0.03726,0.45381,0.00000,0.00000,0.00000,0.00000,0.00000,0.00000,0.00000,0.00000,0.00000,0.00000,0.00000,0.00000,0.00000,0.00000,0.00000,0.00000,0.00000,0.00000
6.08000,  609,3.85668,1.75712,0.19641,3.98236,1.81415,0.17626,3.99888,1.75003,0.30791,3.96936,1.73085,0.13838,3.81168,1.61716,0.30827,3.70751,1.26861,0.30902,3.72136,1.06365,0.31522,3.96717,1.13812,0.26338,3.90324,1.33873,0.28120,3.90799,1.50370,0.27157,3.76225,1.48676,0.44225,3.81787,1.55959,0.10899,3.77941,1.40890,0.03614,3.73426,1.19232,0.01710,3.70905,1.18494,0.08772,3.76735,0.99832,-0.02043,3.78011,0.91159,-0.03414,3.82568,0.91375,0.01957,3.80509,0.83587,-0.03080,3.90060,1.55176,0.46266,3.91213,1.41626,0.54022,3.90650,1.19831,0.57990,3.86666,1.18419,0.50872,3.96755,1.11206,0.59260,4.05714,0.96819,0.58424,4.09267,0.98784,0.52205,4.11790,0.91305,0.57531,3.90031,1.06808,0.15242,3.94834,1.07537,0.40463,3.71642,1.07974,0.26796,3.73784,1.09073,0.36249,3.82803,0.97154,0.11052,3.92735,0.77577,0.10836,4.01237,0.60124,0.12779,4.03853,0.29681,0.13231,4.07847,0.11750,0.15722,4.06833,0.06814,0.24133,4.29966,0.11074,0.08965,4.18285,0.06231,0.06260,3.86711,0.97211,0.48736,3.83453,0.68003,0.44780,3.81191,0.56873,0.43388,3.71733,0.41633,0.45181,3.66753,0.11908,0.38658,3.61716,0.06974,0.32222,3.89431,0.05877,0.37758,3.78814,0.03725,0.45379,0.00000,0.00000,0.00000,0.00000,0.00000,0.00000,0.00000,0.00000,0.00000,0.00000,0.00000,0.00000,0.00000,0.00000,0.00000,0.00000,0.00000,0.00000
6.09000,  610,3.86603,1.75518,0.19417,3.99149,1.81227,0.17352,4.00858,1.74789,0.30497,3.97823,1.72896,0.13561,3.82137,1.61506,0.30593,3.71778,1.26625,0.30704,3.73236,1.06187,0.31377,3.97782,1.13665,0.26232,3.91330,1.33679,0.27925,3.91786,1.50170,0.26940,3.77218,1.48488,0.44007,3.82755,1.55731,0.10675,3.78834,1.40663,0.03443,3.74165,1.19022,0.01626,3.71684,1.18292,0.08773,3.77285,0.99599,-0.02131,3.78477,0.90918,-0.03504,3.83106,0.91114,0.01800,3.80922,0.83331,-0.03185,3.91051,1.55004,0.46029,3.92288,1.41480,0.53825,3.91849,1.19684,0.57777,3.87877,1.18241,0.50686,3.98024,1.11111,0.59049,4.07090,0.96780,0.58180,4.10625,0.98793,0.51964,4.13227,0.91331,0.57281,3.91154,1.06605,0.15107,3.95892,1.07427,0.40396,3.72600,1.07752,0.26643,3.74833,1.08853,0.36063,3.83839,0.96888,0.10946,3.93105,0.77025,0.10918,4.01430,0.59497,0.12874,4.05482,0.29392,0.13159,4.10607,0.11675,0.15298,4.09855,0.06551,0.23646,4.32739,0.12327,0.08568,4.21353,0.06838,0.05788,3.87726,0.97101,0.48618,3.84243,0.67943,0.44696,3.81884,0.56807,0.43291,3.72191,0.41714,0.45077,3.66814,0.11986,0.38647,3.61754,0.07043,0.32208,3.89441,0.05865,0.37757,3.78812,0.03720,0.45382,0.00000,0.00000,0.00000,0.00000,0.00000,0.00000,0.00000,0.00000,0.00000,0.00000,0.00000,0.00000,0.00000,0.00000,0.00000,0.00000,0.00000,0.00000
6.10000,  611,3.87520,1.75327,0.19198,4.00058,1.81035,0.17052,4.01823,1.74575,0.30193,3.98711,1.72708,0.13267,3.83117,1.61301,0.30376,3.72915,1.26445,0.30458,3.74311,1.05937,0.31142,3.98861,1.13524,0.26122,3.92320,1.33466,0.27740,3.92769,1.49971,0.26705,3.78204,1.48298,0.43793,3.83717,1.55497,0.10452,3.79733,1.40411,0.03275,3.74913,1.18803,0.01534,3.72512,1.18133,0.08651,3.77883,0.99368,-0.02230,3.78986,0.90664,-0.03585,3.83535,0.90760,0.01812,3.81354,0.83052,-0.03273,3.92033,1.54838,0.45794,3.93356,1.41333,0.53595,3.93041,1.19538,0.57587,3.89091,1.18067,0.50458,3.99280,1.10992,0.58826,4.08461,0.96743,0.57952,4.11957,0.98778,0.51717,4.14631,0.91344,0.57022,3.92285,1.06386,0.14987,3.96960,1.07315,0.40313,3.73982,1.07420,0.26411,3.75918,1.08634,0.35887,3.84903,0.96614,0.10821,3.93456,0.76509,0.10967,4.01634,0.58884,0.12953,4.07097,0.29200,0.13042,4.13158,0.11722,0.14907,4.12626,0.06367,0.23150,4.35202,0.13612,0.08275,4.24133,0.07567,0.05369,3.88778,0.96982,0.48494,3.85248,0.67656,0.44707,3.82599,0.56732,0.43193,3.72668,0.41779,0.44973,3.66888,0.12081,0.38651,3.61791,0.07136,0.32205,3.89447,0.05857,0.37753,3.78811,0.03713,0.45385,0.00000,0.00000,0.00000,0.00000,0.00000,0.00000,0.00000,0.00000,0.00000,0.00000,0.00000,0.00000,0.00000,0.00000,0.00000,0.00000,0.00000,0.00000
6.11000,  612,3.88431,1.75126,0.18959,4.00961,1.80843,0.16755,4.02873,1.74376,0.29872,3.99597,1.72519,0.12968,3.84080,1.61104,0.30115,3.74238,1.26216,0.30235,3.75467,1.05753,0.30974,3.99958,1.13394,0.26000,3.93349,1.33267,0.27533,3.93751,1.49771,0.26467,3.79192,1.48098,0.43569,3.84672,1.55247,0.10209,3.80642,1.40159,0.03073,3.75701,1.18579,0.01416,3.73341,1.17924,0.08561,3.78504,0.99122,-0.02322,3.79551,0.90407,-0.03698,3.84125,0.90481,0.01690,3.81857,0.82786,-0.03381,3.93014,1.54665,0.45555,3.94416,1.41180,0.53362,3.94220,1.19379,0.57342,3.90303,1.17891,0.50205,4.00519,1.10880,0.58578,4.09771,0.96681,0.57688,4.13265,0.98743,0.51450,4.15999,0.91330,0.56757,3.93422,1.06168,0.14848,3.98055,1.07198,0.40195,3.75323,1.07182,0.26232,3.77040,1.08433,0.35635,3.86069,0.96397,0.10593,3.93766,0.75998,0.10925,4.01858,0.58334,0.12992,4.08631,0.29103,0.12920,4.15462,0.11821,0.14617,4.15196,0.06288,0.22831,4.37344,0.14840,0.08015,4.26583,0.08295,0.05011,3.89863,0.96846,0.48337,3.86286,0.67352,0.44683,3.83375,0.56652,0.43082,3.73191,0.41828,0.44853,3.66962,0.12175,0.38652,3.61822,0.07236,0.32214,3.89457,0.05844,0.37747,3.78810,0.03706,0.45390,0.00000,0.00000,0.00000,0.00000,0.00000,0.00000,0.00000,0.00000,0.00000,0.00000,0.00000,0.00000,0.00000,0.00000,0.00000,0.00000,0.00000,0.00000
6.12000,  613,3.89349,1.74940,0.18687,4.01855,1.80662,0.16439,4.03839,1.74190,0.29543,4.00479,1.72337,0.12663,3.85046,1.60911,0.29862,3.75072,1.26010,0.30024,3.76554,1.05563,0.30789,4.01036,1.13252,0.25887,3.94384,1.33071,0.27310,3.94727,1.49582,0.26218,3.80179,1.47898,0.43331,3.85624,1.55002,0.09961,3.81565,1.39894,0.02879,3.76492,1.18340,0.01304,3.74174,1.17704,0.08487,3.79159,0.98857,-0.02433,3.80151,0.90130,-0.03785,3.84719,0.90179,0.01591,3.82382,0.82499,-0.03466,3.93994,1.54498,0.45307,3.95455,1.41013,0.53123,3.95404,1.19236,0.57145,3.91474,1.17706,0.49972,4.01730,1.10757,0.58329,4.11080,0.96612,0.57422,4.14533,0.98687,0.51170,4.17316,0.91294,0.56477,3.94560,1.05951,0.14703,3.99182,1.07073,0.40040,3.76628,1.06972,0.25982,3.78137,1.08217,0.35445,3.87144,0.96131,0.10457,3.94072,0.75506,0.10749,4.02310,0.57915,0.12977,4.10012,0.29032,0.12809,4.17446,0.11893,0.14456,4.17496,0.06230,0.22671,4.39103,0.15885,0.07759,4.28629,0.08867,0.04768,3.90953,0.96706,0.48168,3.87187,0.67369,0.44525,3.84169,0.56557,0.42963,3.73759,0.41885,0.44738,3.67043,0.12273,0.38665,3.61859,0.07363,0.32222,3.89484,0.05843,0.37773,3.78814,0.03698,0.45396,0.00000,0.00000,0.00000,0.00000,0.00000,0.00000,0.00000,0.00000,0.00000,0.00000,0.00000,0.00000,0.00000,0.00000,0.00000,0.00000,0.00000,0.00000
6.13000,  614,3.90247,1.74756,0.18404,4.02743,1.80489,0.16108,4.04790,1.74021,0.29208,4.01361,1.72159,0.12330,3.86009,1.60705,0.29601,3.76047,1.25774,0.29805,3.77654,1.05340,0.30573,4.02130,1.13123,0.25710,3.95391,1.32885,0.27090,3.95713,1.49393,0.25961,3.81173,1.47709,0.43101,3.86558,1.54760,0.09704,3.82484,1.39631,0.02664,3.77314,1.18096,0.01177,3.75043,1.17474,0.08385,3.79827,0.98590,-0.02534,3.80780,0.89872,-0.03901,3.85490,0.89944,0.01345,3.82954,0.82200,-0.03524,3.94979,1.54333,0.45054,3.96497,1.40853,0.52855,3.96535,1.19069,0.56838,3.92642,1.17530,0.49704,4.02914,1.10629,0.58066,4.12323,0.96525,0.57149,4.15773,0.98617,0.50893,4.18590,0.91243,0.56194,3.95656,1.05721,0.14577,4.00291,1.06929,0.39871,3.77866,1.06772,0.25798,3.79243,1.08020,0.35261,3.88210,0.95867,0.10324,3.94484,0.75121,0.10504,4.03087,0.57653,0.12895,4.11190,0.28915,0.12830,4.19051,0.11785,0.14515,4.19502,0.06206,0.22856,4.40397,0.16597,0.07534,4.30235,0.09085,0.04650,3.92068,0.96567,0.48022,3.88104,0.67350,0.44319,3.85021,0.56444,0.42832,3.74393,0.41956,0.44641,3.67119,0.12368,0.38663,3.61896,0.07503,0.32242,3.89467,0.05827,0.37743,3.78857,0.03666,0.45422,0.00000,0.00000,0.00000,0.00000,0.00000,0.00000,0.00000,0.00000,0.00000,0.00000,0.00000,0.00000,0.00000,0.00000,0.00000,0.00000,0.00000,0.00000
6.14000,  615,3.91146,1.74565,0.18114,4.03626,1.80328,0.15767,4.05717,1.73865,0.28867,4.02241,1.71998,0.12002,3.86980,1.60511,0.29326,3.77023,1.25495,0.29662,3.78819,1.05183,0.30426,4.03189,1.12986,0.25534,3.96441,1.32709,0.26851,3.96697,1.49215,0.25698,3.82180,1.47517,0.42856,3.87484,1.54521,0.09437,3.83408,1.39366,0.02457,3.78161,1.17853,0.01047,3.75909,1.17258,0.08249,3.80543,0.98333,-0.02650,3.81431,0.89588,-0.03980,3.86032,0.89591,0.01371,3.83571,0.81921,-0.03627,3.95972,1.54177,0.44787,3.97526,1.40698,0.52591,3.97701,1.18949,0.56641,3.93760,1.17345,0.49442,4.04085,1.10499,0.57777,4.13548,0.96442,0.56876,4.16968,0.98532,0.50589,4.19822,0.91169,0.55910,3.96713,1.05488,0.14447,4.01423,1.06779,0.39651,3.79019,1.06545,0.25604,3.80385,1.07864,0.35045,3.89284,0.95608,0.10166,3.95368,0.74951,0.10265,4.04216,0.57634,0.12850,4.12160,0.28680,0.12969,4.20247,0.11509,0.14776,4.20930,0.06093,0.23088,4.41329,0.16777,0.07374,4.31387,0.08895,0.04661,3.93204,0.96420,0.47842,3.89065,0.67317,0.44163,3.85926,0.56319,0.42700,3.75053,0.41993,0.44528,3.67245,0.12531,0.38735,3.61939,0.07655,0.32278,3.89475,0.05823,0.37739,3.78858,0.03656,0.45431,0.00000,0.00000,0.00000,0.00000,0.00000,0.00000,0.00000,0.00000,0.00000,0.00000,0.00000,0.00000,0.00000,0.00000,0.00000,0.00000,0.00000,0.00000
6.15000,  616,3.92037,1.74384,0.17786,4.04489,1.80179,0.15403,4.06657,1.73740,0.28492,4.03117,1.71841,0.11651,3.87948,1.60323,0.29046,3.78076,1.25279,0.29530,3.79936,1.05012,0.30269,4.04288,1.12855,0.25281,3.97464,1.32540,0.26611,3.97692,1.49053,0.25411,3.83209,1.47336,0.42611,3.88404,1.54288,0.09163,3.84317,1.39112,0.02249,3.79018,1.17608,0.00909,3.76802,1.17033,0.08109,3.81300,0.98083,-0.02779,3.82152,0.89334,-0.04098,3.86778,0.89335,0.01238,3.84258,0.81659,-0.03731,3.96989,1.54029,0.44498,3.98569,1.40550,0.52324,3.98827,1.18823,0.56371,3.94755,1.17153,0.49234,4.05215,1.10367,0.57479,4.14733,0.96335,0.56580,4.18136,0.98434,0.50285,4.21006,0.91085,0.55613,3.97728,1.05250,0.14270,4.02562,1.06612,0.39390,3.80113,1.06376,0.25400,3.81495,1.07662,0.34936,3.90293,0.95384,0.09932,3.96548,0.74849,0.09987,4.05619,0.57746,0.12795,4.13068,0.28411,0.13125,4.21048,0.11211,0.14940,4.21779,0.05904,0.23316,4.42077,0.16305,0.07307,4.32092,0.08418,0.04783,3.94345,0.96253,0.47637,3.90035,0.67215,0.44003,3.86859,0.56184,0.42545,3.75760,0.42030,0.44421,3.67377,0.12688,0.38851,3.61979,0.07832,0.32315,3.89477,0.05817,0.37739,3.78882,0.03650,0.45457,0.00000,0.00000,0.00000,0.00000,0.00000,0.00000,0.00000,0.00000,0.00000,0.00000,0.00000,0.00000,0.00000,0.00000,0.00000,0.00000,0.00000,0.00000
6.16000,  617,3.92923,1.74199,0.17465,4.05340,1.80048,0.15020,4.07577,1.73626,0.28113,4.03988,1.71702,0.11285,3.88926,1.60141,0.28768,3.79184,1.25077,0.29318,3.81118,1.04855,0.30119,4.05362,1.12692,0.24979,3.98506,1.32392,0.26344,3.98683,1.48890,0.25114,3.84268,1.47166,0.42366,3.89309,1.54075,0.08895,3.85230,1.38874,0.02030,3.79902,1.17376,0.00763,3.77720,1.16815,0.07997,3.82095,0.97842,-0.02899,3.82888,0.89069,-0.04214,3.87511,0.89066,0.01129,3.84894,0.81354,-0.03751,3.98032,1.53896,0.44211,3.99598,1.40417,0.52045,3.99904,1.18660,0.56026,3.95923,1.17023,0.48889,4.06319,1.10243,0.57182,4.15868,0.96236,0.56269,4.19258,0.98327,0.49968,4.22142,0.90994,0.55303,3.98726,1.05032,0.14016,4.03716,1.06432,0.39080,3.81151,1.06232,0.25290,3.82622,1.07473,0.34798,3.91201,0.95221,0.09674,3.97909,0.74790,0.09705,4.07166,0.57791,0.12685,4.13975,0.28162,0.13232,4.21510,0.11012,0.15134,4.22104,0.05782,0.23490,4.42799,0.15232,0.07516,4.32431,0.07951,0.04906,3.95499,0.96067,0.47414,3.91052,0.67037,0.43778,3.87839,0.56036,0.42369,3.76503,0.42057,0.44314,3.67485,0.12834,0.38934,3.62016,0.08017,0.32390,3.89471,0.05815,0.37741,3.78853,0.03607,0.45451,0.00000,0.00000,0.00000,0.00000,0.00000,0.00000,0.00000,0.00000,0.00000,0.00000,0.00000,0.00000,0.00000,0.00000,0.00000,0.00000,0.00000,0.00000
6.17000,  618,3.93799,1.74008,0.17134,4.06173,1.79924,0.14627,4.08492,1.73526,0.27717,4.04861,1.71568,0.10897,3.89920,1.59976,0.28463,3.80275,1.24895,0.29173,3.82184,1.04607,0.29925,4.06362,1.12483,0.24651,3.99531,1.32240,0.26081,3.99687,1.48739,0.24798,3.85343,1.47024,0.42123,3.90204,1.53862,0.08609,3.86124,1.38645,0.01823,3.80799,1.17145,0.00623,3.78633,1.16597,0.07886,3.82925,0.97618,-0.03038,3.83690,0.88839,-0.04346,3.88350,0.88834,0.00973,3.85623,0.81091,-0.03822,3.99103,1.53771,0.43896,4.00659,1.40295,0.51766,4.00964,1.18517,0.55671,3.97067,1.16905,0.48561,4.07398,1.10121,0.56861,4.16969,0.96125,0.55946,4.20346,0.98208,0.49642,4.23266,0.90899,0.54976,3.99708,1.04849,0.13684,4.04850,1.06232,0.38750,3.81497,1.06098,0.25238,3.83775,1.07284,0.34634,3.92039,0.95118,0.09425,3.99365,0.74779,0.09429,4.08746,0.57826,0.12538,4.14853,0.27920,0.13322,4.21837,0.10912,0.15194,4.22449,0.05579,0.23636,4.43594,0.14126,0.07483,4.32728,0.07522,0.04967,3.96654,0.95841,0.47186,3.92096,0.66843,0.43595,3.88869,0.55843,0.42168,3.77283,0.42074,0.44174,3.67622,0.13011,0.39045,3.62073,0.08248,0.32451,3.89460,0.05816,0.37741,3.78859,0.03576,0.45476,0.00000,0.00000,0.00000,0.00000,0.00000,0.00000,0.00000,0.00000,0.00000,0.00000,0.00000,0.00000,0.00000,0.00000,0.00000,0.00000,0.00000,0.00000
6.18000,  619,3.94668,1.73831,0.16772,4.07001,1.79820,0.14220,4.09412,1.73446,0.27303,4.05716,1.71443,0.10507,3.90914,1.59822,0.28187,3.81397,1.24717,0.29031,3.83347,1.04437,0.29782,4.07440,1.12278,0.24267,4.00555,1.32097,0.25788,4.00686,1.48601,0.24471,3.86445,1.46886,0.41870,3.91087,1.53676,0.08326,3.87018,1.38434,0.01610,3.81701,1.16932,0.00474,3.79586,1.16404,0.07738,3.83787,0.97403,-0.03184,3.84532,0.88611,-0.04481,3.89174,0.88595,0.00842,3.86422,0.80857,-0.03919,4.00202,1.53654,0.43563,4.01732,1.40184,0.51470,4.02041,1.18414,0.55398,3.98144,1.16799,0.48243,4.08438,1.09998,0.56531,4.18029,0.96008,0.55612,4.21385,0.98084,0.49309,4.24318,0.90774,0.54647,4.00672,1.04692,0.13319,4.06022,1.06032,0.38397,3.81692,1.05690,0.25091,3.84898,1.07106,0.34500,3.92806,0.95032,0.09261,4.00880,0.74836,0.09176,4.10215,0.57857,0.12380,4.15735,0.27700,0.13337,4.22386,0.10784,0.15333,4.22795,0.05492,0.23679,4.44196,0.13212,0.07570,4.33094,0.07168,0.05044,3.97822,0.95600,0.46938,3.93165,0.66579,0.43368,3.89960,0.55648,0.41945,3.78099,0.42115,0.44022,3.67761,0.13220,0.39114,3.62158,0.08535,0.32510,3.89453,0.05816,0.37742,3.78869,0.03557,0.45491,0.00000,0.00000,0.00000,0.00000,0.00000,0.00000,0.00000,0.00000,0.00000,0.00000,0.00000,0.00000,0.00000,0.00000,0.00000,0.00000,0.00000,0.00000
6.19000,  620,3.95536,1.73661,0.16410,4.07811,1.79723,0.13795,4.10331,1.73383,0.26872,4.06566,1.71341,0.10100,3.91898,1.59687,0.27890,3.82506,1.24552,0.28824,3.84552,1.04329,0.29699,4.08536,1.12072,0.23856,4.01593,1.31960,0.25478,4.01689,1.48467,0.24121,3.87572,1.46783,0.41650,3.91948,1.53507,0.08033,3.87897,1.38229,0.01382,3.82621,1.16725,0.00319,3.80536,1.16227,0.07572,3.84677,0.97196,-0.03330,3.85406,0.88403,-0.04624,3.90070,0.88383,0.00689,3.87261,0.80630,-0.04028,4.01328,1.53547,0.43213,4.02844,1.40088,0.51161,4.03095,1.18318,0.55086,3.99224,1.16696,0.47923,4.09595,1.09867,0.56270,4.19036,0.95865,0.55269,4.22411,0.97934,0.48959,4.25324,0.90636,0.54301,4.01665,1.04577,0.12935,4.07190,1.05816,0.38038,3.82086,1.05955,0.25083,3.86052,1.06962,0.34372,3.93648,0.94943,0.09126,4.02369,0.74943,0.08988,4.11527,0.57890,0.12182,4.16734,0.27559,0.13259,4.23064,0.10647,0.15407,4.23077,0.05493,0.23553,4.44794,0.12304,0.07749,4.33532,0.06867,0.05179,3.99007,0.95371,0.46672,3.94181,0.66437,0.43107,3.91106,0.55472,0.41694,3.78951,0.42158,0.43829,3.67952,0.13487,0.39174,3.62276,0.08872,0.32552,3.89453,0.05821,0.37740,3.78874,0.03549,0.45504,0.00000,0.00000,0.00000,0.00000,0.00000,0.00000,0.00000,0.00000,0.00000,0.00000,0.00000,0.00000,0.00000,0.00000,0.00000,0.00000,0.00000,0.00000
6.20000,  621,3.96405,1.73512,0.16038,4.08622,1.79646,0.13365,4.11235,1.73337,0.26448,4.07406,1.71250,0.09688,3.92887,1.59571,0.27569,3.83624,1.24444,0.28669,3.85687,1.04199,0.29578,4.09636,1.11882,0.23450,4.02623,1.31834,0.25147,4.02690,1.48352,0.23752,3.88700,1.46694,0.41394,3.92803,1.53355,0.07728,3.88757,1.38053,0.01152,3.83531,1.16536,0.00162,3.81497,1.16025,0.07478,3.85603,0.97012,-0.03474,3.86322,0.88206,-0.04770,3.91011,0.88200,0.00528,3.88167,0.80440,-0.04142,4.02467,1.53455,0.42845,4.03987,1.40006,0.50814,4.04130,1.18223,0.54728,4.00222,1.16602,0.47611,4.10630,1.09755,0.55944,4.20031,0.95728,0.54925,4.23381,0.97785,0.48597,4.26295,0.90492,0.53954,4.02692,1.04521,0.12530,4.08374,1.05625,0.37679,3.84772,1.05551,0.24940,3.87204,1.06845,0.34227,3.94627,0.94869,0.08975,4.03795,0.75037,0.08841,4.12679,0.57851,0.11922,4.17810,0.27505,0.13072,4.23690,0.10525,0.15326,4.23351,0.05590,0.23478,4.45457,0.11318,0.07868,4.33794,0.06646,0.05132,4.00195,0.95173,0.46422,3.95152,0.66322,0.42851,3.92303,0.55289,0.41441,3.79852,0.42228,0.43620,3.68161,0.13797,0.39187,3.62446,0.09288,0.32577,3.89453,0.05823,0.37743,3.78879,0.03548,0.45510,0.00000,0.00000,0.00000,0.00000,0.00000,0.00000,0.00000,0.00000,0.00000,0.00000,0.00000,0.00000,0.00000,0.00000,0.00000,0.00000,0.00000,0.00000
6.21000,  622,3.97268,1.73394,0.15646,4.09433,1.79591,0.12918,4.12165,1.73311,0.25984,4.08243,1.71177,0.09259,3.93867,1.59477,0.27252,3.84742,1.24328,0.28470,3.86867,1.04114,0.29391,4.10750,1.11746,0.23050,4.03650,1.31736,0.24798,4.03606,1.48230,0.23400,3.89829,1.46641,0.41165,3.93643,1.53221,0.07425,3.89606,1.37887,0.00919,3.84449,1.16358,0.00008,3.82470,1.15850,0.07323,3.86552,0.96844,-0.03627,3.87289,0.88043,-0.04917,3.91982,0.88039,0.00369,3.89109,0.80260,-0.04260,4.03600,1.53390,0.42464,4.05175,1.39940,0.50440,4.05178,1.18153,0.54395,4.01236,1.16523,0.47325,4.11629,1.09645,0.55604,4.20969,0.95577,0.54558,4.24319,0.97618,0.48222,4.27208,0.90320,0.53586,4.03730,1.04500,0.12136,4.09559,1.05465,0.37339,3.85971,1.05510,0.24759,3.88363,1.06751,0.34085,3.95753,0.94820,0.08756,4.05111,0.75095,0.08707,4.13756,0.57803,0.11583,4.18807,0.27488,0.12740,4.24183,0.10421,0.15182,4.23569,0.05731,0.23379,4.46097,0.10230,0.07930,4.34204,0.06119,0.05243,4.01382,0.95017,0.46161,3.96101,0.66218,0.42566,3.93614,0.55113,0.41188,3.80824,0.42352,0.43371,3.68426,0.14182,0.39202,3.62652,0.09780,0.32604,3.89458,0.05829,0.37743,3.78890,0.03562,0.45510,0.00000,0.00000,0.00000,0.00000,0.00000,0.00000,0.00000,0.00000,0.00000,0.00000,0.00000,0.00000,0.00000,0.00000,0.00000,0.00000,0.00000,0.00000
6.22000,  623,3.98124,1.73300,0.15292,4.10245,1.79563,0.12456,4.13073,1.73315,0.25522,4.09080,1.71140,0.08820,3.94849,1.59427,0.26944,3.85862,1.24290,0.28311,3.88039,1.04074,0.29201,4.11869,1.11679,0.22680,4.04686,1.31673,0.24419,4.04607,1.48188,0.23014,3.90948,1.46602,0.40901,3.94473,1.53120,0.07108,3.90438,1.37745,0.00676,3.85361,1.16209,-0.00151,3.83449,1.15704,0.07157,3.87465,0.96686,-0.03733,3.88284,0.87901,-0.05066,3.93008,0.87919,0.00190,3.90088,0.80099,-0.04387,4.04731,1.53345,0.42067,4.06382,1.39895,0.50024,4.06233,1.18113,0.54045,4.02239,1.16500,0.47040,4.12640,1.09568,0.55282,4.21874,0.95427,0.54194,4.25218,0.97442,0.47848,4.28081,0.90144,0.53202,4.04810,1.04505,0.11783,4.10749,1.05339,0.37015,3.87168,1.05518,0.24582,3.89515,1.06698,0.33898,3.96962,0.94829,0.08471,4.06303,0.75122,0.08557,4.14900,0.57865,0.11193,4.19754,0.27561,0.12199,4.24571,0.10386,0.14955,4.23730,0.05868,0.23247,4.46609,0.09217,0.07869,4.34532,0.05576,0.05299,4.02568,0.94886,0.45864,3.97054,0.66140,0.42295,3.95003,0.54925,0.40938,3.81857,0.42512,0.43121,3.68738,0.14626,0.39200,3.62930,0.10362,0.32630,3.89460,0.05837,0.37742,3.78919,0.03594,0.45523,0.00000,0.00000,0.00000,0.00000,0.00000,0.00000,0.00000,0.00000,0.00000,0.00000,0.00000,0.00000,0.00000,0.00000,0.00000,0.00000,0.00000,0.00000
6.23000,  624,3.98978,1.73254,0.14915,4.11060,1.79564,0.11994,4.13982,1.73357,0.25055,4.09910,1.71127,0.08376,3.95817,1.59410,0.26621,3.86972,1.24241,0.28118,3.89260,1.04103,0.29022,4.13002,1.11680,0.22373,4.05719,1.31652,0.24041,4.05550,1.48160,0.22630,3.92059,1.46606,0.40662,3.95294,1.53046,0.06797,3.91272,1.37640,0.00433,3.86279,1.16085,-0.00322,3.84457,1.15568,0.07046,3.88499,0.96594,-0.03949,3.89286,0.87771,-0.05204,3.94053,0.87814,0.00020,3.91133,0.79984,-0.04529,4.05844,1.53339,0.41680,4.07613,1.39881,0.49599,4.07288,1.18112,0.53691,4.03238,1.16486,0.46713,4.13773,1.09559,0.54993,4.22747,0.95292,0.53814,4.26081,0.97263,0.47447,4.28916,0.89957,0.52813,4.05926,1.04567,0.11477,4.11911,1.05270,0.36696,3.88294,1.05537,0.24356,3.90648,1.06691,0.33655,3.98228,0.94894,0.08157,4.07398,0.75150,0.08369,4.16282,0.58115,0.10812,4.20648,0.27672,0.11684,4.24889,0.10381,0.14732,4.23878,0.06061,0.23221,4.46843,0.08471,0.07700,4.34663,0.05119,0.05258,4.03748,0.94769,0.45530,3.98020,0.66052,0.42015,3.96512,0.54770,0.40645,3.82994,0.42735,0.42873,3.69149,0.15161,0.39233,3.63270,0.11060,0.32677,3.89467,0.05843,0.37747,3.78990,0.03640,0.45538,0.00000,0.00000,0.00000,0.00000,0.00000,0.00000,0.00000,0.00000,0.00000,0.00000,0.00000,0.00000,0.00000,0.00000,0.00000,0.00000,0.00000,0.00000
6.24000,  625,3.99833,1.73240,0.14514,4.11867,1.79587,0.11525,4.14892,1.73416,0.24581,4.10736,1.71140,0.07930,3.96790,1.59425,0.26306,3.88083,1.24216,0.27914,3.90349,1.04072,0.28766,4.14133,1.11746,0.22101,4.06743,1.31680,0.23666,4.06508,1.48189,0.22244,3.93159,1.46639,0.40399,3.96103,1.53007,0.06492,3.92094,1.37578,0.00190,3.87188,1.15986,-0.00480,3.85437,1.15461,0.06942,3.89483,0.96466,-0.04077,3.90338,0.87692,-0.05352,3.95139,0.87765,-0.00167,3.92225,0.79918,-0.04686,4.06948,1.53374,0.41293,4.08824,1.39901,0.49153,4.08355,1.18154,0.53336,4.04328,1.16550,0.46398,4.14811,1.09550,0.54644,4.23579,0.95167,0.53446,4.26911,0.97091,0.47034,4.29682,0.89765,0.52422,4.07050,1.04677,0.11215,4.13072,1.05280,0.36384,3.89433,1.05580,0.24056,3.91798,1.06677,0.33446,3.99522,0.95031,0.07788,4.08444,0.75258,0.08065,4.17843,0.58477,0.10477,4.21511,0.27784,0.11260,4.25114,0.10391,0.14562,4.23980,0.06212,0.23160,4.46982,0.07828,0.07494,4.34714,0.04734,0.05171,4.04932,0.94666,0.45165,4.01485,0.65409,0.41748,3.98143,0.54632,0.40359,3.84254,0.43015,0.42609,3.69638,0.15732,0.39249,3.63727,0.11888,0.32732,3.89468,0.05850,0.37755,3.79091,0.03702,0.45566,0.00000,0.00000,0.00000,0.00000,0.00000,0.00000,0.00000,0.00000,0.00000,0.00000,0.00000,0.00000,0.00000,0.00000,0.00000,0.00000,0.00000,0.00000
6.25000,  626,4.00683,1.73261,0.14127,4.12685,1.79630,0.11064,4.15794,1.73498,0.24108,4.11552,1.71180,0.07482,3.97738,1.59464,0.25963,3.89177,1.24227,0.27767,3.91488,1.04056,0.28438,4.15263,1.11871,0.21873,4.07754,1.31751,0.23292,4.07454,1.48250,0.21876,3.94264,1.46711,0.40195,3.96908,1.53001,0.06200,3.92908,1.37546,-0.00041,3.88109,1.15930,-0.00645,3.86461,1.15386,0.06828,3.90498,0.96408,-0.04229,3.91397,0.87642,-0.05497,3.96250,0.87756,-0.00351,3.93357,0.79887,-0.04852,4.08035,1.53443,0.40911,4.09995,1.39963,0.48720,4.09408,1.18211,0.52944,4.05299,1.16626,0.46031,4.15795,1.09569,0.54273,4.24387,0.95076,0.53056,4.27695,0.96923,0.46616,4.30444,0.89586,0.51999,4.08188,1.04833,0.10969,4.14199,1.05328,0.36078,3.90488,1.05602,0.23768,3.92925,1.06676,0.33184,4.00766,0.95235,0.07408,4.09559,0.75469,0.07688,4.19409,0.58783,0.10136,4.22304,0.27895,0.10907,4.25322,0.10417,0.14418,4.24060,0.06330,0.23097,4.47170,0.07248,0.07355,4.34781,0.04426,0.05111,4.06233,0.94544,0.44815,4.03045,0.65340,0.41312,3.99954,0.54487,0.40061,3.85675,0.43338,0.42355,3.70295,0.16453,0.39393,3.64290,0.12855,0.32837,3.89466,0.05845,0.37771,3.79232,0.03793,0.45607,0.00000,0.00000,0.00000,0.00000,0.00000,0.00000,0.00000,0.00000,0.00000,0.00000,0.00000,0.00000,0.00000,0.00000,0.00000,0.00000,0.00000,0.00000
6.26000,  627,4.01523,1.73307,0.13741,4.13492,1.79689,0.10601,4.16690,1.73588,0.23638,4.12361,1.71226,0.07039,3.98679,1.59525,0.25651,3.90276,1.24262,0.27594,3.92609,1.04060,0.28156,4.16374,1.12029,0.21674,4.08762,1.31853,0.22930,4.08393,1.48342,0.21516,3.95354,1.46791,0.39928,3.97708,1.53026,0.05911,3.93725,1.37557,-0.00283,3.89023,1.15910,-0.00794,3.87486,1.15360,0.06663,3.91524,0.96390,-0.04394,3.92482,0.87626,-0.05644,3.97411,0.87799,-0.00563,3.94528,0.79903,-0.05038,4.09098,1.53551,0.40544,4.11116,1.40052,0.48319,4.10421,1.18296,0.52506,4.06261,1.16753,0.45707,4.16817,1.09641,0.53902,4.25170,0.94980,0.52691,4.28449,0.96771,0.46197,4.31128,0.89414,0.51593,4.09318,1.05034,0.10738,4.15315,1.05405,0.35770,3.91578,1.05655,0.23435,3.94038,1.06691,0.32919,4.01929,0.95484,0.07018,4.10894,0.75725,0.07263,4.20840,0.59008,0.09807,4.22985,0.27984,0.10611,4.25519,0.10470,0.14328,4.24114,0.06405,0.23074,4.47360,0.06807,0.07348,4.34850,0.04302,0.05093,4.07481,0.94450,0.44409,4.04809,0.65226,0.40906,4.01920,0.54342,0.39765,3.87266,0.43659,0.42096,3.71102,0.17172,0.39495,3.65001,0.13963,0.32972,3.89515,0.05826,0.37761,3.79140,0.03826,0.45569,0.00000,0.00000,0.00000,0.00000,0.00000,0.00000,0.00000,0.00000,0.00000,0.00000,0.00000,0.00000,0.00000,0.00000,0.00000,0.00000,0.00000,0.00000
6.27000,  628,4.02341,1.73357,0.13374,4.14288,1.79747,0.10145,4.17571,1.73685,0.23184,4.13150,1.71276,0.06622,3.99591,1.59589,0.25359,3.91364,1.24304,0.27425,3.93752,1.04067,0.27823,4.17464,1.12210,0.21491,4.09764,1.31974,0.22582,4.09322,1.48445,0.21158,3.96445,1.46891,0.39705,3.98502,1.53071,0.05639,3.94528,1.37592,-0.00502,3.89946,1.15920,-0.00960,3.88487,1.15384,0.06502,3.92570,0.96408,-0.04550,3.93589,0.87644,-0.05802,3.98573,0.87866,-0.00777,3.95740,0.79959,-0.05232,4.10198,1.53666,0.40181,4.12355,1.40171,0.47946,4.11533,1.18369,0.52153,4.07259,1.16905,0.45351,4.17798,1.09721,0.53494,4.25942,0.94932,0.52317,4.29163,0.96623,0.45779,4.31804,0.89242,0.51171,4.10423,1.05268,0.10495,4.16404,1.05490,0.35452,3.92666,1.05736,0.23117,3.95138,1.06683,0.32620,4.03002,0.95755,0.06607,4.12335,0.75970,0.06790,4.22080,0.59147,0.09503,4.23603,0.28060,0.10355,4.25693,0.10516,0.14297,4.24137,0.06429,0.23047,4.47507,0.06494,0.07386,4.34903,0.04261,0.05084,4.08768,0.94361,0.43984,4.06682,0.65061,0.40519,4.04018,0.54164,0.39468,3.89185,0.43967,0.41929,3.72137,0.18005,0.39657,3.65888,0.15175,0.33096,3.89582,0.05794,0.37763,3.79282,0.04006,0.45584,0.00000,0.00000,0.00000,0.00000,0.00000,0.00000,0.00000,0.00000,0.00000,0.00000,0.00000,0.00000,0.00000,0.00000,0.00000,0.00000,0.00000,0.00000
6.28000,  629,4.03153,1.73417,0.13003,4.15072,1.79809,0.09701,4.18423,1.73777,0.22737,4.13919,1.71327,0.06207,4.00512,1.59669,0.25086,3.92434,1.24341,0.27209,3.94812,1.04060,0.27493,4.18535,1.12395,0.21307,4.10759,1.32097,0.22257,4.10249,1.48557,0.20815,3.97522,1.46983,0.39460,3.99300,1.53121,0.05378,3.95330,1.37655,-0.00724,3.90863,1.15960,-0.01123,3.89481,1.15439,0.06327,3.93639,0.96450,-0.04730,3.94732,0.87696,-0.05985,3.99779,0.87975,-0.01009,3.96978,0.80022,-0.05430,4.11246,1.53822,0.39823,4.13477,1.40341,0.47575,4.12679,1.18554,0.51806,4.08265,1.17137,0.44990,4.18805,1.09847,0.53088,4.26723,0.94928,0.51975,4.29880,0.96504,0.45351,4.32431,0.89082,0.50736,4.11491,1.05521,0.10243,4.17467,1.05574,0.35121,3.93742,1.05851,0.22817,3.96205,1.06687,0.32271,4.03989,0.95989,0.06219,4.13658,0.76252,0.06344,4.23134,0.59228,0.09220,4.24181,0.28112,0.10176,4.25860,0.10561,0.14268,4.24181,0.06472,0.23040,4.47618,0.06184,0.07383,4.34924,0.04224,0.05059,4.10048,0.94267,0.43541,4.08849,0.64943,0.40243,4.06183,0.53970,0.39182,3.91196,0.44206,0.41725,3.73299,0.18838,0.39742,3.66919,0.16520,0.33239,3.89666,0.05745,0.37785,3.79473,0.04294,0.45599,0.00000,0.00000,0.00000,0.00000,0.00000,0.00000,0.00000,0.00000,0.00000,0.00000,0.00000,0.00000,0.00000,0.00000,0.00000,0.00000,0.00000,0.00000
6.29000,  630,4.03935,1.73475,0.12670,4.15835,1.79863,0.09277,4.19270,1.73872,0.22306,4.14660,1.71372,0.05813,4.01398,1.59728,0.24804,3.93480,1.24368,0.26954,3.95893,1.04049,0.27149,4.19576,1.12564,0.21108,4.11755,1.32230,0.21924,4.11171,1.48673,0.20474,3.98579,1.47067,0.39226,4.00095,1.53184,0.05126,3.96125,1.37720,-0.00940,3.91768,1.16010,-0.01309,3.90488,1.15489,0.06192,3.94729,0.96506,-0.04928,3.95907,0.87759,-0.06170,4.01001,0.88104,-0.01267,3.98270,0.80119,-0.05666,4.12271,1.53965,0.39475,4.14576,1.40511,0.47216,4.13784,1.18730,0.51437,4.09244,1.17359,0.44633,4.19775,1.09974,0.52688,4.27432,0.94864,0.51595,4.30574,0.96384,0.44936,4.33070,0.88924,0.50298,4.12516,1.05749,0.09964,4.18519,1.05637,0.34767,3.94772,1.05949,0.22518,3.97264,1.06694,0.31984,4.04930,0.96174,0.05829,4.14795,0.76519,0.05965,4.23996,0.59273,0.08949,4.24704,0.28146,0.10091,4.26003,0.10592,0.14261,4.24213,0.06481,0.23038,4.47681,0.06019,0.07367,4.34928,0.04205,0.05046,4.11337,0.94142,0.43084,4.10898,0.64786,0.39886,4.08434,0.53778,0.38883,3.93310,0.44366,0.41586,3.74655,0.19758,0.39856,3.68148,0.17937,0.33302,3.89836,0.05654,0.37831,3.79726,0.04764,0.45611,0.00000,0.00000,0.00000,0.00000,0.00000,0.00000,0.00000,0.00000,0.00000,0.00000,0.00000,0.00000,0.00000,0.00000,0.00000,0.00000,0.00000,0.00000
6.30000,  631,4.04707,1.73518,0.12367,4.16569,1.79917,0.08877,4.20093,1.73966,0.21895,4.15396,1.71417,0.05429,4.02264,1.59775,0.24513,3.94502,1.24410,0.26724,3.96928,1.04042,0.26829,4.20591,1.12704,0.20888,4.12727,1.32336,0.21621,4.12081,1.48767,0.20155,3.99604,1.47130,0.38971,4.00895,1.53243,0.04872,3.96914,1.37787,-0.01160,3.92654,1.16051,-0.01491,3.91469,1.15548,0.06025,3.95836,0.96559,-0.05135,3.97104,0.87820,-0.06380,4.02248,0.88239,-0.01540,3.99577,0.80216,-0.05891,4.13277,1.54110,0.39135,4.15682,1.40677,0.46877,4.14857,1.18884,0.51066,4.10185,1.17529,0.44281,4.20764,1.10093,0.52276,4.28234,0.94880,0.51259,4.31268,0.96270,0.44520,4.33714,0.88775,0.49863,4.13499,1.05943,0.09672,4.19550,1.05669,0.34386,3.95757,1.06027,0.22217,3.98311,1.06685,0.31688,4.05832,0.96286,0.05471,4.15734,0.76649,0.05655,4.24694,0.59260,0.08682,4.25115,0.28162,0.10070,4.26118,0.10605,0.14298,4.24248,0.06475,0.23055,4.47714,0.05925,0.07366,4.34937,0.04208,0.05046,4.12632,0.94004,0.42618,4.12922,0.64619,0.39526,4.10715,0.53600,0.38594,3.95513,0.44486,0.41492,3.76050,0.20743,0.39829,3.69526,0.19440,0.33327,3.90130,0.05510,0.37920,3.80093,0.05446,0.45639,0.00000,0.00000,0.00000,0.00000,0.00000,0.00000,0.00000,0.00000,0.00000,0.00000,0.00000,0.00000,0.00000,0.00000,0.00000,0.00000,0.00000,0.00000
6.31000,  632,4.05465,1.73562,0.12060,4.17277,1.79985,0.08487,4.20918,1.74073,0.21490,4.16103,1.71473,0.05071,4.03124,1.59827,0.24256,3.95510,1.24447,0.26496,3.97934,1.04051,0.26560,4.21579,1.12806,0.20630,4.13697,1.32429,0.21320,4.12977,1.48858,0.19847,4.00623,1.47197,0.38760,4.01694,1.53292,0.04632,3.97708,1.37843,-0.01375,3.93537,1.16097,-0.01698,3.92438,1.15598,0.05831,3.96950,0.96607,-0.05359,3.98322,0.87885,-0.06603,4.03521,0.88382,-0.01833,4.00924,0.80316,-0.06138,4.14263,1.54232,0.38813,4.16727,1.40810,0.46537,4.15944,1.19025,0.50703,4.11168,1.17687,0.43949,4.21727,1.10186,0.51879,4.29031,0.94877,0.50929,4.31963,0.96156,0.44104,4.34391,0.88623,0.49406,4.14448,1.06091,0.09368,4.20582,1.05676,0.33986,3.96749,1.06126,0.21965,3.99347,1.06670,0.31410,4.06704,0.96375,0.05122,4.16471,0.76619,0.05409,4.25287,0.59187,0.08428,4.25400,0.28152,0.10068,4.26209,0.10635,0.14326,4.24272,0.06461,0.23063,4.47739,0.05857,0.07373,4.34946,0.04208,0.05051,4.13966,0.93888,0.42161,4.14975,0.64519,0.39155,4.12981,0.53462,0.38275,3.97741,0.44577,0.41419,3.77562,0.21779,0.39782,3.71066,0.20987,0.33323,3.90495,0.05370,0.37907,3.80579,0.06284,0.45649,0.00000,0.00000,0.00000,0.00000,0.00000,0.00000,0.00000,0.00000,0.00000,0.00000,0.00000,0.00000,0.00000,0.00000,0.00000,0.00000,0.00000,0.00000
6.32000,  633,4.06196,1.73600,0.11801,4.17969,1.80070,0.08107,4.21727,1.74198,0.21102,4.16790,1.71547,0.04718,4.03974,1.59886,0.23984,3.96490,1.24478,0.26252,3.98911,1.04081,0.26327,4.22530,1.12864,0.20315,4.14635,1.32506,0.21034,4.13873,1.48951,0.19553,4.01611,1.47242,0.38489,4.02480,1.53330,0.04398,3.98513,1.37888,-0.01604,3.94417,1.16116,-0.01904,3.93399,1.15624,0.05659,3.98069,0.96651,-0.05593,3.99562,0.87942,-0.06831,4.04818,0.88539,-0.02135,4.02301,0.80428,-0.06401,4.15232,1.54329,0.38513,4.17789,1.40919,0.46205,4.16965,1.19107,0.50333,4.12121,1.17801,0.43607,4.22682,1.10255,0.51513,4.29851,0.94855,0.50579,4.32661,0.96037,0.43697,4.35056,0.88467,0.48967,4.15331,1.06199,0.09072,4.21598,1.05665,0.33570,3.97673,1.06207,0.21675,4.00351,1.06679,0.31161,4.07560,0.96480,0.04757,4.17052,0.76518,0.05211,4.25835,0.59082,0.08214,4.25586,0.28133,0.10079,4.26285,0.10642,0.14372,4.24292,0.06450,0.23067,4.47761,0.05808,0.07378,4.34951,0.04210,0.05050,4.15229,0.93780,0.41708,4.16970,0.64440,0.38762,4.15214,0.53384,0.37931,3.99978,0.44698,0.41326,3.79232,0.22752,0.39747,3.72758,0.22520,0.33278,3.90890,0.05230,0.37917,3.81204,0.07234,0.45650,0.00000,0.00000,0.00000,0.00000,0.00000,0.00000,0.00000,0.00000,0.00000,0.00000,0.00000,0.00000,0.00000,0.00000,0.00000,0.00000,0.00000,0.00000
6.33000,  634,4.06934,1.73653,0.11534,4.18633,1.80165,0.07752,4.22527,1.74335,0.20721,4.17478,1.71633,0.04390,4.04821,1.59958,0.23721,3.97450,1.24535,0.26046,3.99270,1.04081,0.26295,4.23458,1.12887,0.19944,4.15559,1.32572,0.20758,4.14759,1.49042,0.19257,4.02575,1.47315,0.38285,4.03265,1.53381,0.04160,3.99318,1.37919,-0.01818,3.95292,1.16139,-0.02131,3.94330,1.15647,0.05404,3.99196,0.96687,-0.05844,4.00807,0.88006,-0.07067,4.06114,0.88694,-0.02449,4.03692,0.80547,-0.06674,4.16191,1.54427,0.38213,4.18821,1.40998,0.45866,4.17963,1.19164,0.49963,4.13045,1.17915,0.43321,4.23638,1.10287,0.51142,4.30654,0.94814,0.50241,4.33352,0.95913,0.43288,4.35761,0.88325,0.48524,4.16135,1.06277,0.08795,4.22596,1.05640,0.33147,3.98599,1.06345,0.21449,4.01297,1.06701,0.30922,4.08386,0.96594,0.04430,4.17516,0.76435,0.05108,4.26346,0.58993,0.08036,4.25696,0.28099,0.10089,4.26340,0.10651,0.14405,4.24297,0.06434,0.23066,4.47780,0.05761,0.07378,4.34950,0.04210,0.05044,4.16452,0.93690,0.41279,4.18968,0.64441,0.38379,4.17419,0.53374,0.37542,4.02213,0.44913,0.41186,3.80965,0.23727,0.39601,3.74649,0.24025,0.33202,3.91405,0.05080,0.38020,3.82001,0.08233,0.45633,0.00000,0.00000,0.00000,0.00000,0.00000,0.00000,0.00000,0.00000,0.00000,0.00000,0.00000,0.00000,0.00000,0.00000,0.00000,0.00000,0.00000,0.00000
6.34000,  635,4.07663,1.73710,0.11292,4.19300,1.80283,0.07421,4.23319,1.74476,0.20363,4.18152,1.71734,0.04069,4.05741,1.59984,0.23539,3.98397,1.24616,0.25868,4.00163,1.04143,0.26049,4.24361,1.12885,0.19526,4.16467,1.32645,0.20488,4.15626,1.49137,0.18989,4.03528,1.47369,0.38066,4.04041,1.53436,0.03940,4.00145,1.37958,-0.02040,3.96178,1.16151,-0.02374,3.95251,1.15662,0.05155,4.00328,0.96731,-0.06081,4.02071,0.88077,-0.07308,4.07413,0.88864,-0.02753,4.05113,0.80687,-0.06964,4.17151,1.54502,0.37943,4.19829,1.41057,0.45554,4.19001,1.19221,0.49628,4.13955,1.17969,0.43043,4.24553,1.10302,0.50799,4.31461,0.94769,0.49891,4.34044,0.95792,0.42886,4.36438,0.88184,0.48090,4.16948,1.06353,0.08466,4.23573,1.05638,0.32725,3.99464,1.06475,0.21234,4.02251,1.06755,0.30697,4.09195,0.96742,0.04131,4.17971,0.76410,0.04938,4.26798,0.58963,0.07851,4.25766,0.28058,0.10083,4.26378,0.10659,0.14427,4.24331,0.06438,0.23084,4.47791,0.05730,0.07368,4.34950,0.04204,0.05045,4.17557,0.93638,0.40883,4.20902,0.64527,0.37991,4.19573,0.53431,0.37122,4.04411,0.45201,0.40976,3.82768,0.24683,0.39467,3.76675,0.25469,0.33082,3.91991,0.04897,0.38040,3.82956,0.09257,0.45550,0.00000,0.00000,0.00000,0.00000,0.00000,0.00000,0.00000,0.00000,0.00000,0.00000,0.00000,0.00000,0.00000,0.00000,0.00000,0.00000,0.00000,0.00000
6.35000,  636,4.08384,1.73776,0.11060,4.19961,1.80409,0.07093,4.24104,1.74622,0.20012,4.18834,1.71857,0.03759,4.06632,1.60091,0.23343,3.99306,1.24700,0.25660,4.01037,1.04271,0.25899,4.25223,1.12873,0.19057,4.17359,1.32725,0.20222,4.16487,1.49231,0.18722,4.04465,1.47452,0.37858,4.04807,1.53505,0.03724,4.00963,1.38000,-0.02240,3.97083,1.16182,-0.02615,3.96159,1.15671,0.04860,4.01466,0.96790,-0.06333,4.03326,0.88166,-0.07548,4.08710,0.89054,-0.03075,4.06516,0.80844,-0.07253,4.18109,1.54582,0.37668,4.20819,1.41096,0.45250,4.20003,1.19275,0.49297,4.14884,1.18019,0.42744,4.25477,1.10303,0.50454,4.32239,0.94713,0.49532,4.34748,0.95677,0.42479,4.37160,0.88071,0.47666,4.17718,1.06433,0.08122,4.24544,1.05644,0.32310,4.00315,1.06624,0.21077,4.03187,1.06840,0.30511,4.09949,0.96915,0.03840,4.18443,0.76450,0.04729,4.27193,0.58965,0.07679,4.25842,0.28039,0.10047,4.26400,0.10666,0.14434,4.24320,0.06420,0.23062,4.47796,0.05711,0.07361,4.34946,0.04196,0.05033,4.18611,0.93595,0.40503,4.22778,0.64650,0.37601,4.21747,0.53551,0.36694,4.06625,0.45574,0.40721,3.84609,0.25637,0.39299,3.78703,0.26736,0.32892,3.92613,0.04599,0.37999,3.84082,0.10261,0.45431,0.00000,0.00000,0.00000,0.00000,0.00000,0.00000,0.00000,0.00000,0.00000,0.00000,0.00000,0.00000,0.00000,0.00000,0.00000,0.00000,0.00000,0.00000
6.36000,  637,4.09119,1.73856,0.10832,4.20620,1.80541,0.06792,4.24887,1.74782,0.19684,4.19515,1.71988,0.03465,4.07489,1.60184,0.23119,4.00210,1.24806,0.25492,4.01902,1.04396,0.25732,4.26046,1.12868,0.18575,4.18220,1.32816,0.19964,4.17335,1.49328,0.18459,4.05405,1.47531,0.37605,4.05548,1.53591,0.03530,4.01786,1.38070,-0.02447,3.98003,1.16223,-0.02873,3.97065,1.15700,0.04596,4.02605,0.96871,-0.06586,4.04566,0.88262,-0.07790,4.09995,0.89263,-0.03393,4.07932,0.81029,-0.07553,4.19071,1.54672,0.37400,4.21785,1.41140,0.44958,4.20970,1.19307,0.48952,4.15857,1.18282,0.42627,4.26359,1.10304,0.50124,4.33014,0.94657,0.49165,4.35458,0.95582,0.42081,4.37858,0.87977,0.47274,4.18425,1.06490,0.07765,4.25497,1.05682,0.31903,4.01141,1.06789,0.20921,4.04105,1.06941,0.30343,4.10655,0.97105,0.03557,4.18953,0.76514,0.04524,4.27575,0.58972,0.07495,4.25935,0.28054,0.09994,4.26416,0.10672,0.14430,4.24313,0.06424,0.23061,4.47791,0.05694,0.07348,4.34939,0.04186,0.05022,4.19570,0.93596,0.40146,4.24610,0.64819,0.37219,4.23883,0.53712,0.36259,4.08860,0.45978,0.40413,3.86537,0.26582,0.39105,3.80646,0.27829,0.32599,3.93267,0.04211,0.37922,3.85384,0.11205,0.45311,0.00000,0.00000,0.00000,0.00000,0.00000,0.00000,0.00000,0.00000,0.00000,0.00000,0.00000,0.00000,0.00000,0.00000,0.00000,0.00000,0.00000,0.00000
6.37000,  638,4.09839,1.73947,0.10623,4.21280,1.80685,0.06515,4.25669,1.74946,0.19371,4.20200,1.72133,0.03177,4.08361,1.60292,0.22939,4.01099,1.24939,0.25366,4.02732,1.04512,0.25569,4.26842,1.12873,0.18077,4.19072,1.32917,0.19691,4.18176,1.49441,0.18202,4.06330,1.47634,0.37400,4.06290,1.53702,0.03342,4.02590,1.38162,-0.02635,3.98938,1.16297,-0.03115,3.97971,1.15738,0.04309,4.03742,0.96972,-0.06836,4.05802,0.88391,-0.08040,4.11267,0.89490,-0.03714,4.09333,0.81242,-0.07875,4.20037,1.54763,0.37137,4.22733,1.41199,0.44686,4.21929,1.19364,0.48606,4.16822,1.18375,0.42364,4.27252,1.10322,0.49773,4.33754,0.94614,0.48809,4.36169,0.95514,0.41691,4.38542,0.87902,0.46898,4.19076,1.06541,0.07426,4.26426,1.05752,0.31514,4.01944,1.06948,0.20840,4.04998,1.07068,0.30200,4.11272,0.97265,0.03317,4.19488,0.76606,0.04309,4.27944,0.58971,0.07315,4.26051,0.28075,0.09927,4.26426,0.10679,0.14422,4.24311,0.06432,0.23046,4.47790,0.05684,0.07339,4.34932,0.04170,0.05006,4.20509,0.93634,0.39814,4.26360,0.65002,0.36818,4.26004,0.53910,0.35792,4.11081,0.46415,0.40087,3.88378,0.27385,0.38890,3.82622,0.28664,0.32442,3.94416,0.04171,0.38091,3.86842,0.11998,0.45237,0.00000,0.00000,0.00000,0.00000,0.00000,0.00000,0.00000,0.00000,0.00000,0.00000,0.00000,0.00000,0.00000,0.00000,0.00000,0.00000,0.00000,0.00000
6.38000,  639,4.10560,1.74043,0.10443,4.21951,1.80837,0.06240,4.26444,1.75111,0.19071,4.20879,1.72280,0.02914,4.09217,1.60420,0.22772,4.01971,1.25075,0.25262,4.03567,1.04676,0.25488,4.27601,1.12902,0.17599,4.19913,1.33046,0.19412,4.18999,1.49557,0.17962,4.07272,1.47791,0.37506,4.07001,1.53833,0.03168,4.03374,1.38282,-0.02802,3.99877,1.16395,-0.03366,3.98903,1.15821,0.04080,4.04874,0.97107,-0.07086,4.07030,0.88542,-0.08294,4.12523,0.89750,-0.04048,4.10729,0.81492,-0.08215,4.21012,1.54871,0.36871,4.23695,1.41284,0.44412,4.22903,1.19448,0.48286,4.17774,1.18440,0.42024,4.28115,1.10361,0.49427,4.34500,0.94597,0.48439,4.36892,0.95471,0.41320,4.39251,0.87887,0.46547,4.19679,1.06570,0.07073,4.27332,1.05848,0.31129,4.02722,1.07115,0.20764,4.05874,1.07203,0.30069,4.11731,0.97352,0.03194,4.20010,0.76694,0.04106,4.28271,0.58966,0.07130,4.26184,0.28102,0.09822,4.26414,0.10680,0.14406,4.24298,0.06437,0.23037,4.47782,0.05678,0.07322,4.34919,0.04149,0.04984,4.21440,0.93715,0.39503,4.28106,0.65233,0.36409,4.28110,0.54166,0.35308,4.13255,0.46850,0.39750,3.90207,0.28092,0.38632,3.84472,0.29291,0.32109,3.96213,0.04915,0.38233,3.88586,0.12833,0.45215,0.00000,0.00000,0.00000,0.00000,0.00000,0.00000,0.00000,0.00000,0.00000,0.00000,0.00000,0.00000,0.00000,0.00000,0.00000,0.00000,0.00000,0.00000
6.39000,  640,4.11292,1.74159,0.10237,4.22617,1.80993,0.05984,4.27226,1.75280,0.18779,4.21559,1.72434,0.02655,4.10064,1.60551,0.22593,4.02819,1.25222,0.25173,4.04388,1.04852,0.25402,4.28330,1.12968,0.17145,4.20740,1.33179,0.19127,4.19822,1.49697,0.17714,4.08179,1.47909,0.37301,4.07709,1.53983,0.03014,4.04143,1.38435,-0.02975,4.00822,1.16527,-0.03620,3.99817,1.15921,0.03817,4.06005,0.97279,-0.07338,4.08254,0.88723,-0.08557,4.13764,0.90031,-0.04375,4.12104,0.81775,-0.08565,4.21986,1.55004,0.36604,4.24654,1.41399,0.44131,4.23822,1.19553,0.47941,4.18710,1.18545,0.41733,4.28993,1.10439,0.49086,4.35210,0.94599,0.48077,4.37615,0.95461,0.40964,4.39937,0.87885,0.46213,4.20238,1.06613,0.06714,4.28229,1.05977,0.30743,4.03485,1.07279,0.20717,4.06695,1.07357,0.29958,4.12199,0.97453,0.03022,4.20495,0.76793,0.03904,4.28557,0.58969,0.06948,4.26326,0.28121,0.09704,4.26400,0.10679,0.14381,4.24292,0.06453,0.23028,4.47774,0.05672,0.07304,4.34902,0.04125,0.04950,4.22386,0.93835,0.39220,4.29832,0.65499,0.35978,4.30174,0.54478,0.34780,4.15367,0.47361,0.39376,3.92082,0.28750,0.38311,3.86311,0.29781,0.31749,3.98448,0.05771,0.38346,3.90630,0.13604,0.45145,0.00000,0.00000,0.00000,0.00000,0.00000,0.00000,0.00000,0.00000,0.00000,0.00000,0.00000,0.00000,0.00000,0.00000,0.00000,0.00000,0.00000,0.00000
6.40000,  641,4.12016,1.74283,0.10073,4.23290,1.81152,0.05728,4.28008,1.75456,0.18492,4.22238,1.72596,0.02411,4.10921,1.60702,0.22431,4.03668,1.25379,0.25073,4.05189,1.05038,0.25355,4.29027,1.13074,0.16726,4.21547,1.33325,0.18864,4.20620,1.49844,0.17467,4.09069,1.48040,0.37090,4.08397,1.54152,0.02870,4.04891,1.38608,-0.03127,4.01755,1.16673,-0.03847,4.00736,1.16064,0.03608,4.07134,0.97487,-0.07607,4.09465,0.88954,-0.08834,4.14991,0.90351,-0.04715,4.13459,0.82095,-0.08935,4.22953,1.55144,0.36352,4.25618,1.41519,0.43860,4.24747,1.19668,0.47630,4.19652,1.18666,0.41408,4.29849,1.10527,0.48724,4.35934,0.94640,0.47718,4.38357,0.95487,0.40613,4.40620,0.87896,0.45888,4.20755,1.06660,0.06373,4.29122,1.06138,0.30343,4.04216,1.07401,0.20606,4.07615,1.07529,0.29892,4.12615,0.97536,0.02869,4.20863,0.76842,0.03774,4.28800,0.58975,0.06768,4.26473,0.28137,0.09606,4.26385,0.10680,0.14343,4.24274,0.06472,0.23009,4.47766,0.05672,0.07286,4.34887,0.04099,0.04913,4.23330,0.94005,0.38906,4.31518,0.65792,0.35520,4.32144,0.54857,0.34250,4.17409,0.47915,0.38917,3.94027,0.29282,0.37978,3.88176,0.30086,0.31436,4.00881,0.06492,0.38360,3.92946,0.14254,0.45086,0.00000,0.00000,0.00000,0.00000,0.00000,0.00000,0.00000,0.00000,0.00000,0.00000,0.00000,0.00000,0.00000,0.00000,0.00000,0.00000,0.00000,0.00000
6.41000,  642,4.12744,1.74436,0.09907,4.23964,1.81330,0.05495,4.28795,1.75645,0.18218,4.22912,1.72769,0.02179,4.11751,1.60856,0.22276,4.04490,1.25561,0.25022,4.05982,1.05255,0.25366,4.29711,1.13227,0.16338,4.22347,1.33490,0.18588,4.21419,1.50010,0.17227,4.09937,1.48140,0.36881,4.09075,1.54340,0.02735,4.05632,1.38800,-0.03270,4.02661,1.16847,-0.04053,4.01648,1.16196,0.03395,4.08256,0.97731,-0.07880,4.10667,0.89211,-0.09124,4.16199,0.90685,-0.05048,4.14795,0.82440,-0.09308,4.23916,1.55307,0.36090,4.26594,1.41665,0.43574,4.25714,1.19817,0.47338,4.20596,1.18852,0.41151,4.30723,1.10646,0.48372,4.36662,0.94714,0.47363,4.39105,0.95541,0.40262,4.41330,0.87958,0.45564,4.21240,1.06746,0.06039,4.30004,1.06322,0.29934,4.04948,1.07549,0.20579,4.08511,1.07761,0.29812,4.13068,0.97653,0.02692,4.21212,0.76904,0.03642,4.29009,0.58989,0.06617,4.26585,0.28149,0.09551,4.26364,0.10684,0.14313,4.24256,0.06489,0.22994,4.47757,0.05671,0.07270,4.34871,0.04075,0.04884,4.25774,0.94832,0.38529,4.33151,0.66132,0.35064,4.34062,0.55305,0.33688,4.19341,0.48455,0.38350,3.96049,0.29666,0.37666,3.90080,0.30224,0.31177,4.03481,0.07106,0.38323,3.95405,0.14744,0.45038,0.00000,0.00000,0.00000,0.00000,0.00000,0.00000,0.00000,0.00000,0.00000,0.00000,0.00000,0.00000,0.00000,0.00000,0.00000,0.00000,0.00000,0.00000
6.42000,  643,4.13464,1.74598,0.09763,4.24657,1.81518,0.05253,4.29578,1.75836,0.17944,4.23579,1.72959,0.01950,4.12587,1.61043,0.22117,4.05304,1.25764,0.24987,4.06757,1.05466,0.25324,4.30382,1.13405,0.15969,4.23116,1.33667,0.18329,4.22197,1.50183,0.16997,4.10898,1.48312,0.36709,4.09735,1.54535,0.02606,4.06357,1.39007,-0.03408,4.03552,1.17034,-0.04254,4.02523,1.16369,0.03190,4.09364,0.97983,-0.08149,4.11854,0.89496,-0.09419,4.17450,0.91068,-0.05435,4.16115,0.82828,-0.09698,4.24899,1.55485,0.35825,4.27577,1.41830,0.43289,4.26622,1.19985,0.47023,4.21513,1.19028,0.40855,4.31598,1.10789,0.48024,4.37387,0.94805,0.47017,4.39847,0.95619,0.39917,4.42039,0.88034,0.45237,4.21703,1.06870,0.05731,4.30873,1.06523,0.29518,4.05782,1.07678,0.20651,4.09308,1.07978,0.29734,4.13417,0.97740,0.02581,4.21521,0.76984,0.03505,4.29199,0.59004,0.06478,4.26686,0.28173,0.09488,4.26345,0.10686,0.14287,4.24241,0.06508,0.22978,4.47741,0.05670,0.07254,4.34852,0.04057,0.04865,4.26651,0.95010,0.38220,4.34780,0.66520,0.34607,4.35904,0.55792,0.33111,4.21279,0.48981,0.37692,3.98151,0.29893,0.37426,3.92046,0.30235,0.30971,4.06150,0.07584,0.38197,3.97968,0.15082,0.44946,0.00000,0.00000,0.00000,0.00000,0.00000,0.00000,0.00000,0.00000,0.00000,0.00000,0.00000,0.00000,0.00000,0.00000,0.00000,0.00000,0.00000,0.00000
6.43000,  644,4.14183,1.74783,0.09637,4.25321,1.81709,0.05031,4.30367,1.76030,0.17675,4.24240,1.73150,0.01724,4.13404,1.61224,0.21961,4.06101,1.25968,0.24933,4.07712,1.05678,0.25346,4.31025,1.13612,0.15608,4.23875,1.33852,0.18074,4.22971,1.50366,0.16760,4.11879,1.48498,0.36555,4.10391,1.54745,0.02473,4.07066,1.39218,-0.03537,4.04409,1.17224,-0.04450,4.03381,1.16525,0.03037,4.10459,0.98251,-0.08411,4.13035,0.89812,-0.09716,4.18561,0.91417,-0.05713,4.17409,0.83226,-0.10090,4.25865,1.55671,0.35557,4.28564,1.42004,0.43006,4.27498,1.20133,0.46672,4.22399,1.19218,0.40553,4.32446,1.10932,0.47677,4.38132,0.94911,0.46654,4.40589,0.95711,0.39564,4.42744,0.88130,0.44902,4.22146,1.07023,0.05445,4.31733,1.06727,0.29079,4.06469,1.07841,0.20703,4.10085,1.08169,0.29668,4.13817,0.97868,0.02457,4.21845,0.77073,0.03363,4.29357,0.59006,0.06358,4.26747,0.28196,0.09443,4.26322,0.10694,0.14258,4.24232,0.06525,0.22968,4.47734,0.05675,0.07235,4.34832,0.04025,0.04846,4.27605,0.95213,0.37925,4.36195,0.66826,0.34051,4.37696,0.56304,0.32509,4.23158,0.49424,0.36976,4.00314,0.29982,0.37176,3.94092,0.30115,0.30815,4.08855,0.07904,0.38001,4.00609,0.15264,0.44838,0.00000,0.00000,0.00000,0.00000,0.00000,0.00000,0.00000,0.00000,0.00000,0.00000,0.00000,0.00000,0.00000,0.00000,0.00000,0.00000,0.00000,0.00000
6.44000,  645,4.14900,1.74982,0.09497,4.26002,1.81911,0.04812,4.31155,1.76216,0.17412,4.24889,1.73350,0.01502,4.14264,1.61436,0.21848,4.06891,1.26179,0.24897,4.08550,1.05891,0.25383,4.31647,1.13841,0.15247,4.24630,1.34055,0.17819,4.23740,1.50560,0.16523,4.12913,1.48721,0.36451,4.11023,1.54961,0.02357,4.07751,1.39435,-0.03657,4.05217,1.17430,-0.04625,4.04224,1.16687,0.02884,4.11524,0.98549,-0.08670,4.14196,0.90147,-0.10006,4.19720,0.91820,-0.06041,4.18671,0.83652,-0.10476,4.26832,1.55862,0.35289,4.29537,1.42186,0.42710,4.28426,1.20304,0.46388,4.23263,1.19452,0.40311,4.33321,1.11092,0.47339,4.38884,0.95034,0.46296,4.41337,0.95822,0.39204,4.43476,0.88236,0.44546,4.22581,1.07201,0.05198,4.32577,1.06938,0.28654,4.07118,1.08057,0.20686,4.10859,1.08343,0.29638,4.14211,0.97999,0.02348,4.21994,0.77073,0.03348,4.29475,0.59010,0.06268,4.26759,0.28231,0.09423,4.26298,0.10693,0.14241,4.24221,0.06543,0.22958,4.47720,0.05673,0.07222,4.34828,0.04019,0.04829,4.28599,0.95438,0.37587,4.37740,0.67204,0.33553,4.39414,0.56821,0.31877,4.25056,0.49830,0.36262,4.02536,0.29916,0.36996,3.96197,0.29889,0.30693,4.11601,0.08038,0.37753,4.03329,0.15259,0.44673,0.00000,0.00000,0.00000,0.00000,0.00000,0.00000,0.00000,0.00000,0.00000,0.00000,0.00000,0.00000,0.00000,0.00000,0.00000,0.00000,0.00000,0.00000
6.45000,  646,4.15606,1.75186,0.09381,4.26678,1.82110,0.04591,4.31931,1.76403,0.17144,4.25535,1.73557,0.01288,4.15060,1.61619,0.21679,4.07643,1.26379,0.24865,4.09327,1.06093,0.25392,4.32259,1.14081,0.14869,4.25379,1.34259,0.17586,4.24496,1.50754,0.16286,4.13908,1.48930,0.36335,4.11644,1.55183,0.02249,4.08410,1.39661,-0.03764,4.05998,1.17635,-0.04787,4.05011,1.16864,0.02702,4.12562,0.98842,-0.08912,4.15340,0.90508,-0.10285,4.20864,0.92236,-0.06364,4.19919,0.84104,-0.10869,4.27786,1.56054,0.35020,4.30526,1.42372,0.42422,4.29361,1.20510,0.46097,4.24113,1.19639,0.40035,4.34183,1.11251,0.47010,4.39657,0.95178,0.45923,4.42093,0.95947,0.38825,4.44216,0.88353,0.44178,4.23004,1.07396,0.04973,4.33409,1.07152,0.28233,4.07761,1.08273,0.20710,4.11641,1.08573,0.29607,4.14592,0.98135,0.02261,4.22188,0.77114,0.03287,4.29568,0.59019,0.06174,4.26707,0.28261,0.09459,4.26279,0.10698,0.14229,4.24207,0.06561,0.22947,4.47715,0.05674,0.07208,4.34816,0.03999,0.04811,4.29604,0.95658,0.37263,4.39226,0.67571,0.33008,4.41084,0.57326,0.31227,4.26933,0.50149,0.35549,4.04804,0.29707,0.36796,3.98364,0.29526,0.30598,4.14374,0.08061,0.37419,4.06054,0.15070,0.44460,0.00000,0.00000,0.00000,0.00000,0.00000,0.00000,0.00000,0.00000,0.00000,0.00000,0.00000,0.00000,0.00000,0.00000,0.00000,0.00000,0.00000,0.00000
6.46000,  647,4.16327,1.75396,0.09231,4.27350,1.82310,0.04379,4.32703,1.76585,0.16879,4.26164,1.73762,0.01081,4.15927,1.61815,0.21587,4.08376,1.26592,0.24853,4.10109,1.06299,0.25416,4.32831,1.14315,0.14487,4.26022,1.34438,0.17431,4.25240,1.50939,0.16050,4.14903,1.49124,0.36191,4.12242,1.55398,0.02152,4.09032,1.39884,-0.03860,4.06744,1.17852,-0.04947,4.05800,1.17046,0.02562,4.13569,0.99154,-0.09149,4.16455,0.90881,-0.10559,4.21987,0.92670,-0.06671,4.21130,0.84572,-0.11247,4.28744,1.56244,0.34744,4.31517,1.42560,0.42128,4.30305,1.20699,0.45821,4.24963,1.19855,0.39819,4.35051,1.11405,0.46680,4.40446,0.95311,0.45559,4.42852,0.96066,0.38443,4.44980,0.88470,0.43786,4.23418,1.07591,0.04772,4.34236,1.07364,0.27821,4.08523,1.08563,0.20719,4.12413,1.08770,0.29553,4.15041,0.98307,0.02138,4.22391,0.77163,0.03181,4.29631,0.59026,0.06089,4.26596,0.28298,0.09524,4.26259,0.10700,0.14220,4.24211,0.06592,0.22945,4.47702,0.05675,0.07194,4.34802,0.03981,0.04787,4.30599,0.95860,0.36917,4.40656,0.67993,0.32405,4.42681,0.57823,0.30546,4.28758,0.50400,0.34878,4.07114,0.29365,0.36607,4.00578,0.29043,0.30566,4.17250,0.07985,0.37001,4.08873,0.14729,0.44194,0.00000,0.00000,0.00000,0.00000,0.00000,0.00000,0.00000,0.00000,0.00000,0.00000,0.00000,0.00000,0.00000,0.00000,0.00000,0.00000,0.00000,0.00000
6.47000,  648,4.17013,1.75597,0.09128,4.28008,1.82510,0.04175,4.33473,1.76757,0.16621,4.26795,1.73964,0.00870,4.16711,1.61993,0.21450,4.09130,1.26777,0.24822,4.10874,1.06581,0.25430,4.33407,1.14547,0.14077,4.26752,1.34629,0.17211,4.25978,1.51123,0.15806,4.15879,1.49294,0.36040,4.12823,1.55609,0.02050,4.09615,1.40104,-0.03945,4.07446,1.18059,-0.05085,4.06550,1.17214,0.02476,4.14542,0.99461,-0.09367,4.17548,0.91270,-0.10817,4.23069,0.93117,-0.06976,4.22311,0.85048,-0.11608,4.29699,1.56426,0.34461,4.32489,1.42743,0.41827,4.31505,1.20989,0.45781,4.25823,1.20094,0.39561,4.35934,1.11557,0.46373,4.41271,0.95455,0.45184,4.43621,0.96187,0.38051,4.45750,0.88581,0.43376,4.23819,1.07762,0.04598,4.35053,1.07580,0.27412,4.09248,1.08623,0.20742,4.13180,1.08998,0.29519,4.15144,0.98329,0.02163,4.22692,0.77228,0.02981,4.29681,0.59039,0.06010,4.26484,0.28353,0.09540,4.26234,0.10715,0.14195,4.24184,0.06600,0.22917,4.47688,0.05674,0.07178,4.34780,0.03954,0.04769,4.31600,0.96066,0.36566,4.42038,0.68463,0.31782,4.44226,0.58301,0.29849,4.30556,0.50544,0.34265,4.09468,0.28926,0.36453,4.02822,0.28455,0.30549,4.20220,0.07805,0.36479,4.11790,0.14255,0.43876,0.00000,0.00000,0.00000,0.00000,0.00000,0.00000,0.00000,0.00000,0.00000,0.00000,0.00000,0.00000,0.00000,0.00000,0.00000,0.00000,0.00000,0.00000
6.48000,  649,4.17708,1.75788,0.09006,4.28660,1.82698,0.03971,4.34227,1.76920,0.16362,4.27408,1.74159,0.00663,4.17515,1.62156,0.21305,4.09861,1.26950,0.24812,4.11645,1.06782,0.25473,4.33962,1.14752,0.13675,4.27489,1.34813,0.16960,4.26711,1.51299,0.15559,4.16868,1.49497,0.35917,4.13388,1.55814,0.01967,4.10156,1.40324,-0.04018,4.08103,1.18260,-0.05211,4.07237,1.17392,0.02329,4.15468,0.99774,-0.09573,4.18591,0.91654,-0.11056,4.24121,0.93567,-0.07259,4.23457,0.85533,-0.11958,4.30653,1.56594,0.34174,4.33487,1.42917,0.41534,4.32491,1.21180,0.45514,4.26675,1.20289,0.39354,4.36839,1.11714,0.46058,4.42101,0.95577,0.44803,4.44393,0.96306,0.37655,4.46537,0.88678,0.42954,4.24219,1.07909,0.04428,4.35867,1.07788,0.27016,4.09963,1.08777,0.20817,4.13963,1.09214,0.29519,4.15552,0.98474,0.02075,4.22877,0.77159,0.02786,4.29715,0.59051,0.05953,4.26376,0.28391,0.09573,4.26205,0.10724,0.14170,4.24161,0.06617,0.22900,4.47682,0.05677,0.07164,4.34770,0.03939,0.04742,4.32561,0.96247,0.36227,4.43379,0.68934,0.31157,4.45708,0.58753,0.29142,4.32338,0.50631,0.33709,4.11852,0.28353,0.36329,4.05104,0.27741,0.30566,4.23271,0.07581,0.35825,4.14805,0.13637,0.43476,0.00000,0.00000,0.00000,0.00000,0.00000,0.00000,0.00000,0.00000,0.00000,0.00000,0.00000,0.00000,0.00000,0.00000,0.00000,0.00000,0.00000,0.00000
6.49000,  650,4.18375,1.75968,0.08901,4.29294,1.82879,0.03772,4.34970,1.77075,0.16096,4.27986,1.74338,0.00465,4.18316,1.62314,0.21210,4.10580,1.27142,0.24817,4.12388,1.06979,0.25512,4.34506,1.14927,0.13256,4.28204,1.34978,0.16709,4.27433,1.51462,0.15314,4.17843,1.49639,0.35781,4.13942,1.56016,0.01881,4.10647,1.40530,-0.04079,4.08720,1.18449,-0.05310,4.07901,1.17540,0.02254,4.16353,1.00081,-0.09763,4.19601,0.92029,-0.11291,4.25133,0.94022,-0.07536,4.24562,0.86014,-0.12286,4.31625,1.56745,0.33881,4.34476,1.43077,0.41233,4.33420,1.21317,0.45223,4.27523,1.20461,0.39110,4.37751,1.11838,0.45746,4.42964,0.95689,0.44427,4.45185,0.96420,0.37247,4.47346,0.88777,0.42503,4.24610,1.08025,0.04265,4.36669,1.07996,0.26617,4.10667,1.08920,0.20855,4.14765,1.09413,0.29487,4.15890,0.98587,0.02046,4.22994,0.77375,0.02769,4.29754,0.59060,0.05893,4.26296,0.28417,0.09604,4.26177,0.10727,0.14154,4.24149,0.06637,0.22889,4.47670,0.05681,0.07149,4.34756,0.03924,0.04724,4.33553,0.96434,0.35897,4.44676,0.69352,0.30498,4.47121,0.59176,0.28426,4.34062,0.50625,0.33184,4.14351,0.27669,0.36214,4.07418,0.26912,0.30617,4.26488,0.07365,0.35080,4.17904,0.12920,0.43000,0.00000,0.00000,0.00000,0.00000,0.00000,0.00000,0.00000,0.00000,0.00000,0.00000,0.00000,0.00000,0.00000,0.00000,0.00000,0.00000,0.00000,0.00000
